timeStampNs,gameTime,posX,posY,posZ,rotX,rotY,rotZ,
37013900,0.0000,-2.4270,0.0000,-0.4420,0.0000,0.0000,0.0000,
1004631700,0.0000,-2.4270,0.0574,-0.4420,0.0000,0.0000,0.0000,
1042129100,0.0000,-2.4270,0.0574,-0.4420,0.0000,0.0000,0.0000,
1072499000,0.0000,-2.4270,0.0574,-0.4420,0.0000,0.0000,0.0000,
1082021100,0.0000,-2.4270,0.0574,-0.4420,0.0000,0.0000,0.0000,
1095403600,0.0000,-2.4270,0.0574,-0.4420,0.0000,0.0000,0.0000,
1110110400,0.0000,-2.4270,0.0574,-0.4420,0.0000,0.0000,0.0000,
1123977800,0.0000,-2.4270,0.0574,-0.4420,0.0000,0.0000,0.0000,
1139020100,0.0000,-2.4270,0.0574,-0.4420,0.0000,0.0000,0.0000,
1150932400,0.0000,-2.4270,0.0574,-0.4420,0.0000,0.0000,0.0000,
1165186400,0.0000,-2.4270,0.0574,-0.4420,0.0000,0.0000,0.0000,
1179647400,0.0000,-2.4270,0.0574,-0.4420,0.0000,0.0000,0.0000,
1193164200,0.0000,-2.4270,0.0574,-0.4420,0.0000,0.0000,0.0000,
1206404100,0.0000,-2.4270,0.0574,-0.4420,0.0000,0.0000,0.0000,
1220668200,0.0000,-2.4270,0.0574,-0.4420,0.0000,0.0000,0.0000,
1235149200,0.0000,-2.4270,0.0574,-0.4420,0.0000,0.0000,0.0000,
1249065100,0.0000,-2.4270,0.0574,-0.4420,0.0000,0.0000,0.0000,
1261865000,0.0000,-2.4270,0.0574,-0.4420,0.0000,0.0000,0.0000,
1275956600,0.0000,-2.4270,0.0574,-0.4420,0.0000,0.0000,0.0000,
1290731200,0.0000,-2.4270,0.0574,-0.4420,0.0000,0.0000,0.0000,
1304844600,0.0000,-2.4270,0.0574,-0.4420,0.0000,0.0000,0.0000,
1317666800,0.0000,-2.4270,0.0574,-0.4420,0.0000,0.0000,0.0000,
1331852800,0.0000,-2.4270,0.0574,-0.4420,0.0000,0.0000,0.0000,
1346487600,0.0000,-2.4270,0.0574,-0.4420,0.0000,0.0000,0.0000,
1360340700,0.0000,-2.4270,0.0574,-0.4420,0.0000,0.0000,0.0000,
1373060000,0.0000,-2.4270,0.0574,-0.4420,0.0000,0.0000,0.0000,
1387283000,0.0000,-2.4270,0.0574,-0.4420,0.0000,0.0000,0.0000,
1402211600,0.0000,-2.4270,0.0574,-0.4420,0.0000,0.0000,0.0000,
1415928800,0.0000,-2.4270,0.0574,-0.4420,0.0000,0.0000,0.0000,
1428967900,0.0000,-2.4270,0.0574,-0.4420,0.0000,0.0000,0.0000,
1443726700,0.0000,-2.4270,0.0574,-0.4420,0.0000,0.0000,0.0000,
1457971800,0.0000,-2.4270,0.0574,-0.4420,0.0000,0.0000,0.0000,
1470985600,0.0000,-2.4270,0.0574,-0.4420,0.0000,90.0000,0.0000,
1484721500,0.0000,-2.4270,0.0574,-0.4420,0.0000,90.0000,0.0000,
1499677200,0.0000,-2.4270,0.0574,-0.4420,0.0000,90.0000,0.0000,
1513359600,0.0000,-2.4270,0.0574,-0.4420,0.0000,90.0000,0.0000,
1526634900,0.0000,-2.4270,0.0574,-0.4420,0.0000,90.0000,0.0000,
1540762200,0.0000,-2.4270,0.0574,-0.4420,0.0000,90.0000,0.0000,
1555562300,0.0000,-2.4270,0.0574,-0.4420,0.0000,90.0000,0.0000,
1569925300,0.0000,-2.4270,0.0574,-0.4420,0.0000,90.0000,0.0000,
1582199200,0.0000,-2.4270,0.0574,-0.4420,0.0000,90.0000,0.0000,
1596604600,0.0000,-2.4270,0.0574,-0.4420,0.0000,90.0000,0.0000,
1610867600,0.0000,-2.4270,0.0574,-0.4420,0.0000,90.0000,0.0000,
1625119000,0.0000,-2.4270,0.0574,-0.4420,0.0000,90.0000,0.0000,
1637886100,0.0000,-2.4270,0.0574,-0.4420,0.0000,90.0000,0.0000,
1652128300,0.0000,-2.4270,0.0574,-0.4420,0.0000,90.0000,0.0000,
1666816800,0.0000,-2.4270,0.0574,-0.4420,0.0000,90.0000,0.0000,
1680767100,0.0000,-2.4270,0.0574,-0.4420,0.0000,90.0000,0.0000,
1693519300,0.0000,-2.4270,0.0574,-0.4420,0.0000,90.0000,0.0000,
1707752500,0.0000,-2.4270,0.0574,-0.4420,0.0000,90.0000,0.0000,
1722279000,0.0000,-2.4270,0.0574,-0.4420,0.0000,90.0000,0.0000,
1736504100,0.0000,-2.4270,0.0574,-0.4420,0.0000,90.0000,0.0000,
1749066700,0.0000,-2.4270,0.0574,-0.4420,0.0000,90.0000,0.0000,
1763416500,0.0000,-2.4270,0.0574,-0.4420,0.0000,90.0000,0.0000,
1778110900,0.0000,-2.4270,0.0574,-0.4420,0.0000,90.0000,0.0000,
1797916900,0.0000,-2.4270,0.0574,-0.4420,0.0000,90.0000,0.0000,
1838427100,0.0000,-2.4270,0.0574,-0.4420,0.0000,90.0000,0.0000,
1862465700,0.0000,-2.4270,0.0574,-0.4420,0.0000,90.0000,0.0000,
1887339500,0.0000,-2.4270,0.0574,-0.4420,0.0000,90.0000,0.0000,
1978600600,0.0000,-2.4270,0.0574,-0.4420,0.0000,90.0000,0.0000,
2014366200,0.0000,-2.4270,0.0574,-0.4420,0.0000,90.0000,0.0000,
2042169900,0.0000,-2.4270,0.0574,-0.4420,0.0000,90.0000,0.0000,
2071453500,0.0000,-2.4270,0.0574,-0.4420,0.0000,90.0000,0.0000,
2099896500,0.0000,-2.4270,0.0574,-0.4420,0.0000,90.0000,0.0000,
2115529100,0.0000,-2.4270,0.0574,-0.4420,0.0000,90.0000,0.0000,
2128381800,0.0000,-2.4270,0.0574,-0.4420,0.0000,90.0000,0.0000,
2141403000,0.0000,-2.4270,0.0574,-0.4420,0.0000,90.0000,0.0000,
2155187500,0.0000,-2.4270,0.0574,-0.4420,0.0000,90.0000,0.0000,
2169435300,0.0000,-2.4270,0.0574,-0.4420,0.0000,90.0000,0.0000,
2183412700,0.0000,-2.4270,0.0574,-0.4420,0.0000,90.0000,0.0000,
2197512300,0.0000,-2.4270,0.0574,-0.4420,0.0000,90.0000,0.0000,
2211487700,0.0000,-2.4270,0.0574,-0.4420,0.0000,90.0000,0.0000,
2225128800,0.0000,-2.4270,0.0574,-0.4420,0.0000,90.0000,0.0000,
2239465200,0.0000,-2.4270,0.0574,-0.4420,0.0000,90.0000,0.0000,
2253237300,0.0000,-2.4270,0.0574,-0.4420,0.0000,90.0000,0.0000,
2267452200,0.0000,-2.4270,0.0574,-0.4420,0.0000,90.0000,0.0000,
2281363800,0.0000,-2.4270,0.0574,-0.4420,0.0000,90.0000,0.0000,
2295533200,0.0000,-2.4270,0.0574,-0.4420,0.0000,90.0000,0.0000,
2308871500,0.0000,-2.4270,0.0574,-0.4420,0.0000,90.0000,0.0000,
2323055600,0.0000,-2.4270,0.0574,-0.4420,0.0000,90.0000,0.0000,
2336381900,0.0000,-2.4270,0.0574,-0.4420,0.0000,90.0000,0.0000,
2350922900,0.0000,-2.4270,0.0574,-0.4420,0.0000,90.0000,0.0000,
2365409900,0.0000,-2.4270,0.0574,-0.4420,0.0000,90.0000,0.0000,
2378663800,0.0000,-2.4270,0.0574,-0.4420,0.0000,90.0000,0.0000,
2392112900,0.0000,-2.4270,0.0574,-0.4420,0.0000,90.0000,0.0000,
2406695000,0.0000,-2.4270,0.0574,-0.4420,0.0000,90.0000,0.0000,
2420898300,0.0000,-2.4270,0.0574,-0.4420,0.0000,90.0000,0.0000,
2434652800,0.0000,-2.4270,0.0574,-0.4420,0.0000,90.0000,0.0000,
2448477200,0.0000,-2.4270,0.0574,-0.4420,0.0000,90.0000,0.0000,
2462597600,0.0000,-2.4270,0.0574,-0.4420,0.0000,90.0000,0.0000,
2476835000,0.0000,-2.4270,0.0574,-0.4420,0.0000,90.0000,0.0000,
2484177800,0.0000,-2.4270,0.0574,-0.4420,0.0000,90.0000,0.0000,
2498231100,0.0000,-2.4270,0.0574,-0.4420,0.0000,90.0000,0.0000,
2504515200,0.0000,-2.4270,0.0574,-0.4420,0.0000,90.0000,0.0000,
2518769400,0.0000,-2.4270,0.0574,-0.4420,0.0000,90.0000,0.0000,
2532713100,0.0000,-2.4270,0.0574,-0.4420,0.0000,90.0000,0.0000,
2546280700,0.0000,-2.4270,0.0574,-0.4420,0.0000,90.0000,0.0000,
2560538300,0.0000,-2.4270,0.0574,-0.4420,0.0000,90.0000,0.0000,
2574334600,0.0000,-2.4270,0.0574,-0.4420,0.0000,90.0000,0.0000,
2588377600,0.0000,-2.4270,0.0574,-0.4420,0.0000,90.0000,0.0000,
2602637800,0.0000,-2.4270,0.0574,-0.4420,0.0000,90.0000,0.0000,
2615969200,0.0000,-2.4270,0.0574,-0.4420,0.0000,90.0000,0.0000,
2630668300,0.0000,-2.4270,0.0574,-0.4420,0.0000,90.0000,0.0000,
2643988600,0.0000,-2.4270,0.0574,-0.4420,0.0000,90.0000,0.0000,
2657375600,0.0000,-2.4270,0.0574,-0.4420,0.0000,90.0000,0.0000,
2671827200,0.0000,-2.4270,0.0574,-0.4420,0.0000,90.0000,0.0000,
2685464100,0.0000,-2.4270,0.0574,-0.4420,0.0000,90.0000,0.0000,
2700201100,0.0000,-2.4270,0.0574,-0.4420,0.0000,90.0000,0.0000,
2713510800,0.0000,-2.4270,0.0574,-0.4420,0.0000,90.0000,0.0000,
2727939100,0.0000,-2.4270,0.0574,-0.4420,0.0000,90.0000,0.0000,
2741426700,0.0000,-2.4270,0.0574,-0.4420,0.0000,90.0000,0.0000,
2756160900,0.0000,-2.4270,0.0574,-0.4420,0.0000,90.0000,0.0000,
2770289100,0.0000,-2.4270,0.0574,-0.4420,0.0000,90.0000,0.0000,
2783761700,0.0000,-2.4270,0.0574,-0.4420,0.0000,90.0000,0.0000,
2798021800,0.0000,-2.4270,0.0574,-0.4420,0.0000,90.0000,0.0000,
2811848300,0.0000,-2.4270,0.0574,-0.4420,0.0000,90.0000,0.0000,
2825278200,0.0000,-2.4270,0.0574,-0.4420,0.0000,90.0000,0.0000,
2839466200,0.0000,-2.4270,0.0574,-0.4420,0.0000,90.0000,0.0000,
2853143700,0.0000,-2.4270,0.0574,-0.4420,0.0000,90.0000,0.0000,
2868172200,0.0000,-2.4270,0.0574,-0.4420,0.0000,90.0000,0.0000,
2881585800,0.0000,-2.4270,0.0574,-0.4420,0.0000,90.0000,0.0000,
2895226500,0.0000,-2.4270,0.0574,-0.4420,0.0000,90.0000,0.0000,
2909679400,0.0000,-2.4270,0.0574,-0.4420,0.0000,90.0000,0.0000,
2923742000,0.0000,-2.4270,0.0574,-0.4420,0.0000,90.0000,0.0000,
2937358500,0.0000,-2.4270,0.0574,-0.4420,0.0000,90.0000,0.0000,
2950673900,0.0000,-2.4270,0.0574,-0.4420,0.0000,90.0000,0.0000,
2966354000,0.0000,-2.4270,0.0574,-0.4420,0.0000,90.0000,0.0000,
2979160700,0.0000,-2.4270,0.0574,-0.4420,0.0000,90.0000,0.0000,
2993414700,0.0000,-2.4270,0.0574,-0.4420,0.0000,90.0000,0.0000,
3006762700,0.0000,-2.4270,0.0574,-0.4420,0.0000,90.0000,0.0000,
3020952800,0.0000,-2.4270,0.0574,-0.4420,0.0000,90.0000,0.0000,
3035175700,0.0000,-2.4270,0.0574,-0.4420,0.0000,90.0000,0.0000,
3049797400,0.0000,-2.4270,0.0574,-0.4420,0.0000,90.0000,0.0000,
3063643600,0.0000,-2.4270,0.0574,-0.4420,0.0000,90.0000,0.0000,
3076872500,0.0000,-2.4270,0.0574,-0.4420,0.0000,90.0000,0.0000,
3090639700,0.0000,-2.4270,0.0574,-0.4420,0.0000,90.0000,0.0000,
3105149900,0.0000,-2.4270,0.0574,-0.4420,0.0000,90.0000,0.0000,
3118904600,0.0000,-2.4270,0.0574,-0.4420,0.0000,90.0000,0.0000,
3132136300,0.0000,-2.4270,0.0574,-0.4420,0.0000,90.0000,0.0000,
3146259200,0.0000,-2.4270,0.0574,-0.4420,0.0000,90.0000,0.0000,
3159950200,0.0000,-2.4270,0.0574,-0.4420,0.0000,90.0000,0.0000,
3173863300,0.0000,-2.4270,0.0574,-0.4420,0.0000,90.0000,0.0000,
3188251900,0.0000,-2.4270,0.0574,-0.4420,0.0000,90.0000,0.0000,
3202268600,0.0000,-2.4270,0.0574,-0.4420,0.0000,90.0000,0.0000,
3217095400,0.0000,-2.4270,0.0574,-0.4420,0.0000,90.0000,0.0000,
3231781000,0.0000,-2.4270,0.0574,-0.4420,0.0000,90.0000,0.0000,
3245331900,0.0000,-2.4270,0.0574,-0.4420,0.0000,90.0000,0.0000,
3258490300,0.0000,-2.4270,0.0574,-0.4420,0.0000,90.0000,0.0000,
3271792400,0.0000,-2.4270,0.0574,-0.4420,0.0000,90.0000,0.0000,
3285956200,0.0000,-2.4270,0.0574,-0.4420,0.0000,90.0000,0.0000,
3299711300,0.0000,-2.4270,0.0574,-0.4420,0.0000,90.0000,0.0000,
3313039900,0.0000,-2.4270,0.0574,-0.4420,0.0000,90.0000,0.0000,
3327280500,0.0000,-2.4270,0.0574,-0.4420,0.0000,90.0000,0.0000,
3341680500,0.0000,-2.4270,0.0574,-0.4420,0.0000,90.0000,0.0000,
3355394800,0.0000,-2.4270,0.0574,-0.4420,0.0000,90.0000,0.0000,
3369273600,0.0000,-2.4270,0.0574,-0.4420,0.0000,90.0000,0.0000,
3383380400,0.0000,-2.4270,0.0574,-0.4420,0.0000,90.0000,0.0000,
3397357300,0.0000,-2.4270,0.0574,-0.4420,0.0000,90.0000,0.0000,
3410807000,0.0000,-2.4270,0.0574,-0.4420,0.0000,90.0000,0.0000,
3425191200,0.0000,-2.4270,0.0574,-0.4420,0.0000,90.0000,0.0000,
3439602800,0.0000,-2.4270,0.0574,-0.4420,0.0000,90.0000,0.0000,
3452790800,0.0000,-2.4270,0.0574,-0.4420,0.0000,90.0000,0.0000,
3467353800,0.0000,-2.4270,0.0574,-0.4420,0.0000,90.0000,0.0000,
3481473000,0.0000,-2.4270,0.0574,-0.4420,0.0000,90.0000,0.0000,
3494806100,0.0000,-2.4270,0.0574,-0.4420,0.0000,90.0000,0.0000,
3509018400,0.0000,-2.4270,0.0574,-0.4420,0.0000,90.0000,0.0000,
3522918400,0.0000,-2.4270,0.0574,-0.4420,0.0000,90.0000,0.0000,
3536949400,0.0000,-2.4270,0.0574,-0.4420,0.0000,90.0000,0.0000,
3550848900,0.0000,-2.4270,0.0574,-0.4420,0.0000,90.0000,0.0000,
3564891200,0.0000,-2.4270,0.0574,-0.4420,0.0000,90.0000,0.0000,
3579283100,0.0000,-2.4270,0.0574,-0.4420,0.0000,90.0000,0.0000,
3592810300,0.0000,-2.4270,0.0574,-0.4420,0.0000,90.0000,0.0000,
3606556000,0.0000,-2.4270,0.0574,-0.4420,0.0000,90.0000,0.0000,
3621283400,0.0000,-2.4270,0.0574,-0.4420,0.0000,90.0000,0.0000,
3633975100,0.0000,-2.4270,0.0574,-0.4420,0.0000,90.0000,0.0000,
3648596000,0.0000,-2.4270,0.0574,-0.4420,0.0000,90.0000,0.0000,
3662641000,0.0000,-2.4270,0.0574,-0.4420,0.0000,90.0000,0.0000,
3675793500,0.0000,-2.4270,0.0574,-0.4420,0.0000,90.0000,0.0000,
3690800200,0.0000,-2.4270,0.0574,-0.4420,0.0000,90.0000,0.0000,
3704420900,0.0000,-2.4270,0.0574,-0.4420,0.0000,90.0000,0.0000,
3718317300,0.0000,-2.4270,0.0574,-0.4420,0.0000,90.0000,0.0000,
3731950300,0.0000,-2.4270,0.0574,-0.4420,0.0000,90.0000,0.0000,
3746153800,0.0000,-2.4270,0.0574,-0.4420,0.0000,90.0000,0.0000,
3760231100,0.0000,-2.4270,0.0574,-0.4420,0.0000,90.0000,0.0000,
3773445600,0.0000,-2.4270,0.0574,-0.4420,0.0000,90.0000,0.0000,
3787866800,0.0000,-2.4270,0.0574,-0.4420,0.0000,90.0000,0.0000,
3801582900,0.0000,-2.4270,0.0574,-0.4420,0.0000,90.0000,0.0000,
3814950900,0.0000,-2.4270,0.0574,-0.4420,0.0000,90.0000,0.0000,
3829244100,0.0000,-2.4270,0.0574,-0.4420,0.0000,90.0000,0.0000,
3843188600,0.0000,-2.4270,0.0574,-0.4420,0.0000,90.0000,0.0000,
3857070200,0.0000,-2.4270,0.0574,-0.4420,0.0000,90.0000,0.0000,
3871078200,0.0000,-2.4270,0.0574,-0.4420,0.0000,90.0000,0.0000,
3884858100,0.0000,-2.4270,0.0574,-0.4420,0.0000,90.0000,0.0000,
3899016700,0.0000,-2.4270,0.0574,-0.4420,0.0000,90.0000,0.0000,
3913235800,0.0000,-2.4270,0.0574,-0.4420,0.0000,90.0000,0.0000,
3927172300,0.0000,-2.4270,0.0574,-0.4420,0.0000,90.0000,0.0000,
3941674000,0.0000,-2.4270,0.0574,-0.4420,0.0000,90.0000,0.0000,
3954997000,0.0000,-2.4270,0.0574,-0.4420,0.0000,90.0000,0.0000,
3968745700,0.0000,-2.4270,0.0574,-0.4420,0.0000,90.0000,0.0000,
3982479500,0.0000,-2.4270,0.0574,-0.4420,0.0000,90.0000,0.0000,
3996873800,0.0000,-2.4270,0.0574,-0.4420,0.0000,90.0000,0.0000,
4010116300,0.0000,-2.4270,0.0574,-0.4420,0.0000,90.0000,0.0000,
4024515200,0.0000,-2.4270,0.0574,-0.4420,0.0000,90.0000,0.0000,
4038364900,0.0000,-2.4270,0.0574,-0.4420,0.0000,90.0000,0.0000,
4052221800,0.0000,-2.4270,0.0574,-0.4420,0.0000,90.0000,0.0000,
4065880800,0.0000,-2.4270,0.0574,-0.4420,0.0000,90.0000,0.0000,
4080366600,0.0000,-2.4270,0.0574,-0.4420,0.0000,90.0000,0.0000,
4094271600,0.0000,-2.4270,0.0574,-0.4420,0.0000,90.0000,0.0000,
4108094000,0.0000,-2.4270,0.0574,-0.4420,0.0000,90.0000,0.0000,
4122541500,0.0000,-2.4270,0.0574,-0.4420,0.0000,90.0000,0.0000,
4135678900,0.0000,-2.4270,0.0574,-0.4420,0.0000,90.0000,0.0000,
4150421600,0.0000,-2.4270,0.0574,-0.4420,0.0000,90.0000,0.0000,
4164182700,0.0000,-2.4270,0.0574,-0.4420,0.0000,90.0000,0.0000,
4178537300,0.0000,-2.4270,0.0574,-0.4420,0.0000,90.0000,0.0000,
4191820600,0.0000,-2.4270,0.0574,-0.4420,0.0000,90.0000,0.0000,
4206178600,0.0000,-2.4270,0.0574,-0.4420,0.0000,90.0000,0.0000,
4219668600,0.0000,-2.4270,0.0574,-0.4420,0.0000,90.0000,0.0000,
4233544700,0.0000,-2.4270,0.0574,-0.4420,0.0000,90.0000,0.0000,
4247758600,0.0000,-2.4270,0.0574,-0.4420,0.0000,90.0000,0.0000,
4262267300,0.0000,-2.4270,0.0574,-0.4420,0.0000,90.0000,0.0000,
4275345100,0.0000,-2.4270,0.0574,-0.4420,0.0000,90.0000,0.0000,
4289490500,0.0000,-2.4270,0.0574,-0.4420,0.0000,90.0000,0.0000,
4303214900,0.0000,-2.4270,0.0574,-0.4420,0.0000,90.0000,0.0000,
4317803500,0.0000,-2.4270,0.0574,-0.4420,0.0000,90.0000,0.0000,
4331036500,0.0000,-2.4270,0.0574,-0.4420,0.0000,90.0000,0.0000,
4345162500,0.0000,-2.4270,0.0574,-0.4420,0.0000,90.0000,0.0000,
4359335400,0.0000,-2.4270,0.0574,-0.4420,0.0000,90.0000,0.0000,
4373391100,0.0000,-2.4270,0.0574,-0.4420,0.0000,90.0000,0.0000,
4386888300,0.0000,-2.4270,0.0574,-0.4420,0.0000,90.0000,0.0000,
4401101100,0.0000,-2.4270,0.0574,-0.4420,0.0000,90.0000,0.0000,
4415170500,0.0000,-2.4270,0.0574,-0.4420,0.0000,90.0000,0.0000,
4429401100,0.0000,-2.4270,0.0574,-0.4420,0.0000,90.0000,0.0000,
4443289000,0.0000,-2.4270,0.0574,-0.4420,0.0000,90.0000,0.0000,
4457147700,0.0000,-2.4270,0.0574,-0.4420,0.0000,90.0000,0.0000,
4470366600,0.0000,-2.4270,0.0574,-0.4420,0.0000,90.0000,0.0000,
4484548000,0.0000,-2.4270,0.0574,-0.4420,0.0000,90.0000,0.0000,
4499002100,0.0000,-2.4270,0.0574,-0.4420,0.0000,90.0000,0.0000,
4512850500,0.0000,-2.4270,0.0574,-0.4420,0.0000,90.0000,0.0000,
4526619900,0.0000,-2.4270,0.0574,-0.4420,0.0000,90.0000,0.0000,
4540903600,0.0000,-2.4270,0.0574,-0.4420,0.0000,90.0000,0.0000,
4554268500,0.0000,-2.4270,0.0574,-0.4420,0.0000,90.0000,0.0000,
4568230100,0.0000,-2.4270,0.0574,-0.4420,0.0000,90.0000,0.0000,
4582432300,0.0000,-2.4270,0.0574,-0.4420,0.0000,90.0000,0.0000,
4595847200,0.0000,-2.4270,0.0574,-0.4420,0.0000,90.0000,0.0000,
4609735000,0.0000,-2.4270,0.0574,-0.4420,0.0000,90.0000,0.0000,
4624038600,0.0000,-2.4270,0.0574,-0.4420,0.0000,90.0000,0.0000,
4638237500,0.0000,-2.4270,0.0574,-0.4420,0.0000,90.0000,0.0000,
4651717800,0.0000,-2.4270,0.0574,-0.4420,0.0000,90.0000,0.0000,
4666004700,0.0000,-2.4270,0.0574,-0.4420,0.0000,90.0000,0.0000,
4680115200,0.0000,-2.4270,0.0574,-0.4420,0.0000,90.0000,0.0000,
4693475100,0.0000,-2.4270,0.0574,-0.4420,0.0000,90.0000,0.0000,
4707804500,0.0000,-2.4270,0.0574,-0.4420,0.0000,90.0000,0.0000,
4721336600,0.0000,-2.4270,0.0574,-0.4420,0.0000,90.0000,0.0000,
4735430100,0.0000,-2.4270,0.0574,-0.4420,0.0000,90.0000,0.0000,
4749709400,0.0000,-2.4270,0.0574,-0.4420,0.0000,90.0000,0.0000,
4763618500,0.0000,-2.4270,0.0574,-0.4420,0.0000,90.0000,0.0000,
4777323100,0.0000,-2.4270,0.0574,-0.4420,0.0000,90.0000,0.0000,
4791160200,0.0000,-2.4270,0.0574,-0.4420,0.0000,90.0000,0.0000,
4805422300,0.0000,-2.4270,0.0574,-0.4420,0.0000,90.0000,0.0000,
4819239300,0.0000,-2.4270,0.0574,-0.4420,0.0000,90.0000,0.0000,
4832865400,0.0000,-2.4270,0.0574,-0.4420,0.0000,90.0000,0.0000,
4847724800,0.0000,-2.4270,0.0574,-0.4420,0.0000,90.0000,0.0000,
4860936300,0.0000,-2.4270,0.0574,-0.4420,0.0000,90.0000,0.0000,
4875525200,0.0000,-2.4270,0.0574,-0.4420,0.0000,90.0000,0.0000,
4888694000,0.0000,-2.4270,0.0574,-0.4420,0.0000,90.0000,0.0000,
4902652100,0.0000,-2.4270,0.0574,-0.4420,0.0000,90.0000,0.0000,
4917134300,0.0000,-2.4270,0.0574,-0.4420,0.0000,90.0000,0.0000,
4930601200,0.0000,-2.4270,0.0574,-0.4420,0.0000,90.0000,0.0000,
4944787900,0.0000,-2.4270,0.0574,-0.4420,0.0000,90.0000,0.0000,
4958510000,0.0000,-2.4270,0.0574,-0.4420,0.0000,90.0000,0.0000,
4972249100,0.0000,-2.4270,0.0574,-0.4420,0.0000,90.0000,0.0000,
4986785900,0.0000,-2.4270,0.0574,-0.4420,0.0000,90.0000,0.0000,
5000242000,0.0000,-2.4270,0.0574,-0.4420,0.0000,90.0000,0.0000,
5014174400,0.0000,-2.4270,0.0574,-0.4420,0.0000,90.0000,0.0000,
5028002500,0.0000,-2.4270,0.0574,-0.4420,0.0000,90.0000,0.0000,
5042718000,0.0000,-2.4270,0.0574,-0.4420,0.0000,90.0000,0.0000,
5055974700,0.0000,-2.4270,0.0574,-0.4420,0.0000,90.0000,0.0000,
5070353600,0.0000,-2.4270,0.0574,-0.4420,0.0000,90.0000,0.0000,
5084737000,0.0000,-2.4270,0.0574,-0.4420,0.0000,90.0000,0.0000,
5098208800,0.0000,-2.4270,0.0574,-0.4420,0.0000,90.0000,0.0000,
5112116900,0.0000,-2.4270,0.0574,-0.4420,0.0000,90.0000,0.0000,
5126371100,0.0000,-2.4270,0.0574,-0.4420,0.0000,90.0000,0.0000,
5139798500,0.0000,-2.4270,0.0574,-0.4420,0.0000,90.0000,0.0000,
5153611800,0.0000,-2.4270,0.0574,-0.4420,0.0000,90.0000,0.0000,
5168766200,0.0000,-2.4270,0.0574,-0.4420,0.0000,90.0000,0.0000,
5181624900,0.0000,-2.4270,0.0574,-0.4420,0.0000,90.0000,0.0000,
5195073800,0.0000,-2.4270,0.0574,-0.4420,0.0000,90.0000,0.0000,
5209600400,0.0000,-2.4270,0.0574,-0.4420,0.0000,90.0000,0.0000,
5223788100,0.0000,-2.4270,0.0574,-0.4420,0.0000,90.0000,0.0000,
5237403600,0.0000,-2.4270,0.0574,-0.4420,0.0000,90.0000,0.0000,
5250989400,0.0000,-2.4270,0.0574,-0.4420,0.0000,90.0000,0.0000,
5265234600,0.0000,-2.4270,0.0574,-0.4420,0.0000,90.0000,0.0000,
5279345900,0.0000,-2.4270,0.0574,-0.4420,0.0000,90.0000,0.0000,
5292841000,0.0000,-2.4270,0.0574,-0.4420,0.0000,90.0000,0.0000,
5307031800,0.0000,-2.4270,0.0574,-0.4420,0.0000,90.0000,0.0000,
5321658900,0.0000,-2.4270,0.0574,-0.4420,0.0000,90.0000,0.0000,
5334644500,0.0000,-2.4270,0.0574,-0.4420,0.0000,90.0000,0.0000,
5349388300,0.0000,-2.4270,0.0574,-0.4420,0.0000,90.0000,0.0000,
5362963900,0.0000,-2.4270,0.0574,-0.4420,0.0000,90.0000,0.0000,
5377016000,0.0000,-2.4270,0.0574,-0.4420,0.0000,90.0000,0.0000,
5390705500,0.0000,-2.4270,0.0574,-0.4420,0.0000,90.0000,0.0000,
5404976000,0.0000,-2.4270,0.0574,-0.4420,0.0000,90.0000,0.0000,
5418944400,0.0000,-2.4270,0.0574,-0.4420,0.0000,90.0000,0.0000,
5432550500,0.0000,-2.4270,0.0574,-0.4420,0.0000,90.0000,0.0000,
5446636000,0.0000,-2.4270,0.0574,-0.4420,0.0000,90.0000,0.0000,
5460967600,0.0000,-2.4270,0.0574,-0.4420,0.0000,90.0000,0.0000,
5474400300,0.0000,-2.4270,0.0574,-0.4420,0.0000,90.0000,0.0000,
5489106300,0.0000,-2.4270,0.0574,-0.4420,0.0000,90.0000,0.0000,
5502342300,0.0000,-2.4270,0.0574,-0.4420,0.0000,90.0000,0.0000,
5516657400,0.0000,-2.4270,0.0574,-0.4420,0.0000,90.0000,0.0000,
5530427300,0.0000,-2.4270,0.0574,-0.4420,0.0000,90.0000,0.0000,
5544750500,0.0000,-2.4270,0.0574,-0.4420,0.0000,90.0000,0.0000,
5558340700,0.0000,-2.4270,0.0574,-0.4420,0.0000,90.0000,0.0000,
5572353800,0.0000,-2.4270,0.0574,-0.4420,0.0000,90.0000,0.0000,
5586717500,0.0000,-2.4270,0.0574,-0.4420,0.0000,90.0000,0.0000,
5600623200,0.0000,-2.4270,0.0574,-0.4420,0.0000,90.0000,0.0000,
5614318500,0.0000,-2.4270,0.0574,-0.4420,0.0000,90.0000,0.0000,
5628183600,0.0000,-2.4270,0.0574,-0.4420,0.0000,90.0000,0.0000,
5642089400,0.0000,-2.4270,0.0574,-0.4420,0.0000,90.0000,0.0000,
5656031000,0.0000,-2.4270,0.0574,-0.4420,0.0000,90.0000,0.0000,
5670302900,0.0000,-2.4270,0.0574,-0.4420,0.0000,90.0000,0.0000,
5684045000,0.0000,-2.4270,0.0574,-0.4420,0.0000,90.0000,0.0000,
5697738600,0.0000,-2.4270,0.0574,-0.4420,0.0000,90.0000,0.0000,
5712618400,0.0000,-2.4270,0.0574,-0.4420,0.0000,90.0000,0.0000,
5725794800,0.0000,-2.4270,0.0574,-0.4420,0.0000,90.0000,0.0000,
5739662000,0.0000,-2.4270,0.0574,-0.4420,0.0000,90.0000,0.0000,
5753232300,0.0000,-2.4270,0.0574,-0.4420,0.0000,90.0000,0.0000,
5767183300,0.0000,-2.4270,0.0574,-0.4420,0.0000,90.0000,0.0000,
5781864600,0.0000,-2.4270,0.0574,-0.4420,0.0000,90.0000,0.0000,
5795458400,0.0000,-2.4270,0.0574,-0.4420,0.0000,90.0000,0.0000,
5809006000,0.0000,-2.4270,0.0574,-0.4420,0.0000,90.0000,0.0000,
5823281800,0.0000,-2.4270,0.0574,-0.4420,0.0000,90.0000,0.0000,
5836904000,0.0000,-2.4270,0.0574,-0.4420,0.0000,90.0000,0.0000,
5850733900,0.0000,-2.4270,0.0574,-0.4420,0.0000,90.0000,0.0000,
5864904300,0.0000,-2.4270,0.0574,-0.4420,0.0000,90.0000,0.0000,
5878867900,0.0000,-2.4270,0.0574,-0.4420,0.0000,90.0000,0.0000,
5892351300,0.0000,-2.4270,0.0574,-0.4420,0.0000,90.0000,0.0000,
5906500700,0.0000,-2.4270,0.0574,-0.4420,0.0000,90.0000,0.0000,
5920605200,0.0000,-2.4270,0.0574,-0.4420,0.0000,90.0000,0.0000,
5935142000,0.0000,-2.4270,0.0574,-0.4420,0.0000,90.0000,0.0000,
5948715700,0.0000,-2.4270,0.0574,-0.4420,0.0000,90.0000,0.0000,
5962521300,0.0000,-2.4270,0.0574,-0.4420,0.0000,90.0000,0.0000,
5976773600,0.0000,-2.4270,0.0574,-0.4420,0.0000,90.0000,0.0000,
5990166300,0.0000,-2.4270,0.0574,-0.4420,0.0000,90.0000,0.0000,
6004448400,0.0000,-2.4270,0.0574,-0.4420,0.0000,90.0000,0.0000,
6019614000,0.0000,-2.4270,0.0574,-0.4420,0.0000,90.0000,0.0000,
6032506700,0.0000,-2.4270,0.0574,-0.4420,0.0000,90.0000,0.0000,
6046575600,0.0000,-2.4270,0.0574,-0.4420,0.0000,90.0000,0.0000,
6060762500,0.0000,-2.4270,0.0574,-0.4420,0.0000,90.0000,0.0000,
6074057100,0.0000,-2.4270,0.0574,-0.4420,0.0000,90.0000,0.0000,
6088133500,0.0000,-2.4270,0.0574,-0.4420,0.0000,90.0000,0.0000,
6102118000,0.0000,-2.4270,0.0574,-0.4420,0.0000,90.0000,0.0000,
6115924000,0.0000,-2.4270,0.0574,-0.4420,0.0000,90.0000,0.0000,
6129331300,0.0000,-2.4270,0.0574,-0.4420,0.0000,90.0000,0.0000,
6143884900,0.0000,-2.4270,0.0574,-0.4420,0.0000,90.0000,0.0000,
6157658700,0.0000,-2.4270,0.0574,-0.4420,0.0000,90.0000,0.0000,
6171820100,0.0000,-2.4270,0.0574,-0.4420,0.0000,90.0000,0.0000,
6186243700,0.0000,-2.4270,0.0574,-0.4420,0.0000,90.0000,0.0000,
6199724600,0.0000,-2.4270,0.0574,-0.4420,0.0000,90.0000,0.0000,
6213349300,0.0000,-2.4270,0.0574,-0.4420,0.0000,90.0000,0.0000,
6227045800,0.0000,-2.4270,0.0574,-0.4420,0.0000,90.0000,0.0000,
6241291000,0.0000,-2.4270,0.0574,-0.4420,0.0000,90.0000,0.0000,
6254607000,0.0000,-2.4270,0.0574,-0.4420,0.0000,90.0000,0.0000,
6269065900,0.0000,-2.4270,0.0574,-0.4420,0.0000,90.0000,0.0000,
6283409000,0.0000,-2.4270,0.0574,-0.4420,0.0000,90.0000,0.0000,
6296965800,0.0000,-2.4270,0.0574,-0.4420,0.0000,90.0000,0.0000,
6310802000,0.0000,-2.4270,0.0574,-0.4420,0.0000,90.0000,0.0000,
6324613400,0.0000,-2.4270,0.0574,-0.4420,0.0000,90.0000,0.0000,
6338974500,0.0000,-2.4270,0.0574,-0.4420,0.0000,90.0000,0.0000,
6352096600,0.0000,-2.4270,0.0574,-0.4420,0.0000,90.0000,0.0000,
6366488300,0.0000,-2.4270,0.0574,-0.4420,0.0000,90.0000,0.0000,
6381656400,0.0000,-2.4270,0.0574,-0.4420,0.0000,90.0000,0.0000,
6394372900,0.0000,-2.4270,0.0574,-0.4420,0.0000,90.0000,0.0000,
6408657300,0.0000,-2.4270,0.0574,-0.4420,0.0000,90.0000,0.0000,
6422258700,0.0000,-2.4270,0.0574,-0.4420,0.0000,90.0000,0.0000,
6436202000,0.0000,-2.4270,0.0574,-0.4420,0.0000,90.0000,0.0000,
6450521100,0.0000,-2.4270,0.0574,-0.4420,0.0000,90.0000,0.0000,
6464810800,0.0000,-2.4270,0.0574,-0.4420,0.0000,90.0000,0.0000,
6478611900,0.0000,-2.4270,0.0574,-0.4420,0.0000,90.0000,0.0000,
6492558500,0.0000,-2.4270,0.0574,-0.4420,0.0000,90.0000,0.0000,
6506254700,0.0000,-2.4270,0.0574,-0.4420,0.0000,90.0000,0.0000,
6520465200,0.0000,-2.4270,0.0574,-0.4420,0.0000,90.0000,0.0000,
6533576600,0.0000,-2.4270,0.0574,-0.4420,0.0000,90.0000,0.0000,
6547683900,0.0000,-2.4270,0.0574,-0.4420,0.0000,90.0000,0.0000,
6561592500,0.0000,-2.4270,0.0574,-0.4420,0.0000,90.0000,0.0000,
6575227400,0.0000,-2.4270,0.0574,-0.4420,0.0000,90.0000,0.0000,
6589965500,0.0000,-2.4270,0.0574,-0.4420,0.0000,90.0000,0.0000,
6603841500,0.0000,-2.4270,0.0574,-0.4420,0.0000,90.0000,0.0000,
6617368100,0.0000,-2.4270,0.0574,-0.4420,0.0000,90.0000,0.0000,
6630948800,0.0000,-2.4270,0.0574,-0.4420,0.0000,90.0000,0.0000,
6645041000,0.0000,-2.4270,0.0574,-0.4420,0.0000,90.0000,0.0000,
6659122600,0.0000,-2.4270,0.0574,-0.4420,0.0000,90.0000,0.0000,
6672796700,0.0000,-2.4270,0.0574,-0.4420,0.0000,90.0000,0.0000,
6687110700,0.0000,-2.4270,0.0574,-0.4420,0.0000,90.0000,0.0000,
6700653800,0.0000,-2.4270,0.0574,-0.4420,0.0000,90.0000,0.0000,
6715041100,0.0000,-2.4270,0.0574,-0.4420,0.0000,90.0000,0.0000,
6729630900,0.0000,-2.4270,0.0574,-0.4420,0.0000,90.0000,0.0000,
6742370600,0.0000,-2.4270,0.0574,-0.4420,0.0000,90.0000,0.0000,
6756588900,0.0000,-2.4270,0.0574,-0.4420,0.0000,90.0000,0.0000,
6770344700,0.0000,-2.4270,0.0574,-0.4420,0.0000,90.0000,0.0000,
6784173400,0.0000,-2.4270,0.0574,-0.4420,0.0000,90.0000,0.0000,
6798349300,0.0000,-2.4270,0.0574,-0.4420,0.0000,90.0000,0.0000,
6811809600,0.0000,-2.4270,0.0574,-0.4420,0.0000,90.0000,0.0000,
6826360700,0.0000,-2.4270,0.0574,-0.4420,0.0000,90.0000,0.0000,
6840232300,0.0000,-2.4270,0.0574,-0.4420,0.0000,90.0000,0.0000,
6853876100,0.0000,-2.4270,0.0574,-0.4420,0.0000,90.0000,0.0000,
6867790600,0.0000,-2.4270,0.0574,-0.4420,0.0000,90.0000,0.0000,
6882155800,0.0000,-2.4270,0.0574,-0.4420,0.0000,90.0000,0.0000,
6895831300,0.0000,-2.4270,0.0574,-0.4420,0.0000,90.0000,0.0000,
6909434900,0.0000,-2.4270,0.0574,-0.4420,0.0000,90.0000,0.0000,
6923910600,0.0000,-2.4270,0.0574,-0.4420,0.0000,90.0000,0.0000,
6938031700,0.0000,-2.4270,0.0574,-0.4420,0.0000,90.0000,0.0000,
6951290100,0.0000,-2.4270,0.0574,-0.4420,0.0000,90.0000,0.0000,
6965526000,0.0000,-2.4270,0.0574,-0.4420,0.0000,90.0000,0.0000,
6979363300,0.0000,-2.4270,0.0574,-0.4420,0.0000,90.0000,0.0000,
7020886000,0.0000,-2.4270,0.0574,-0.4420,0.0000,90.0000,0.0000,
7035787400,0.0000,-2.4270,0.0574,-0.4420,0.0000,90.0000,0.0000,
7051225300,0.0000,-2.4270,0.0574,-0.4420,0.0000,90.0000,0.0000,
7063696600,0.0000,-2.4270,0.0574,-0.4420,0.0000,90.0000,0.0000,
7078345100,0.0000,-2.4270,0.0574,-0.4420,0.0000,90.0000,0.0000,
7090808400,0.0000,-2.4270,0.0574,-0.4420,0.0000,90.0000,0.0000,
7104757700,0.0000,-2.4270,0.0574,-0.4420,0.0000,90.0000,0.0000,
7118596300,0.0000,-2.4270,0.0574,-0.4420,0.0000,90.0000,0.0000,
7133195600,0.0000,-2.4270,0.0574,-0.4420,0.0000,90.0000,0.0000,
7147111100,0.0000,-2.4270,0.0574,-0.4420,0.0000,90.0000,0.0000,
7160688900,0.0000,-2.4270,0.0574,-0.4420,0.0000,90.0000,0.0000,
7174136100,0.0000,-2.4270,0.0574,-0.4420,0.0000,90.0000,0.0000,
7188134500,0.0000,-2.4270,0.0574,-0.4420,0.0000,90.0000,0.0000,
7202014200,0.0000,-2.4270,0.0574,-0.4420,0.0000,90.0000,0.0000,
7215879600,0.0000,-2.4270,0.0574,-0.4420,0.0000,90.0000,0.0000,
7230037500,0.0000,-2.4270,0.0574,-0.4420,0.0000,90.0000,0.0000,
7243539800,0.0000,-2.4270,0.0574,-0.4420,0.0000,90.0000,0.0000,
7257637700,0.0000,-2.4270,0.0574,-0.4420,0.0000,90.0000,0.0000,
7271505300,0.0000,-2.4270,0.0574,-0.4420,0.0000,90.0000,0.0000,
7285401200,0.0000,-2.4270,0.0574,-0.4420,0.0000,90.0000,0.0000,
7299310200,0.0000,-2.4270,0.0574,-0.4420,0.0000,90.0000,0.0000,
7313524300,0.0000,-2.4270,0.0574,-0.4420,0.0000,90.0000,0.0000,
7327511100,0.0000,-2.4270,0.0574,-0.4420,0.0000,90.0000,0.0000,
7342335700,0.0000,-2.4270,0.0574,-0.4420,0.0000,90.0000,0.0000,
7355897000,0.0000,-2.4270,0.0574,-0.4420,0.0000,90.0000,0.0000,
7369061200,0.0000,-2.4270,0.0574,-0.4420,0.0000,90.0000,0.0000,
7383154300,0.0000,-2.4270,0.0574,-0.4420,0.0000,90.0000,0.0000,
7397187600,0.0000,-2.4270,0.0574,-0.4420,0.0000,90.0000,0.0000,
7411108100,0.0000,-2.4270,0.0574,-0.4420,0.0000,90.0000,0.0000,
7425048400,0.0000,-2.4270,0.0574,-0.4420,0.0000,90.0000,0.0000,
7438814800,0.0000,-2.4270,0.0574,-0.4420,0.0000,90.0000,0.0000,
7452461100,0.0000,-2.4270,0.0574,-0.4420,0.0000,90.0000,0.0000,
7466523300,0.0000,-2.4270,0.0574,-0.4420,0.0000,90.0000,0.0000,
7481232600,0.0000,-2.4270,0.0574,-0.4420,0.0000,90.0000,0.0000,
7494980900,0.0000,-2.4270,0.0574,-0.4420,0.0000,90.0000,0.0000,
7508593700,0.0000,-2.4270,0.0574,-0.4420,0.0000,90.0000,0.0000,
7522886800,0.0000,-2.4270,0.0574,-0.4420,0.0000,90.0000,0.0000,
7536663600,0.0000,-2.4270,0.0574,-0.4420,0.0000,90.0000,0.0000,
7550240100,0.0000,-2.4270,0.0574,-0.4420,0.0000,90.0000,0.0000,
7564119100,0.0000,-2.4270,0.0574,-0.4420,0.0000,90.0000,0.0000,
7578003800,0.0000,-2.4270,0.0574,-0.4420,0.0000,90.0000,0.0000,
7591846200,0.0000,-2.4270,0.0574,-0.4420,0.0000,90.0000,0.0000,
7605786700,0.0000,-2.4270,0.0574,-0.4420,0.0000,90.0000,0.0000,
7619971200,0.0000,-2.4270,0.0574,-0.4420,0.0000,90.0000,0.0000,
7633919600,0.0000,-2.4270,0.0574,-0.4420,0.0000,90.0000,0.0000,
7647615700,0.0000,-2.4270,0.0574,-0.4420,0.0000,90.0000,0.0000,
7662432800,0.0000,-2.4270,0.0574,-0.4420,0.0000,90.0000,0.0000,
7675537500,0.0000,-2.4270,0.0574,-0.4420,0.0000,90.0000,0.0000,
7689614200,0.0000,-2.4270,0.0574,-0.4420,0.0000,90.0000,0.0000,
7703625300,0.0000,-2.4270,0.0574,-0.4420,0.0000,90.0000,0.0000,
7717402900,0.0000,-2.4270,0.0574,-0.4420,0.0000,90.0000,0.0000,
7731555800,0.0000,-2.4270,0.0574,-0.4420,0.0000,90.0000,0.0000,
7745598900,0.0000,-2.4270,0.0574,-0.4420,0.0000,90.0000,0.0000,
7759338600,0.0000,-2.4270,0.0574,-0.4420,0.0000,90.0000,0.0000,
7773036100,0.0000,-2.4270,0.0574,-0.4420,0.0000,90.0000,0.0000,
7786984000,0.0000,-2.4270,0.0574,-0.4420,0.0000,90.0000,0.0000,
7801186300,0.0000,-2.4270,0.0574,-0.4420,0.0000,90.0000,0.0000,
7814707600,0.0000,-2.4270,0.0574,-0.4420,0.0000,90.0000,0.0000,
7828940900,0.0000,-2.4270,0.0574,-0.4420,0.0000,90.0000,0.0000,
7842747700,0.0000,-2.4270,0.0574,-0.4420,0.0000,90.0000,0.0000,
7857406300,0.0000,-2.4270,0.0574,-0.4420,0.0000,90.0000,0.0000,
7870548100,0.0000,-2.4270,0.0574,-0.4420,0.0000,90.0000,0.0000,
7884797400,0.0000,-2.4270,0.0574,-0.4420,0.0000,90.0000,0.0000,
7898597900,0.0000,-2.4270,0.0574,-0.4420,0.0000,90.0000,0.0000,
7912638200,0.0000,-2.4270,0.0574,-0.4420,0.0000,90.0000,0.0000,
7926608500,0.0000,-2.4270,0.0574,-0.4420,0.0000,90.0000,0.0000,
7940877800,0.0000,-2.4270,0.0574,-0.4420,0.0000,90.0000,0.0000,
7954779800,0.0000,-2.4270,0.0574,-0.4420,0.0000,90.0000,0.0000,
7968857200,0.0000,-2.4270,0.0574,-0.4420,0.0000,90.0000,0.0000,
7982270100,0.0000,-2.4270,0.0574,-0.4420,0.0000,90.0000,0.0000,
7996029500,0.0000,-2.4270,0.0574,-0.4420,0.0000,90.0000,0.0000,
8010444700,0.0000,-2.4270,0.0574,-0.4420,0.0000,90.0000,0.0000,
8024996500,0.0000,-2.4270,0.0574,-0.4420,0.0000,90.0000,0.0000,
8039434400,0.0000,-2.4270,0.0574,-0.4420,0.0000,90.0000,0.0000,
8052702100,0.0000,-2.4270,0.0574,-0.4420,0.0000,90.0000,0.0000,
8067367400,0.0000,-2.4270,0.0574,-0.4420,0.0000,90.0000,0.0000,
8081058300,0.0000,-2.4270,0.0574,-0.4420,0.0000,90.0000,0.0000,
8094850300,0.0000,-2.4270,0.0574,-0.4420,0.0000,90.0000,0.0000,
8108304800,0.0000,-2.4270,0.0574,-0.4420,0.0000,90.0000,0.0000,
8122047600,0.0000,-2.4270,0.0574,-0.4420,0.0000,90.0000,0.0000,
8136202900,0.0000,-2.4270,0.0574,-0.4420,0.0000,90.0000,0.0000,
8151360000,0.0000,-2.4270,0.0574,-0.4420,0.0000,90.0000,0.0000,
8164400100,0.0000,-2.4270,0.0574,-0.4420,0.0000,90.0000,0.0000,
8177856200,0.0000,-2.4270,0.0574,-0.4420,0.0000,90.0000,0.0000,
8190995400,0.0000,-2.4270,0.0574,-0.4420,0.0000,90.0000,0.0000,
8205144300,0.0000,-2.4270,0.0574,-0.4420,0.0000,90.0000,0.0000,
8219343600,0.0000,-2.4270,0.0574,-0.4420,0.0000,90.0000,0.0000,
8233186800,0.0000,-2.4270,0.0574,-0.4420,0.0000,90.0000,0.0000,
8247914700,0.0000,-2.4270,0.0574,-0.4420,0.0000,90.0000,0.0000,
8260855400,0.0000,-2.4270,0.0574,-0.4420,0.0000,90.0000,0.0000,
8274827900,0.0000,-2.4270,0.0574,-0.4420,0.0000,90.0000,0.0000,
8288852000,0.0000,-2.4270,0.0574,-0.4420,0.0000,90.0000,0.0000,
8302659100,0.0000,-2.4270,0.0574,-0.4420,0.0000,90.0000,0.0000,
8316712000,0.0000,-2.4270,0.0574,-0.4420,0.0000,90.0000,0.0000,
8330318200,0.0000,-2.4270,0.0574,-0.4420,0.0000,90.0000,0.0000,
8344181400,0.0000,-2.4270,0.0574,-0.4420,0.0000,90.0000,0.0000,
8358375400,0.0000,-2.4270,0.0574,-0.4420,0.0000,90.0000,0.0000,
8372190100,0.0000,-2.4270,0.0574,-0.4420,0.0000,90.0000,0.0000,
8386963200,0.0000,-2.4270,0.0574,-0.4420,0.0000,90.0000,0.0000,
8400556300,0.0000,-2.4270,0.0574,-0.4420,0.0000,90.0000,0.0000,
8414023400,0.0000,-2.4270,0.0574,-0.4420,0.0000,90.0000,0.0000,
8428181200,0.0000,-2.4270,0.0574,-0.4420,0.0000,90.0000,0.0000,
8442567500,0.0000,-2.4270,0.0574,-0.4420,0.0000,90.0000,0.0000,
8455952900,0.0000,-2.4270,0.0574,-0.4420,0.0000,90.0000,0.0000,
8469723000,0.0000,-2.4270,0.0574,-0.4420,0.0000,90.0000,0.0000,
8483484200,0.0000,-2.4270,0.0574,-0.4420,0.0000,90.0000,0.0000,
8497383300,0.0000,-2.4270,0.0574,-0.4420,0.0000,90.0000,0.0000,
8510999900,0.0000,-2.4270,0.0574,-0.4420,0.0000,90.0000,0.0000,
8525161300,0.0000,-2.4270,0.0574,-0.4420,0.0000,90.0000,0.0000,
8538908800,0.0000,-2.4270,0.0574,-0.4420,0.0000,90.0000,0.0000,
8553043900,0.0000,-2.4270,0.0574,-0.4420,0.0000,90.0000,0.0000,
8567004700,0.0000,-2.4270,0.0574,-0.4420,0.0000,90.0000,0.0000,
8580988400,0.0000,-2.4270,0.0574,-0.4420,0.0000,90.0000,0.0000,
8594455200,0.0000,-2.4270,0.0574,-0.4420,0.0000,90.0000,0.0000,
8608932100,0.0000,-2.4270,0.0574,-0.4420,0.0000,90.0000,0.0000,
8622937900,0.0000,-2.4270,0.0574,-0.4420,0.0000,90.0000,0.0000,
8636489400,0.0000,-2.4270,0.0574,-0.4420,0.0000,90.0000,0.0000,
8650259700,0.0000,-2.4270,0.0574,-0.4420,0.0000,90.0000,0.0000,
8664199600,0.0000,-2.4270,0.0574,-0.4420,0.0000,90.0000,0.0000,
8678483100,0.0000,-2.4270,0.0574,-0.4420,0.0000,90.0000,0.0000,
8692347100,0.0000,-2.4270,0.0574,-0.4420,0.0000,90.0000,0.0000,
8706430500,0.0000,-2.4270,0.0574,-0.4420,0.0000,90.0000,0.0000,
8719760400,0.0000,-2.4270,0.0574,-0.4420,0.0000,90.0000,0.0000,
8733951700,0.0000,-2.4270,0.0574,-0.4420,0.0000,90.0000,0.0000,
8748524600,0.0000,-2.4270,0.0574,-0.4420,0.0000,90.0000,0.0000,
8762105600,0.0000,-2.4270,0.0574,-0.4420,0.0000,90.0000,0.0000,
8775686100,0.0000,-2.4270,0.0574,-0.4420,0.0000,90.0000,0.0000,
8789934800,0.0000,-2.4270,0.0574,-0.4420,0.0000,90.0000,0.0000,
8803480200,0.0000,-2.4270,0.0574,-0.4420,0.0000,90.0000,0.0000,
8817330200,0.0000,-2.4270,0.0574,-0.4420,0.0000,90.0000,0.0000,
8831390900,0.0000,-2.4270,0.0574,-0.4420,0.0000,90.0000,0.0000,
8845824400,0.0000,-2.4270,0.0574,-0.4420,0.0000,90.0000,0.0000,
8859854100,0.0000,-2.4270,0.0574,-0.4420,0.0000,90.0000,0.0000,
8873268200,0.0000,-2.4270,0.0574,-0.4420,0.0000,90.0000,0.0000,
8887569400,0.0000,-2.4270,0.0574,-0.4420,0.0000,90.0000,0.0000,
8901664000,0.0000,-2.4270,0.0574,-0.4420,0.0000,90.0000,0.0000,
8915368000,0.0000,-2.4270,0.0574,-0.4420,0.0000,90.0000,0.0000,
8929177600,0.0000,-2.4270,0.0574,-0.4420,0.0000,90.0000,0.0000,
8943010200,0.0000,-2.4270,0.0574,-0.4420,0.0000,90.0000,0.0000,
8958633200,0.0000,-2.4270,0.0574,-0.4420,0.0000,90.0000,0.0000,
8970834700,0.0000,-2.4270,0.0574,-0.4420,0.0000,90.0000,0.0000,
8985276900,0.0000,-2.4270,0.0574,-0.4420,0.0000,90.0000,0.0000,
8998897300,0.0000,-2.4270,0.0574,-0.4420,0.0000,90.0000,0.0000,
9012491400,0.0000,-2.4270,0.0574,-0.4420,0.0000,90.0000,0.0000,
9027573000,0.0000,-2.4270,0.0574,-0.4420,0.0000,90.0000,0.0000,
9040536100,0.0000,-2.4270,0.0574,-0.4420,0.0000,90.0000,0.0000,
9054793100,0.0000,-2.4270,0.0574,-0.4420,0.0000,90.0000,0.0000,
9068707800,0.0000,-2.4270,0.0574,-0.4420,0.0000,90.0000,0.0000,
9082714200,0.0000,-2.4270,0.0574,-0.4420,0.0000,90.0000,0.0000,
9096861200,0.0000,-2.4270,0.0574,-0.4420,0.0000,90.0000,0.0000,
9111243800,0.0000,-2.4270,0.0574,-0.4420,0.0000,90.0000,0.0000,
9125006500,0.0000,-2.4270,0.0574,-0.4420,0.0000,90.0000,0.0000,
9138563900,0.0000,-2.4270,0.0574,-0.4420,0.0000,90.0000,0.0000,
9153192100,0.0000,-2.4270,0.0574,-0.4420,0.0000,90.0000,0.0000,
9166458600,0.0000,-2.4270,0.0574,-0.4420,0.0000,90.0000,0.0000,
9180333500,0.0000,-2.4270,0.0574,-0.4420,0.0000,90.0000,0.0000,
9194181600,0.0000,-2.4270,0.0574,-0.4420,0.0000,90.0000,0.0000,
9208003200,0.0000,-2.4270,0.0574,-0.4420,0.0000,90.0000,0.0000,
9221473100,0.0000,-2.4270,0.0574,-0.4420,0.0000,90.0000,0.0000,
9235934600,0.0000,-2.4270,0.0574,-0.4420,0.0000,90.0000,0.0000,
9249659600,0.0000,-2.4270,0.0574,-0.4420,0.0000,90.0000,0.0000,
9263271600,0.0000,-2.4270,0.0574,-0.4420,0.0000,90.0000,0.0000,
9277312900,0.0000,-2.4270,0.0574,-0.4420,0.0000,90.0000,0.0000,
9291208300,0.0000,-2.4270,0.0574,-0.4420,0.0000,90.0000,0.0000,
9305412300,0.0000,-2.4270,0.0574,-0.4420,0.0000,90.0000,0.0000,
9319253200,0.0000,-2.4270,0.0574,-0.4420,0.0000,90.0000,0.0000,
9332952900,0.0000,-2.4270,0.0574,-0.4420,0.0000,90.0000,0.0000,
9347385700,0.0000,-2.4270,0.0574,-0.4420,0.0000,90.0000,0.0000,
9361113500,0.0000,-2.4270,0.0574,-0.4420,0.0000,90.0000,0.0000,
9375076100,0.0000,-2.4270,0.0574,-0.4420,0.0000,90.0000,0.0000,
9388859600,0.0000,-2.4270,0.0574,-0.4420,0.0000,90.0000,0.0000,
9402895100,0.0000,-2.4270,0.0574,-0.4420,0.0000,90.0000,0.0000,
9416778100,0.0000,-2.4270,0.0574,-0.4420,0.0000,90.0000,0.0000,
9430554600,0.0000,-2.4270,0.0574,-0.4420,0.0000,90.0000,0.0000,
9444386600,0.0000,-2.4270,0.0574,-0.4420,0.0000,90.0000,0.0000,
9458486100,0.0000,-2.4270,0.0574,-0.4420,0.0000,90.0000,0.0000,
9473620500,0.0000,-2.4270,0.0574,-0.4420,0.0000,90.0000,0.0000,
9486562500,0.0000,-2.4270,0.0574,-0.4420,0.0000,90.0000,0.0000,
9500980700,0.0000,-2.4270,0.0574,-0.4420,0.0000,90.0000,0.0000,
9514065500,0.0000,-2.4270,0.0574,-0.4420,0.0000,90.0000,0.0000,
9528545000,0.0000,-2.4270,0.0574,-0.4420,0.0000,90.0000,0.0000,
9541957000,0.0000,-2.4270,0.0574,-0.4420,0.0000,90.0000,0.0000,
9556107300,0.0000,-2.4270,0.0574,-0.4420,0.0000,90.0000,0.0000,
9570237700,0.0000,-2.4270,0.0574,-0.4420,0.0000,90.0000,0.0000,
9584326900,0.0000,-2.4270,0.0574,-0.4420,0.0000,90.0000,0.0000,
9598292000,0.0000,-2.4270,0.0574,-0.4420,0.0000,90.0000,0.0000,
9612186100,0.0000,-2.4270,0.0574,-0.4420,0.0000,90.0000,0.0000,
9626523200,0.0000,-2.4270,0.0574,-0.4420,0.0000,90.0000,0.0000,
9639808500,0.0000,-2.4270,0.0574,-0.4420,0.0000,90.0000,0.0000,
9654098600,0.0000,-2.4270,0.0574,-0.4420,0.0000,90.0000,0.0000,
9667716800,0.0000,-2.4270,0.0574,-0.4420,0.0000,90.0000,0.0000,
9681315100,0.0000,-2.4270,0.0574,-0.4420,0.0000,90.0000,0.0000,
9695335900,0.0000,-2.4270,0.0574,-0.4420,0.0000,90.0000,0.0000,
9709326100,0.0000,-2.4270,0.0574,-0.4420,0.0000,90.0000,0.0000,
9723271500,0.0000,-2.4270,0.0574,-0.4420,0.0000,90.0000,0.0000,
9736971000,0.0000,-2.4270,0.0574,-0.4420,0.0000,90.0000,0.0000,
9751725600,0.0000,-2.4270,0.0574,-0.4420,0.0000,90.0000,0.0000,
9765650100,0.0000,-2.4270,0.0574,-0.4420,0.0000,90.0000,0.0000,
9779272500,0.0000,-2.4270,0.0574,-0.4420,0.0000,90.0000,0.0000,
9792715600,0.0000,-2.4270,0.0574,-0.4420,0.0000,90.0000,0.0000,
9806816600,0.0000,-2.4270,0.0574,-0.4420,0.0000,90.0000,0.0000,
9821382800,0.0000,-2.4270,0.0574,-0.4420,0.0000,90.0000,0.0000,
9834724600,0.0000,-2.4270,0.0574,-0.4420,0.0000,90.0000,0.0000,
9849142200,0.0000,-2.4270,0.0574,-0.4420,0.0000,90.0000,0.0000,
9862589600,0.0000,-2.4270,0.0574,-0.4420,0.0000,90.0000,0.0000,
9877458100,0.0000,-2.4270,0.0574,-0.4420,0.0000,90.0000,0.0000,
9890673800,0.0000,-2.4270,0.0574,-0.4420,0.0000,90.0000,0.0000,
9904473200,0.0000,-2.4270,0.0574,-0.4420,0.0000,90.0000,0.0000,
9918231100,0.0000,-2.4270,0.0574,-0.4420,0.0000,90.0000,0.0000,
9932081000,0.0000,-2.4270,0.0574,-0.4420,0.0000,90.0000,0.0000,
9946207700,0.0000,-2.4270,0.0574,-0.4420,0.0000,90.0000,0.0000,
9960547500,0.0000,-2.4270,0.0574,-0.4420,0.0000,90.0000,0.0000,
9974098800,0.0000,-2.4270,0.0574,-0.4420,0.0000,90.0000,0.0000,
9987904000,0.0000,-2.4270,0.0574,-0.4420,0.0000,90.0000,0.0000,
10002339600,0.0000,-2.4270,0.0574,-0.4420,0.0000,90.0000,0.0000,
10016684500,0.0000,-2.4270,0.0574,-0.4420,0.0000,90.0000,0.0000,
10030066900,0.0000,-2.4270,0.0574,-0.4420,0.0000,90.0000,0.0000,
10043724000,0.0000,-2.4270,0.0574,-0.4420,0.0000,90.0000,0.0000,
10057614600,0.0000,-2.4270,0.0574,-0.4420,0.0000,90.0000,0.0000,
10071028800,0.0000,-2.4270,0.0574,-0.4420,0.0000,90.0000,0.0000,
10085593200,0.0000,-2.4270,0.0574,-0.4420,0.0000,90.0000,0.0000,
10099908200,0.0000,-2.4270,0.0574,-0.4420,0.0000,90.0000,0.0000,
10113367900,0.0000,-2.4270,0.0574,-0.4420,0.0000,90.0000,0.0000,
10127817200,0.0000,-2.4270,0.0574,-0.4420,0.0000,90.0000,0.0000,
10141857200,0.0000,-2.4270,0.0574,-0.4420,0.0000,90.0000,0.0000,
10155265500,0.0000,-2.4270,0.0574,-0.4420,0.0000,90.0000,0.0000,
10169724400,0.0000,-2.4270,0.0574,-0.4420,0.0000,90.0000,0.0000,
10183261500,0.0000,-2.4270,0.0574,-0.4420,0.0000,90.0000,0.0000,
10198501600,0.0000,-2.4270,0.0574,-0.4420,0.0000,90.0000,0.0000,
10210537500,0.0000,-2.4270,0.0574,-0.4420,0.0000,90.0000,0.0000,
10224247900,0.0000,-2.4270,0.0574,-0.4420,0.0000,90.0000,0.0000,
10238135400,0.0000,-2.4270,0.0574,-0.4420,0.0000,90.0000,0.0000,
10252142400,0.0000,-2.4270,0.0574,-0.4420,0.0000,90.0000,0.0000,
10265934000,0.0000,-2.4270,0.0574,-0.4420,0.0000,90.0000,0.0000,
10279998500,0.0000,-2.4270,0.0574,-0.4420,0.0000,90.0000,0.0000,
10293605500,0.0000,-2.4270,0.0574,-0.4420,0.0000,90.0000,0.0000,
10308250200,0.0000,-2.4270,0.0574,-0.4420,0.0000,90.0000,0.0000,
10321892900,0.0000,-2.4270,0.0574,-0.4420,0.0000,90.0000,0.0000,
10335732900,0.0000,-2.4270,0.0574,-0.4420,0.0000,90.0000,0.0000,
10349737300,0.0000,-2.4270,0.0574,-0.4420,0.0000,90.0000,0.0000,
10363735200,0.0000,-2.4270,0.0574,-0.4420,0.0000,90.0000,0.0000,
10377941800,0.0000,-2.4270,0.0574,-0.4420,0.0000,90.0000,0.0000,
10391548800,0.0000,-2.4270,0.0574,-0.4420,0.0000,90.0000,0.0000,
10405514200,0.0000,-2.4270,0.0574,-0.4420,0.0000,90.0000,0.0000,
10419985800,0.0000,-2.4270,0.0574,-0.4420,0.0000,90.0000,0.0000,
10433336900,0.0000,-2.4270,0.0574,-0.4420,0.0000,90.0000,0.0000,
10448094000,0.0000,-2.4270,0.0574,-0.4420,0.0000,90.0000,0.0000,
10461490900,0.0000,-2.4270,0.0574,-0.4420,0.0000,90.0000,0.0000,
10475497500,0.0000,-2.4270,0.0574,-0.4420,0.0000,90.0000,0.0000,
10489915300,0.0000,-2.4270,0.0574,-0.4420,0.0000,90.0000,0.0000,
10503817000,0.0000,-2.4270,0.0574,-0.4420,0.0000,90.0000,0.0000,
10517586200,0.0000,-2.4270,0.0574,-0.4420,0.0000,90.0000,0.0000,
10531298100,0.0000,-2.4270,0.0574,-0.4420,0.0000,90.0000,0.0000,
10545146700,0.0000,-2.4270,0.0574,-0.4420,0.0000,90.0000,0.0000,
10559040600,0.0000,-2.4270,0.0574,-0.4420,0.0000,90.0000,0.0000,
10572631300,0.0000,-2.4270,0.0574,-0.4420,0.0000,90.0000,0.0000,
10587161000,0.0000,-2.4270,0.0574,-0.4420,0.0000,90.0000,0.0000,
10600745700,0.0000,-2.4270,0.0574,-0.4420,0.0000,90.0000,0.0000,
10614580100,0.0000,-2.4270,0.0574,-0.4420,0.0000,90.0000,0.0000,
10628341900,0.0000,-2.4270,0.0574,-0.4420,0.0000,90.0000,0.0000,
10642760500,0.0000,-2.4270,0.0574,-0.4420,0.0000,90.0000,0.0000,
10656053100,0.0000,-2.4270,0.0574,-0.4420,0.0000,90.0000,0.0000,
10670312200,0.0000,-2.4270,0.0574,-0.4420,0.0000,90.0000,0.0000,
10684259400,0.0000,-2.4270,0.0574,-0.4420,0.0000,90.0000,0.0000,
10698253900,0.0000,-2.4270,0.0574,-0.4420,0.0000,90.0000,0.0000,
10711967800,0.0000,-2.4270,0.0574,-0.4420,0.0000,90.0000,0.0000,
10726296900,0.0000,-2.4270,0.0574,-0.4420,0.0000,90.0000,0.0000,
10741029700,0.0000,-2.4270,0.0574,-0.4420,0.0000,90.0000,0.0000,
10754459900,0.0000,-2.4270,0.0574,-0.4420,0.0000,90.0000,0.0000,
10767816700,0.0000,-2.4270,0.0574,-0.4420,0.0000,90.0000,0.0000,
10781759100,0.0000,-2.4270,0.0574,-0.4420,0.0000,90.0000,0.0000,
10795647800,0.0000,-2.4270,0.0574,-0.4420,0.0000,90.0000,0.0000,
10809821900,0.0000,-2.4270,0.0574,-0.4420,0.0000,90.0000,0.0000,
10823267300,0.0000,-2.4270,0.0574,-0.4420,0.0000,90.0000,0.0000,
10837602200,0.0000,-2.4270,0.0574,-0.4420,0.0000,90.0000,0.0000,
10851242400,0.0000,-2.4270,0.0574,-0.4420,0.0000,90.0000,0.0000,
10865477000,0.0000,-2.4270,0.0574,-0.4420,0.0000,90.0000,0.0000,
10879032600,0.0000,-2.4270,0.0574,-0.4420,0.0000,90.0000,0.0000,
10892625500,0.0000,-2.4270,0.0574,-0.4420,0.0000,90.0000,0.0000,
10907142900,0.0000,-2.4270,0.0574,-0.4420,0.0000,90.0000,0.0000,
10920909300,0.0000,-2.4270,0.0574,-0.4420,0.0000,90.0000,0.0000,
10934519100,0.0000,-2.4270,0.0574,-0.4420,0.0000,90.0000,0.0000,
10949061900,0.0000,-2.4270,0.0574,-0.4420,0.0000,90.0000,0.0000,
10962805500,0.0000,-2.4270,0.0574,-0.4420,0.0000,90.0000,0.0000,
10976989000,0.0000,-2.4270,0.0574,-0.4420,0.0000,90.0000,0.0000,
10990473000,0.0000,-2.4270,0.0574,-0.4420,0.0000,90.0000,0.0000,
11004300500,0.0000,-2.4270,0.0574,-0.4420,0.0000,90.0000,0.0000,
11018408400,0.0000,-2.4270,0.0574,-0.4420,0.0000,90.0000,0.0000,
11032405400,0.0000,-2.4270,0.0574,-0.4420,0.0000,90.0000,0.0000,
11046177800,0.0000,-2.4270,0.0574,-0.4420,0.0000,90.0000,0.0000,
11060444500,0.0000,-2.4270,0.0574,-0.4420,0.0000,90.0000,0.0000,
11074040500,0.0000,-2.4270,0.0574,-0.4420,0.0000,90.0000,0.0000,
11088617600,0.0000,-2.4270,0.0574,-0.4420,0.0000,90.0000,0.0000,
11102026100,0.0000,-2.4270,0.0574,-0.4420,0.0000,90.0000,0.0000,
11115655400,0.0000,-2.4270,0.0574,-0.4420,0.0000,90.0000,0.0000,
11129994500,0.0000,-2.4270,0.0574,-0.4420,0.0000,90.0000,0.0000,
11144466400,0.0000,-2.4270,0.0574,-0.4420,0.0000,90.0000,0.0000,
11157966800,0.0000,-2.4270,0.0574,-0.4420,0.0000,90.0000,0.0000,
11171744400,0.0000,-2.4270,0.0574,-0.4420,0.0000,90.0000,0.0000,
11185833800,0.0000,-2.4270,0.0574,-0.4420,0.0000,90.0000,0.0000,
11199483700,0.0000,-2.4270,0.0574,-0.4420,0.0000,90.0000,0.0000,
11213290200,0.0000,-2.4270,0.0574,-0.4420,0.0000,90.0000,0.0000,
11227709300,0.0000,-2.4270,0.0574,-0.4420,0.0000,90.0000,0.0000,
11241447100,0.0000,-2.4270,0.0574,-0.4420,0.0000,90.0000,0.0000,
11255115700,0.0000,-2.4270,0.0574,-0.4420,0.0000,90.0000,0.0000,
11269693100,0.0000,-2.4270,0.0574,-0.4420,0.0000,90.0000,0.0000,
11283235300,0.0000,-2.2301,1.1051,-0.5912,14.6269,63.6212,298.6286,
11297292500,0.0000,-2.2301,1.1051,-0.5912,14.6269,63.6212,298.6286,
11311118000,0.0000,-2.2158,1.1073,-0.6103,2.2023,63.9507,302.7849,
11325725700,0.0000,-2.2054,1.1088,-0.6243,354.8040,63.7188,305.2308,
11339137200,0.0000,-2.1974,1.1100,-0.6350,350.5541,63.4390,306.6690,
11352510500,0.0000,-2.2039,1.1400,-0.6308,342.0956,62.2569,310.8352,
11367237300,0.0000,-2.2077,1.1617,-0.6290,337.5314,61.3320,313.1915,
11381006700,0.0000,-2.2109,1.1936,-0.6241,331.0108,61.4503,316.3608,
11395626900,0.0000,-2.2128,1.2180,-0.6213,327.1365,61.1568,318.3559,
11408244200,0.0000,-2.2088,1.2417,-0.6166,322.4722,60.3573,320.1326,
11422530400,0.0000,-2.2056,1.2614,-0.6137,319.2333,59.5949,321.6135,
11436142400,0.0000,-2.2030,1.2788,-0.6118,316.6372,58.8286,322.9817,
11450344800,0.0000,-2.1937,1.2854,-0.6095,314.2105,57.6071,325.8005,
11464052600,0.0000,-2.1866,1.2936,-0.6080,311.9821,56.3473,328.2772,
11477957300,0.0000,-2.1766,1.2964,-0.6047,310.1321,54.0395,332.8101,
11491709300,0.0000,-2.1686,1.3017,-0.6023,308.3954,51.8484,336.6892,
11506105200,0.0000,-2.1618,1.3084,-0.6004,306.7687,49.6789,340.2229,
11519820700,0.0000,-2.1555,1.3118,-0.5939,304.7261,48.4648,343.5342,
11533698800,0.0000,-2.1497,1.3169,-0.5889,302.8950,46.7736,346.9227,
11547807600,0.0000,-2.1414,1.3204,-0.5818,300.8379,48.0292,349.1509,
11561455900,0.0000,-2.1340,1.3253,-0.5761,298.9728,48.0958,351.7545,
11575280300,0.0000,-2.1291,1.3298,-0.5708,296.9727,48.6224,354.1900,
11589772000,0.0000,-2.1240,1.3353,-0.5662,295.2059,48.2449,356.9290,
11603212100,0.0000,-2.1189,1.3413,-0.5621,293.5964,47.2403,359.9572,
11617371300,0.0000,-2.1117,1.3456,-0.5596,292.7873,45.6554,3.8917,
11630916800,0.0000,-2.1051,1.3508,-0.5569,291.8474,43.7189,7.9662,
11645458300,0.0000,-2.0988,1.3564,-0.5541,290.8571,41.4015,12.3040,
11659086800,0.0000,-2.0903,1.3562,-0.5531,291.4318,43.9730,11.1853,
11672794400,0.0000,-2.0826,1.3580,-0.5514,291.6252,45.4088,11.3028,
11687212100,0.0000,-2.0720,1.3505,-0.5529,294.7453,52.7131,6.3579,
11701034900,0.0000,-2.0628,1.3467,-0.5531,296.9183,57.0525,4.3141,
11714827700,0.0000,-2.0623,1.3392,-0.5509,299.4343,62.9027,0.5472,
11728654100,0.0000,-2.0600,1.3347,-0.5487,301.0893,66.4705,358.8838,
11742823500,0.0000,-2.0568,1.3323,-0.5466,302.2404,68.9861,358.1336,
11756516700,0.0000,-2.0587,1.3310,-0.5477,303.6180,67.7505,359.0920,
11771002900,0.0000,-2.0593,1.3302,-0.5482,304.7805,67.1717,359.8342,
11784642800,0.0000,-2.0618,1.3287,-0.5492,305.1906,66.9408,359.1946,
11798409800,0.0000,-2.0631,1.3275,-0.5498,305.6365,66.8896,358.6876,
11812240100,0.0000,-2.0646,1.3261,-0.5517,306.2089,66.1443,357.9650,
11826130800,0.0000,-2.0652,1.3251,-0.5529,306.8030,65.6346,357.3700,
11840649700,0.0000,-2.0653,1.3245,-0.5536,307.3578,65.3345,356.9218,
11853903600,0.0000,-2.0653,1.3226,-0.5551,307.3809,65.4416,356.4462,
11868282400,0.0000,-2.0650,1.3209,-0.5562,307.4483,65.5573,356.0995,
11881786300,0.0000,-2.0656,1.3191,-0.5579,307.4291,65.5099,356.0896,
11895938600,0.0000,-2.0657,1.3176,-0.5592,307.4286,65.4936,356.0846,
11909726800,0.0000,-2.0673,1.3154,-0.5599,307.4490,65.4813,356.0883,
11923606300,0.0000,-2.0684,1.3136,-0.5604,307.4781,65.4732,356.0923,
11937511300,0.0000,-2.0691,1.3120,-0.5609,307.5156,65.4692,356.0966,
11951575900,0.0000,-2.0696,1.3090,-0.5621,307.5344,65.4294,356.1623,
11965349000,0.0000,-2.0698,1.3063,-0.5632,307.5628,65.3831,356.2460,
11979631300,0.0000,-2.0699,1.3056,-0.5634,307.5824,65.3693,356.2632,
11993482000,0.0000,-2.0698,1.3050,-0.5635,307.6062,65.3581,356.2801,
12007284400,0.0000,-2.0698,1.3044,-0.5636,307.6338,65.3495,356.2966,
12021338200,0.0000,-2.0695,1.3045,-0.5635,307.6640,65.4318,356.2306,
12034859700,0.0000,-2.0692,1.3046,-0.5633,307.7269,65.6037,356.0940,
12048961400,0.0000,-2.0662,1.3066,-0.5622,307.9603,66.1785,355.8561,
12062761700,0.0000,-2.0629,1.3087,-0.5612,308.2556,66.8962,355.5654,
12077415400,0.0000,-2.0571,1.3114,-0.5604,308.4079,67.2631,355.4871,
12091069200,0.0000,-2.0527,1.3134,-0.5598,308.5453,67.5935,355.4188,
12104856000,0.0000,-2.0494,1.3148,-0.5594,308.6759,67.9068,355.3560,
12118921400,0.0000,-2.0429,1.3169,-0.5594,308.6942,68.0004,355.5605,
12132453900,0.0000,-2.0378,1.3185,-0.5594,308.7144,68.1018,355.7719,
12146554400,0.0000,-2.0266,1.3199,-0.5597,309.0485,68.5855,356.2969,
12160757000,0.0000,-2.0178,1.3210,-0.5599,309.3951,69.0954,356.8411,
12174369200,0.0000,-2.0105,1.3221,-0.5601,309.7094,69.5649,357.3343,
12188538300,0.0000,-2.0008,1.3224,-0.5608,311.2043,70.2292,358.1155,
12202279300,0.0000,-1.9926,1.3228,-0.5613,312.4822,70.8330,358.8068,
12216514600,0.0000,-1.9853,1.3224,-0.5598,314.5202,71.8144,358.6966,
12229884600,0.0000,-1.9786,1.3224,-0.5588,316.1732,72.6014,358.7049,
12244616800,0.0000,-1.9764,1.3222,-0.5602,317.4551,74.2335,357.7343,
12258666700,0.0000,-1.9736,1.3222,-0.5610,318.5972,75.5298,357.0736,
12272040800,0.0000,-1.9704,1.3223,-0.5617,319.6430,76.6137,356.6066,
12285831000,0.0000,-1.9660,1.3253,-0.5593,320.0225,76.9775,356.6203,
12300133200,0.0000,-1.9611,1.3280,-0.5573,320.4312,77.3485,356.6278,
12313560700,0.0000,-1.9569,1.3292,-0.5568,320.7573,77.4381,356.8411,
12327975800,0.0000,-1.9526,1.3303,-0.5563,321.1497,77.5868,357.0445,
12341486200,0.0000,-1.9481,1.3314,-0.5559,321.6260,77.7977,357.2526,
12355413000,0.0000,-1.9469,1.3330,-0.5550,322.2060,78.0138,357.5718,
12369568600,0.0000,-1.9450,1.3344,-0.5543,322.8449,78.2818,357.8871,
12383189300,0.0000,-1.9428,1.3335,-0.5548,323.7555,78.4223,358.3066,
12397189900,0.0000,-1.9398,1.3328,-0.5553,324.6656,78.6102,358.6997,
12410823300,0.0000,-1.9362,1.3318,-0.5554,325.5815,79.1279,358.3733,
12425194200,0.0000,-1.9324,1.3311,-0.5554,326.4810,79.6226,358.1131,
12439092000,0.0000,-1.9285,1.3307,-0.5554,327.3630,80.0969,357.9057,
12453016700,0.0000,-1.9278,1.3301,-0.5563,328.0120,80.3231,357.4493,
12466749500,0.0000,-1.9268,1.3297,-0.5569,328.6682,80.5594,357.0570,
12481009000,0.0000,-1.9271,1.3298,-0.5569,328.6138,80.5390,357.0668,
12494460400,0.0000,-1.9273,1.3298,-0.5569,328.5766,80.5263,357.0749,
12508682200,0.0000,-1.9285,1.3302,-0.5570,328.2624,80.3747,357.1182,
12522500800,0.0000,-1.9298,1.3307,-0.5571,327.7254,80.1131,357.1974,
12536889500,0.0000,-1.9306,1.3312,-0.5572,327.1858,79.8472,357.2834,
12550279200,0.0000,-1.9310,1.3317,-0.5575,326.8354,79.7588,357.3765,
12564515400,0.0000,-1.9311,1.3321,-0.5577,326.5601,79.6933,357.4543,
12578526400,0.0000,-1.9312,1.3322,-0.5579,326.2970,79.7335,357.4377,
12592247400,0.0000,-1.9311,1.3323,-0.5580,326.0623,79.7782,357.4206,
12606871300,0.0000,-1.9311,1.3324,-0.5582,325.8475,79.8269,357.4028,
12619891900,0.0000,-1.9305,1.3326,-0.5584,325.8032,79.9867,357.3073,
12633728300,0.0000,-1.9296,1.3329,-0.5588,325.7608,80.1629,357.2031,
12648323400,0.0000,-1.9251,1.3325,-0.5591,325.7946,80.2819,357.2146,
12661868700,0.0000,-1.9206,1.3323,-0.5594,325.8444,80.4384,357.2312,
12675951200,0.0000,-1.9169,1.3321,-0.5596,325.9116,80.6322,357.2537,
12690082500,0.0000,-1.9134,1.3319,-0.5595,326.3027,80.9924,357.2848,
12703844900,0.0000,-1.9104,1.3317,-0.5595,326.7568,81.4004,357.3257,
12717788400,0.0000,-1.9076,1.3322,-0.5600,327.4353,81.6341,357.3261,
12731308100,0.0000,-1.9050,1.3325,-0.5604,328.0941,81.8569,357.3315,
12745562800,0.0000,-1.9040,1.3333,-0.5609,328.0664,81.8775,357.2390,
12759818000,0.0000,-1.9029,1.3341,-0.5614,328.0556,81.8879,357.1951,
12773181900,0.0000,-1.9016,1.3347,-0.5618,328.0460,81.8997,357.1473,
12787042600,0.0000,-1.9017,1.3352,-0.5620,327.6263,81.9584,356.9055,
12801004900,0.0000,-1.9017,1.3357,-0.5621,326.9851,82.0550,356.5327,
12814975500,0.0000,-1.9023,1.3363,-0.5625,325.5237,82.4954,355.9687,
12828954800,0.0000,-1.9028,1.3372,-0.5629,324.1878,82.9257,355.4330,
12843020500,0.0000,-1.9026,1.3376,-0.5628,322.0448,84.4719,354.1846,
12856833900,0.0000,-1.9024,1.3381,-0.5628,320.3218,85.7962,353.0949,
12871032000,0.0000,-1.9021,1.3386,-0.5627,318.9586,86.9006,352.1728,
12884811100,0.0000,-1.9017,1.3393,-0.5627,316.1265,88.8500,350.0467,
12899998000,0.0000,-1.9012,1.3401,-0.5627,313.9084,90.6116,348.1806,
12912482600,0.0000,-1.8998,1.3413,-0.5621,312.3642,93.2530,343.7315,
12926410400,0.0000,-1.8982,1.3425,-0.5615,311.0906,95.6014,340.1217,
12940269500,0.0000,-1.8967,1.3437,-0.5610,310.0082,97.7369,337.0626,
12954098100,0.0000,-1.8923,1.3446,-0.5608,308.8984,98.8644,332.6902,
12968125100,0.0000,-1.8884,1.3455,-0.5606,307.8911,100.3292,328.8354,
12982303000,0.0000,-1.8844,1.3459,-0.5610,307.2426,100.5546,327.8909,
12995837500,0.0000,-1.8811,1.3463,-0.5613,306.6079,101.1197,326.6329,
13009924700,0.0000,-1.8782,1.3467,-0.5615,305.9299,101.9659,325.0434,
13023947700,0.0000,-1.8766,1.3467,-0.5620,305.1850,102.1936,324.7878,
13037978700,0.0000,-1.8749,1.3468,-0.5624,304.3922,102.6770,324.1442,
13051584900,0.0000,-1.8741,1.3470,-0.5624,303.6941,102.3802,324.5583,
13065717800,0.0000,-1.8731,1.3472,-0.5624,302.9243,102.2909,324.6618,
13079720500,0.0000,-1.8728,1.3472,-0.5624,302.1911,101.4785,325.6766,
13093435200,0.0000,-1.8725,1.3473,-0.5624,301.4140,100.8502,326.4162,
13107423200,0.0000,-1.8719,1.3474,-0.5624,300.6273,100.3975,326.9039,
13121367400,0.0000,-1.8716,1.3474,-0.5621,299.9417,99.8948,327.6704,
13135227600,0.0000,-1.8710,1.3474,-0.5618,299.2477,99.5158,328.2351,
13149328200,0.0000,-1.8699,1.3469,-0.5620,299.0445,99.1944,328.6069,
13163390400,0.0000,-1.8685,1.3463,-0.5621,298.8327,98.9706,328.8524,
13178023500,0.0000,-1.8672,1.3453,-0.5620,298.8947,98.7620,329.0127,
13191519700,0.0000,-1.8659,1.3443,-0.5619,298.9517,98.5206,329.1880,
13205764800,0.0000,-1.8647,1.3435,-0.5617,299.0064,98.2162,329.3972,
13219223800,0.0000,-1.8625,1.3418,-0.5615,299.4312,97.5153,330.0444,
13232928500,0.0000,-1.8604,1.3402,-0.5614,299.8985,96.7433,330.7432,
13247149300,0.0000,-1.8605,1.3391,-0.5614,300.7352,95.9823,331.3489,
13260994100,0.0000,-1.8604,1.3382,-0.5613,301.4932,95.3182,331.8564,
13274788100,0.0000,-1.8602,1.3373,-0.5613,302.1374,94.7698,332.2581,
13288719000,0.0000,-1.8600,1.3357,-0.5613,302.9762,94.6920,332.1802,
13302842200,0.0000,-1.8597,1.3341,-0.5614,303.7266,94.6106,332.1107,
13316709800,0.0000,-1.8597,1.3328,-0.5611,304.3265,94.6839,331.9790,
13330330600,0.0000,-1.8597,1.3315,-0.5608,304.8643,94.7353,331.8661,
13344514400,0.0000,-1.8599,1.3303,-0.5608,305.0688,94.6996,331.8739,
13358478700,0.0000,-1.8599,1.3291,-0.5607,305.2433,94.6677,331.8785,
13371985600,0.0000,-1.8600,1.3280,-0.5607,305.4152,94.6351,331.8815,
13386144700,0.0000,-1.8601,1.3273,-0.5606,305.5480,94.5619,331.9235,
13400060100,0.0000,-1.8602,1.3266,-0.5604,305.6917,94.4846,331.9657,
13413813700,0.0000,-1.8604,1.3263,-0.5604,305.6891,94.4280,332.0211,
13428047700,0.0000,-1.8605,1.3261,-0.5604,305.6872,94.3656,332.0814,
13442201300,0.0000,-1.8607,1.3258,-0.5604,305.6862,94.2977,332.1466,
13455768700,0.0000,-1.8610,1.3255,-0.5605,305.6923,94.2532,332.1996,
13469703700,0.0000,-1.8613,1.3252,-0.5606,305.6997,94.2060,332.2555,
13483811900,0.0000,-1.8616,1.3251,-0.5607,305.6982,94.1389,332.3243,
13497819700,0.0000,-1.8618,1.3251,-0.5608,305.6967,94.0529,332.4120,
13511492600,0.0000,-1.8618,1.3251,-0.5610,305.7072,94.0361,332.4285,
13525621100,0.0000,-1.8618,1.3251,-0.5612,305.7190,94.0214,332.4425,
13539498200,0.0000,-1.8618,1.3252,-0.5614,305.7321,94.0086,332.4540,
13553018700,0.0000,-1.8618,1.3252,-0.5617,305.7455,94.0399,332.4137,
13567185900,0.0000,-1.8617,1.3252,-0.5621,305.7600,94.0768,332.3665,
13581090500,0.0000,-1.8617,1.3252,-0.5626,305.7526,94.0981,332.3195,
13594970300,0.0000,-1.8617,1.3253,-0.5631,305.7439,94.1226,332.2668,
13608992100,0.0000,-1.8616,1.3251,-0.5636,305.7153,94.1753,332.1184,
13622978800,0.0000,-1.8614,1.3250,-0.5640,305.6672,94.2643,331.8714,
13636865600,0.0000,-1.8611,1.3248,-0.5644,305.6070,94.3772,331.5630,
13650708700,0.0000,-1.8606,1.3240,-0.5653,305.6373,94.7180,330.7489,
13664898000,0.0000,-1.8600,1.3230,-0.5663,305.6742,95.0913,329.8600,
13678773600,0.0000,-1.8599,1.3222,-0.5668,305.4926,95.3015,329.3603,
13692458200,0.0000,-1.8598,1.3215,-0.5672,305.3306,95.4946,328.9083,
13706602600,0.0000,-1.8597,1.3208,-0.5677,305.1787,95.6808,328.4788,
13720443500,0.0000,-1.8598,1.3199,-0.5687,305.0568,95.7502,328.3635,
13734311400,0.0000,-1.8598,1.3189,-0.5698,304.9531,95.8112,328.2619,
13748663700,0.0000,-1.8602,1.3181,-0.5705,304.8965,95.8350,328.2354,
13762303200,0.0000,-1.8606,1.3173,-0.5712,304.8454,95.8572,328.2103,
13776224400,0.0000,-1.8613,1.3166,-0.5723,304.7839,95.9294,328.1597,
13790439900,0.0000,-1.8619,1.3160,-0.5734,304.7054,96.0242,328.0929,
13804591300,0.0000,-1.8625,1.3153,-0.5745,304.6106,96.1416,328.0099,
13818399300,0.0000,-1.8634,1.3145,-0.5755,304.5227,96.2285,327.9354,
13832067500,0.0000,-1.8642,1.3138,-0.5765,304.4319,96.3199,327.8565,
13845961500,0.0000,-1.8651,1.3133,-0.5776,304.4089,96.3360,327.8462,
13859612600,0.0000,-1.8659,1.3129,-0.5787,304.3862,96.3518,327.8363,
13873873000,0.0000,-1.8666,1.3125,-0.5798,304.3632,96.3675,327.8266,
13887611000,0.0000,-1.8674,1.3122,-0.5805,304.3571,96.4031,327.7928,
13901605700,0.0000,-1.8681,1.3119,-0.5812,304.3524,96.4405,327.7569,
13915380800,0.0000,-1.8692,1.3119,-0.5817,304.3466,96.5259,327.6727,
13929487900,0.0000,-1.8704,1.3120,-0.5822,304.3397,96.6622,327.5378,
13943240900,0.0000,-1.8709,1.3120,-0.5828,304.3081,96.9500,327.2150,
13957505200,0.0000,-1.8714,1.3120,-0.5834,304.2726,97.3110,326.8077,
13971412700,0.0000,-1.8719,1.3119,-0.5839,304.2383,97.7039,326.3618,
13985127800,0.0000,-1.8738,1.3113,-0.5846,303.9074,98.3437,325.4239,
13999033400,0.0000,-1.8757,1.3107,-0.5853,303.5565,99.0442,324.3962,
14013080200,0.0000,-1.8817,1.3082,-0.5859,302.9494,100.1022,322.6793,
14026938800,0.0000,-1.8866,1.3061,-0.5865,302.4058,101.1134,321.0574,
14041040500,0.0000,-1.8903,1.3045,-0.5870,301.9476,102.0178,319.6208,
14054537900,0.0000,-1.8971,1.3016,-0.5857,301.3197,101.7119,319.1097,
14068613500,0.0000,-1.9024,1.2993,-0.5848,300.7441,101.4943,318.5822,
14082597700,0.0000,-1.9057,1.2971,-0.5846,300.5627,100.2659,319.2946,
14096878400,0.0000,-1.9085,1.2954,-0.5845,300.3734,99.1363,319.9098,
14110626500,0.0000,-1.9078,1.2953,-0.5851,300.8666,98.0582,321.0746,
14124752300,0.0000,-1.9074,1.2951,-0.5856,301.4417,96.8269,322.3765,
14138324400,0.0000,-1.9072,1.2948,-0.5863,302.0127,95.6332,323.6109,
14152375200,0.0000,-1.9057,1.2953,-0.5875,302.5424,95.5814,323.9394,
14166469900,0.0000,-1.9044,1.2957,-0.5889,303.0146,95.5079,324.2412,
14180097300,0.0000,-1.9027,1.2978,-0.5896,303.8008,95.9254,324.2777,
14193886400,0.0000,-1.9014,1.2995,-0.5903,304.5737,96.2936,324.3394,
14208486600,0.0000,-1.9005,1.3008,-0.5909,305.2836,96.5981,324.4161,
14221861600,0.0000,-1.9007,1.3014,-0.5906,305.9290,96.8782,324.5353,
14235765600,0.0000,-1.9009,1.3018,-0.5904,306.5228,97.1145,324.6544,
14249696000,0.0000,-1.9018,1.3020,-0.5901,306.7922,97.0622,324.8201,
14264182600,0.0000,-1.9032,1.3023,-0.5896,307.0365,97.0211,324.9622,
14277604600,0.0000,-1.9047,1.3027,-0.5892,307.2856,96.9841,325.1011,
14291435100,0.0000,-1.9081,1.3019,-0.5885,307.4563,96.6857,325.3752,
14305617300,0.0000,-1.9113,1.3012,-0.5879,307.6573,96.3689,325.6722,
14319558000,0.0000,-1.9147,1.2983,-0.5872,307.7719,95.9272,326.1128,
14333324400,0.0000,-1.9176,1.2960,-0.5866,307.9106,95.4583,326.5857,
14347389200,0.0000,-1.9213,1.2923,-0.5861,308.0191,95.1584,326.9205,
14361514900,0.0000,-1.9245,1.2894,-0.5857,308.1325,94.8751,327.2408,
14375224000,0.0000,-1.9271,1.2872,-0.5854,308.2545,94.5950,327.5612,
14389119800,0.0000,-1.9282,1.2812,-0.5837,308.2492,94.5475,327.5714,
14403706300,0.0000,-1.9295,1.2764,-0.5824,308.2466,94.5095,327.5800,
14416843600,0.0000,-1.9317,1.2678,-0.5792,308.3026,94.4288,327.6062,
14430938500,0.0000,-1.9337,1.2610,-0.5769,308.3984,94.2981,327.6494,
14445103100,0.0000,-1.9385,1.2515,-0.5729,308.1990,93.6886,327.9483,
14459025400,0.0000,-1.9425,1.2438,-0.5699,307.9272,92.8518,328.3668,
14472766500,0.0000,-1.9459,1.2372,-0.5673,307.6422,91.9638,328.8200,
14486276500,0.0000,-1.9537,1.2291,-0.5660,307.3829,89.4723,329.6260,
14500378000,0.0000,-1.9599,1.2221,-0.5647,307.1612,87.2219,330.3763,
14514139600,0.0000,-1.9685,1.2136,-0.5657,306.9749,88.0693,328.9049,
14527944400,0.0000,-1.9757,1.2061,-0.5661,306.8095,88.7521,327.6281,
14541985100,0.0000,-1.9803,1.2002,-0.5696,306.7230,89.4136,326.4514,
14555645200,0.0000,-1.9848,1.1943,-0.5719,306.6391,89.9805,325.3716,
14569739200,0.0000,-1.9892,1.1885,-0.5734,306.5577,90.4700,324.3768,
14583886700,0.0000,-1.9894,1.1878,-0.5750,305.8491,90.7502,323.9905,
14597787600,0.0000,-1.9904,1.1862,-0.5761,305.1166,91.0452,323.5430,
14611408400,0.0000,-1.9921,1.1838,-0.5770,304.3981,91.3427,323.0582,
14625744900,0.0000,-1.9907,1.1845,-0.5785,304.0359,91.4622,322.8600,
14639589000,0.0000,-1.9896,1.1846,-0.5803,303.7092,91.5714,322.6584,
14653347600,0.0000,-1.9860,1.1888,-0.5836,303.4520,91.8525,322.1918,
14667737500,0.0000,-1.9838,1.1912,-0.5864,303.1760,92.1457,321.6926,
14681401300,0.0000,-1.9829,1.1956,-0.5877,302.8840,92.6778,321.0104,
14694978900,0.0000,-1.9826,1.1981,-0.5888,302.5759,93.2324,320.2870,
14709845300,0.0000,-1.9840,1.2002,-0.5892,302.4121,94.0890,319.4304,
14723326600,0.0000,-1.9853,1.2015,-0.5897,302.2435,94.9523,318.5533,
14737174400,0.0000,-1.9865,1.2025,-0.5902,302.0737,95.8132,317.6671,
14750960900,0.0000,-1.9911,1.2040,-0.5903,301.7816,97.2721,315.8351,
14765246200,0.0000,-1.9954,1.2052,-0.5905,301.5078,98.7435,313.9918,
14779050900,0.0000,-2.0005,1.2064,-0.5912,300.8094,98.9562,313.1261,
14792694700,0.0000,-2.0046,1.2072,-0.5919,300.1554,99.2357,312.2338,
14806970900,0.0000,-2.0081,1.2077,-0.5925,299.5493,99.5671,311.3326,
14820667600,0.0000,-2.0106,1.2071,-0.5926,298.9149,99.4734,310.7962,
14834524400,0.0000,-2.0131,1.2066,-0.5929,298.3195,99.4596,310.2212,
14848519000,0.0000,-2.0158,1.2058,-0.5922,297.4190,99.0863,310.1651,
14862430900,0.0000,-2.0186,1.2051,-0.5917,296.5652,98.7929,310.0313,
14876260600,0.0000,-2.0214,1.2047,-0.5913,296.0505,98.4566,310.1655,
14890543400,0.0000,-2.0242,1.2044,-0.5910,295.5709,98.1873,310.2305,
14904379300,0.0000,-2.0269,1.2041,-0.5908,295.0932,97.9535,310.2493,
14917913300,0.0000,-2.0288,1.2028,-0.5914,294.9790,97.6680,310.5251,
14931735600,0.0000,-2.0308,1.2016,-0.5919,294.8671,97.4408,310.7310,
14946279200,0.0000,-2.0324,1.2010,-0.5934,294.8127,97.1921,310.9365,
14959999100,0.0000,-2.0343,1.2004,-0.5948,294.7421,96.9257,311.1476,
14973531600,0.0000,-2.0363,1.1998,-0.5960,294.6491,96.6199,311.3814,
14987754700,0.0000,-2.0391,1.1992,-0.5969,294.6178,96.7043,311.2834,
15002978900,0.0000,-2.0419,1.1987,-0.5977,294.5626,96.8445,311.1179,
15015735700,0.0000,-2.0439,1.1977,-0.5990,294.5984,97.1298,310.9571,
15029811700,0.0000,-2.0458,1.1969,-0.6002,294.6781,97.7893,310.5833,
15043794300,0.0000,-2.0475,1.1961,-0.6007,295.1330,98.7979,309.9521,
15057518900,0.0000,-2.0493,1.1953,-0.6012,295.6341,99.8631,309.2931,
15071215500,0.0000,-2.0511,1.1945,-0.6018,296.1153,100.8444,308.6931,
15085540500,0.0000,-2.0518,1.1946,-0.6018,296.5752,101.2162,308.7071,
15099714300,0.0000,-2.0526,1.1946,-0.6019,296.9941,101.5590,308.7121,
15112819500,0.0000,-2.0524,1.1948,-0.6022,297.3266,101.6587,308.8442,
15127742400,0.0000,-2.0521,1.1951,-0.6027,297.6356,101.7617,308.9556,
15141081100,0.0000,-2.0518,1.1954,-0.6035,297.9365,101.8703,309.0551,
15154983400,0.0000,-2.0504,1.1971,-0.6046,297.9619,101.7181,309.2360,
15168993500,0.0000,-2.0492,1.1987,-0.6057,297.9833,101.6169,309.3592,
15182739600,0.0000,-2.0466,1.2015,-0.6066,297.9700,101.2443,309.8051,
15196544000,0.0000,-2.0446,1.2038,-0.6075,297.9588,100.7195,310.4382,
15210361700,0.0000,-2.0414,1.2065,-0.6072,297.9735,100.1797,311.1030,
15224684400,0.0000,-2.0389,1.2086,-0.6070,297.9970,99.6331,311.7816,
15238376400,0.0000,-2.0371,1.2103,-0.6070,298.0280,99.0990,312.4496,
15252295400,0.0000,-2.0348,1.2132,-0.6049,297.9911,98.9486,312.5998,
15266816900,0.0000,-2.0328,1.2157,-0.6032,297.9679,98.8502,312.6988,
15280495800,0.0000,-2.0301,1.2175,-0.6001,297.9512,98.7926,312.7498,
15294169700,0.0000,-2.0278,1.2192,-0.5978,297.9339,98.7317,312.8038,
15308573000,0.0000,-2.0259,1.2206,-0.5959,297.9159,98.6676,312.8607,
15322360200,0.0000,-2.0239,1.2209,-0.5921,297.9234,98.0660,313.3600,
15335819600,0.0000,-2.0221,1.2213,-0.5890,297.9428,97.2140,314.0665,
15350037200,0.0000,-2.0199,1.2209,-0.5844,297.9267,96.2436,314.9500,
15363714200,0.0000,-2.0179,1.2208,-0.5807,297.9210,95.2875,315.8215,
15378061500,0.0000,-2.0152,1.2188,-0.5771,298.0579,94.8333,316.2433,
15391404200,0.0000,-2.0128,1.2174,-0.5741,298.1833,94.4399,316.6091,
15405824100,0.0000,-2.0108,1.2166,-0.5715,298.3077,94.0687,316.9546,
15419715200,0.0000,-2.0075,1.2150,-0.5693,298.6279,92.9949,318.5748,
15433322200,0.0000,-2.0046,1.2139,-0.5672,299.0071,91.8352,320.3496,
15447279700,0.0000,-1.9995,1.2138,-0.5637,299.8590,90.8143,322.2528,
15461275900,0.0000,-1.9951,1.2137,-0.5605,300.6274,89.9771,323.8772,
15475312200,0.0000,-1.9870,1.2156,-0.5592,301.8557,89.0862,325.8272,
15489725800,0.0000,-1.9805,1.2170,-0.5576,302.9157,88.4014,327.4282,
15503120300,0.0000,-1.9749,1.2180,-0.5558,303.8229,87.8704,328.7462,
15516944700,0.0000,-1.9691,1.2224,-0.5544,304.7522,86.8957,330.9135,
15531092200,0.0000,-1.9640,1.2256,-0.5527,305.6194,86.1227,332.7456,
15545276800,0.0000,-1.9575,1.2308,-0.5521,307.4048,85.3938,334.9368,
15558766000,0.0000,-1.9517,1.2348,-0.5511,308.9468,84.8638,336.7559,
15573010200,0.0000,-1.9463,1.2381,-0.5498,310.2756,84.4735,338.2776,
15586538900,0.0000,-1.9374,1.2435,-0.5508,310.2339,84.0296,339.0320,
15600777800,0.0000,-1.9297,1.2480,-0.5510,310.3271,83.6696,339.7295,
15614613600,0.0000,-1.9194,1.2520,-0.5499,310.3351,83.5942,340.5478,
15628874900,0.0000,-1.9105,1.2556,-0.5487,310.4515,83.4854,341.5137,
15642475400,0.0000,-1.9025,1.2590,-0.5476,310.6648,83.3548,342.5752,
15656485000,0.0000,-1.8933,1.2604,-0.5490,311.0405,83.4108,342.9258,
15670587600,0.0000,-1.8849,1.2622,-0.5498,311.4432,83.4444,343.3468,
15684460700,0.0000,-1.8785,1.2637,-0.5507,311.4943,83.3796,343.3628,
15698070700,0.0000,-1.8720,1.2655,-0.5511,311.5378,83.3385,343.3936,
15711949400,0.0000,-1.8676,1.2653,-0.5517,311.5535,83.3844,343.3141,
15725859000,0.0000,-1.8628,1.2658,-0.5520,311.5806,83.4408,343.2267,
15740483200,0.0000,-1.8575,1.2668,-0.5521,311.6405,83.5403,343.0872,
15753721600,0.0000,-1.8530,1.2658,-0.5540,311.7009,83.7674,342.8201,
15768003000,0.0000,-1.8480,1.2656,-0.5554,311.7863,84.0344,342.5266,
15781934500,0.0000,-1.8408,1.2636,-0.5580,311.7582,84.6548,342.2033,
15795813100,0.0000,-1.8339,1.2625,-0.5599,311.7386,85.4163,341.8390,
15809892700,0.0000,-1.8236,1.2623,-0.5641,311.9670,85.2354,342.3753,
15823871900,0.0000,-1.8143,1.2623,-0.5673,312.2934,84.9815,343.1405,
15837702300,0.0000,-1.8059,1.2626,-0.5698,312.6768,84.6919,344.0327,
15851141900,0.0000,-1.7969,1.2637,-0.5724,313.3035,83.9650,345.4012,
15865208800,0.0000,-1.7885,1.2646,-0.5746,313.9122,83.3060,346.6907,
15879450000,0.0000,-1.7805,1.2655,-0.5766,314.4722,82.7374,347.8457,
15892997200,0.0000,-1.7705,1.2641,-0.5781,315.3597,82.3618,348.8935,
15907072800,0.0000,-1.7613,1.2633,-0.5797,316.1608,82.0277,349.8579,
15921426300,0.0000,-1.7524,1.2607,-0.5829,316.5734,81.7329,350.5890,
15935303500,0.0000,-1.7438,1.2589,-0.5857,316.9664,81.4666,351.2689,
15949441400,0.0000,-1.7374,1.2594,-0.5860,317.3861,81.9395,350.9514,
15963074800,0.0000,-1.7305,1.2598,-0.5868,317.8511,82.3911,350.6974,
15976866400,0.0000,-1.7188,1.2576,-0.5891,319.1180,83.4182,349.9597,
15990781500,0.0000,-1.7082,1.2561,-0.5912,320.3926,84.3462,349.3619,
16004784500,0.0000,-1.6983,1.2549,-0.5932,321.5417,85.1052,348.9332,
16018617300,0.0000,-1.6887,1.2555,-0.5928,323.2509,85.8751,348.7036,
16032423600,0.0000,-1.6793,1.2558,-0.5929,324.7496,86.5187,348.5610,
16046511800,0.0000,-1.6689,1.2567,-0.5925,326.1140,86.7349,348.9062,
16060396400,0.0000,-1.6590,1.2573,-0.5926,327.3437,86.9656,349.1909,
16074217000,0.0000,-1.6493,1.2577,-0.5930,328.4887,87.2055,349.4390,
16088377800,0.0000,-1.6394,1.2597,-0.5917,329.3387,86.7785,349.3481,
16102262500,0.0000,-1.6297,1.2612,-0.5910,330.2165,86.4540,349.2848,
16115795100,0.0000,-1.6213,1.2615,-0.5885,330.7174,85.8346,350.0477,
16130146900,0.0000,-1.6126,1.2618,-0.5869,331.3164,85.2868,350.7664,
16143908100,0.0000,-1.6045,1.2604,-0.5859,331.7197,84.6021,351.4268,
16157632400,0.0000,-1.5961,1.2595,-0.5852,332.1916,83.9946,352.0405,
16171804000,0.0000,-1.5875,1.2588,-0.5847,332.7169,83.4490,352.6162,
16185658700,0.0000,-1.5812,1.2565,-0.5844,333.5818,83.2586,352.9856,
16199379900,0.0000,-1.5742,1.2548,-0.5841,334.4774,83.0715,353.3616,
16213661100,0.0000,-1.5670,1.2525,-0.5834,336.6822,83.2958,353.5393,
16227344500,0.0000,-1.5595,1.2507,-0.5828,338.7129,83.4726,353.7479,
16241556000,0.0000,-1.5518,1.2492,-0.5824,340.4590,83.6040,353.9599,
16254998300,0.0000,-1.5459,1.2505,-0.5804,340.8844,83.0874,354.5218,
16269086900,0.0000,-1.5394,1.2513,-0.5788,341.3716,82.6953,354.9821,
16283443600,0.0000,-1.5355,1.2525,-0.5759,341.4258,82.6502,354.9880,
16297244900,0.0000,-1.5306,1.2533,-0.5736,341.5073,82.6178,355.0035,
16311027300,0.0000,-1.5262,1.2547,-0.5706,341.4913,82.6284,354.9723,
16324798900,0.0000,-1.5210,1.2557,-0.5681,341.4874,82.6396,354.9414,
16339082400,0.0000,-1.5153,1.2563,-0.5659,341.4953,82.6513,354.9108,
16352885500,0.0000,-1.5068,1.2537,-0.5633,341.4878,82.6775,354.7885,
16366458300,0.0000,-1.4988,1.2518,-0.5610,341.4996,82.7226,354.5779,
16380684500,0.0000,-1.4888,1.2462,-0.5593,341.6430,82.9158,354.3146,
16394391700,0.0000,-1.4796,1.2421,-0.5575,341.8451,83.1433,354.0152,
16408141600,0.0000,-1.4727,1.2371,-0.5561,341.9036,83.2509,353.9597,
16422217700,0.0000,-1.4657,1.2332,-0.5545,341.9623,83.3376,353.9215,
16436064700,0.0000,-1.4586,1.2299,-0.5530,342.0309,83.4241,353.8890,
16450500600,0.0000,-1.4546,1.2274,-0.5527,342.0707,83.4952,353.9364,
16463941100,0.0000,-1.4497,1.2251,-0.5520,342.1299,83.5873,354.0053,
16478005100,0.0000,-1.4490,1.2253,-0.5513,342.0528,83.6188,353.9713,
16492062900,0.0000,-1.4474,1.2252,-0.5505,341.8527,83.6983,353.8842,
16506117500,0.0140,-1.4446,1.2246,-0.5495,341.5669,83.8089,353.7607,
16520194800,0.0280,-1.4443,1.2247,-0.5489,341.0437,83.9502,353.4872,
16533547600,0.0416,-1.4434,1.2246,-0.5481,340.5004,84.0949,353.2020,
16547370500,0.0552,-1.4418,1.2240,-0.5474,340.4023,84.1210,353.0216,
16560823000,0.0687,-1.4394,1.2231,-0.5463,340.3280,84.1387,352.8836,
16574619100,0.0827,-1.4361,1.2220,-0.5451,340.2620,84.1529,352.7599,
16588789900,0.0967,-1.4314,1.2203,-0.5436,340.2947,84.1615,352.7715,
16602846200,0.1107,-1.4266,1.2187,-0.5423,340.3309,84.1703,352.7845,
16615703300,0.1237,-1.4195,1.2170,-0.5426,340.5994,84.2342,352.8380,
16630471500,0.1383,-1.4132,1.2155,-0.5426,341.0576,84.3415,352.9298,
16644045000,0.1519,-1.4032,1.2132,-0.5442,341.8300,84.7932,353.1735,
16657850600,0.1656,-1.3947,1.2112,-0.5451,342.5987,85.2461,353.4232,
16671663400,0.1797,-1.3872,1.2094,-0.5456,343.2870,85.6547,353.6528,
16685543800,0.1934,-1.3848,1.2101,-0.5463,343.5525,85.7990,353.8904,
16700165500,0.2080,-1.3820,1.2101,-0.5467,343.7825,85.9263,354.0877,
16713327400,0.2213,-1.3825,1.2110,-0.5462,343.7776,85.9940,354.1201,
16727750100,0.2356,-1.3824,1.2117,-0.5457,343.7793,86.0415,354.1434,
16741821300,0.2496,-1.3819,1.2125,-0.5451,343.7846,86.0882,354.1667,
16755005800,0.2630,-1.3815,1.2140,-0.5446,343.7655,86.0952,354.1866,
16769065100,0.2769,-1.3804,1.2155,-0.5440,343.7467,86.1036,354.2088,
16782913700,0.2908,-1.3797,1.2161,-0.5439,342.0857,85.9389,353.8355,
16797429900,0.3053,-1.3786,1.2165,-0.5437,340.0789,85.7550,353.3810,
16811016700,0.3190,-1.3849,1.2168,-0.5435,330.9067,85.0383,348.4400,
16825241700,0.3330,-1.3918,1.2171,-0.5432,325.5131,85.0333,345.3930,
16838916600,0.3468,-1.3965,1.2172,-0.5429,322.1329,85.2166,343.3859,
16852727400,0.3608,-1.4037,1.2059,-0.5461,313.5820,84.5255,343.2219,
16866722200,0.3746,-1.4089,1.1977,-0.5483,308.6985,84.2573,342.7986,
16880897900,0.3886,-1.4143,1.1904,-0.5454,297.6299,80.7396,343.0876,
16894553600,0.4026,-1.4185,1.1847,-0.5435,292.1548,78.6812,343.5999,
16908270700,0.4162,-1.4220,1.1798,-0.5420,288.7991,77.3271,344.0161,
16922216700,0.4301,-1.4306,1.1863,-0.5402,283.7196,65.7959,352.9070,
16936267800,0.4442,-1.4374,1.1900,-0.5388,280.6516,54.5371,2.5743,
16950304600,0.4582,-1.4502,1.2004,-0.5389,278.7455,53.7836,359.8492,
16964323800,0.4722,-1.4602,1.2075,-0.5388,276.9224,50.7574,0.4341,
16978234300,0.4861,-1.4704,1.2142,-0.5415,277.6858,69.7186,341.0158,
16991723300,0.4997,-1.4791,1.2191,-0.5434,278.3968,82.3910,327.6729,
17006497000,0.5143,-1.4868,1.2229,-0.5448,278.8770,91.6524,317.6196,
17019664700,0.5275,-1.4904,1.2204,-0.5509,281.0467,94.2099,315.6161,
17033720900,0.5418,-1.4947,1.2192,-0.5553,282.5978,96.5452,313.5003,
17047867600,0.5556,-1.4965,1.2167,-0.5555,282.9333,97.7827,311.8444,
17061602100,0.5695,-1.4989,1.2152,-0.5559,283.1505,99.1121,310.1001,
17075175300,0.5832,-1.5014,1.2142,-0.5554,282.5697,101.4311,307.1643,
17089398400,0.5973,-1.5046,1.2134,-0.5551,281.8803,105.1088,302.6344,
17103633500,0.6114,-1.5084,1.2128,-0.5551,281.2507,109.7778,297.0206,
17118206100,0.6261,-1.5141,1.2124,-0.5535,279.8366,114.7407,291.2119,
17130975200,0.6390,-1.5197,1.2122,-0.5523,278.7379,121.1313,283.9852,
17145375800,0.6532,-1.5289,1.2138,-0.5498,277.7581,127.5398,276.5732,
17159469600,0.6673,-1.5367,1.2149,-0.5480,277.0715,135.2488,267.9367,
17173630800,0.6817,-1.5438,1.2158,-0.5467,276.6470,143.9293,258.3820,
17186823800,0.6947,-1.5476,1.2163,-0.5465,276.9418,146.0035,256.4841,
17200797600,0.7087,-1.5514,1.2167,-0.5462,277.1734,148.2249,254.3254,
17214677600,0.7226,-1.5530,1.2163,-0.5469,277.7515,152.3873,250.5300,
17228935600,0.7368,-1.5551,1.2161,-0.5473,278.4318,156.9981,246.2325,
17242473500,0.7504,-1.5553,1.2154,-0.5475,278.9865,156.9011,246.1028,
17256237000,0.7643,-1.5560,1.2148,-0.5476,279.5273,157.2386,245.5036,
17271018800,0.7788,-1.5573,1.2142,-0.5477,280.0827,157.8822,244.5572,
17284806600,0.7927,-1.5593,1.2103,-0.5479,280.4267,155.8077,246.5114,
17298534800,0.8064,-1.5618,1.2067,-0.5481,280.7986,154.1394,248.0265,
17312186300,0.8202,-1.5635,1.2037,-0.5490,280.9176,152.2917,249.9409,
17326043400,0.8339,-1.5655,1.2013,-0.5497,281.0587,150.6740,251.6011,
17340336200,0.8482,-1.5677,1.1993,-0.5502,281.2161,149.2583,253.0391,
17353720700,0.8617,-1.5674,1.1994,-0.5509,281.6315,147.6300,255.2347,
17368256100,0.8761,-1.5674,1.1993,-0.5513,282.0994,146.1580,257.2866,
17382171900,0.8900,-1.5674,1.2005,-0.5556,282.6753,145.2600,258.8906,
17396208200,0.9043,-1.5680,1.2016,-0.5599,283.2115,144.6170,260.1541,
17410350200,0.9182,-1.5688,1.2023,-0.5635,283.6975,144.1684,261.1379,
17424060000,0.9319,-1.5693,1.2036,-0.5653,283.8078,144.6203,260.6992,
17437848900,0.9457,-1.5700,1.2046,-0.5668,283.8913,144.9131,260.4218,
17451079600,0.9591,-1.5707,1.2049,-0.5677,283.9838,144.9173,260.3306,
17465436600,0.9733,-1.5716,1.2051,-0.5687,284.1303,144.9237,260.2009,
17479931900,0.9878,-1.5722,1.2053,-0.5689,284.1379,144.9954,259.9322,
17493410400,1.0014,-1.5729,1.2054,-0.5692,284.1531,145.0880,259.5953,
17507461800,1.0154,-1.5738,1.2055,-0.5696,284.1759,145.1942,259.2176,
17521346800,1.0292,-1.5745,1.2055,-0.5697,284.1973,145.2745,258.7268,
17535041800,1.0431,-1.5754,1.2056,-0.5699,284.2248,145.3580,258.2241,
17549133700,1.0570,-1.5775,1.2056,-0.5701,284.2064,145.4848,258.0271,
17562708500,1.0706,-1.5798,1.2055,-0.5705,284.1967,145.5623,257.9087,
17576994000,1.0849,-1.5820,1.2055,-0.5709,284.1907,145.6162,257.8276,
17590693700,1.0987,-1.5881,1.2029,-0.5744,284.1930,145.3584,258.1014,
17605078800,1.1129,-1.5931,1.2009,-0.5772,284.1988,144.8890,258.6019,
17618823400,1.1266,-1.5960,1.1977,-0.5798,284.2936,143.7323,260.1580,
17632762800,1.1408,-1.5984,1.1953,-0.5819,284.4319,142.2708,262.1483,
17646349400,1.1542,-1.5998,1.1932,-0.5830,284.6847,141.2307,263.7516,
17660737300,1.1686,-1.6013,1.1913,-0.5840,284.9303,140.3177,265.1976,
17674176500,1.1822,-1.6029,1.1897,-0.5851,285.1619,139.5328,266.4744,
17688260300,1.1961,-1.6037,1.1896,-0.5844,285.3188,139.7549,266.4874,
17702182500,1.2101,-1.6047,1.1894,-0.5840,285.4560,139.9303,266.5212,
17716250400,1.2242,-1.6058,1.1892,-0.5824,285.6941,140.0345,266.6272,
17730405700,1.2383,-1.6073,1.1889,-0.5809,285.9489,140.1368,266.7559,
17743800000,1.2517,-1.6088,1.1885,-0.5797,286.2146,140.2360,266.9032,
17757865200,1.2657,-1.6094,1.1880,-0.5781,286.7370,138.9112,268.4051,
17772247100,1.2802,-1.6101,1.1874,-0.5767,287.3102,137.5980,269.9205,
17785625600,1.2935,-1.6103,1.1872,-0.5747,287.7590,136.2823,271.2473,
17799481700,1.3074,-1.6106,1.1870,-0.5729,288.1855,135.1366,272.4154,
17813557500,1.3216,-1.6109,1.1872,-0.5712,288.3661,133.8555,273.5865,
17827938900,1.3357,-1.6112,1.1873,-0.5697,288.5537,132.6716,274.6765,
17841237400,1.3491,-1.6117,1.1873,-0.5684,288.7525,131.5357,275.7282,
17855006600,1.3630,-1.6121,1.1873,-0.5672,288.9620,130.4404,276.7473,
17869061100,1.3770,-1.6118,1.1881,-0.5649,288.9544,129.6275,277.2681,
17884344900,1.3922,-1.6117,1.1888,-0.5630,289.0475,129.0776,277.6576,
17897245500,1.4051,-1.6118,1.1893,-0.5613,289.1475,128.5373,278.0495,
17911191400,1.4192,-1.6119,1.1897,-0.5598,289.2579,127.9830,278.4590,
17925158300,1.4331,-1.6116,1.1906,-0.5578,289.2392,127.6785,278.5518,
17939149700,1.4470,-1.6115,1.1913,-0.5560,289.2269,127.3446,278.6664,
17952934200,1.4610,-1.6103,1.1918,-0.5541,289.2225,127.2258,278.6058,
17966939100,1.4748,-1.6094,1.1923,-0.5524,289.2230,127.0994,278.5561,
17980853200,1.4888,-1.6087,1.1925,-0.5509,289.2577,127.2206,278.3051,
17994780900,1.5027,-1.6081,1.1928,-0.5494,289.2980,127.3448,278.0473,
18009106000,1.5170,-1.6076,1.1930,-0.5480,289.3450,127.4756,277.7750,
18023123600,1.5310,-1.6072,1.1927,-0.5472,289.3979,127.2967,277.8065,
18036071000,1.5441,-1.6068,1.1924,-0.5464,289.4578,127.0993,277.8471,
18050184900,1.5580,-1.6064,1.1915,-0.5454,289.5386,126.8794,277.9081,
18064479100,1.5724,-1.6060,1.1906,-0.5443,289.6263,126.6446,277.9774,
18078189300,1.5861,-1.6051,1.1898,-0.5427,289.6179,126.4666,277.9521,
18092143800,1.6002,-1.6042,1.1890,-0.5412,289.6081,126.2787,277.9281,
18106707500,1.6145,-1.6034,1.1882,-0.5397,289.5972,126.0836,277.9056,
18120330700,1.6282,-1.6013,1.1859,-0.5370,289.4727,126.1385,277.5127,
18133906500,1.6419,-1.5994,1.1839,-0.5346,289.3352,126.2055,277.0797,
18147551700,1.6554,-1.5967,1.1797,-0.5318,289.1868,126.2941,276.4233,
18161850100,1.6697,-1.5946,1.1764,-0.5294,289.0385,126.3915,275.7652,
18175448400,1.6835,-1.5930,1.1739,-0.5274,288.8992,126.4913,275.1439,
18189814700,1.6977,-1.5894,1.1688,-0.5239,288.9456,127.5795,273.5265,
18203705100,1.7116,-1.5865,1.1648,-0.5210,288.9945,128.6114,271.9807,
18217887600,1.7257,-1.5855,1.1641,-0.5182,289.1116,129.4127,270.2842,
18231564600,1.7396,-1.5845,1.1632,-0.5157,289.2231,130.1551,268.7019,
18245213300,1.7531,-1.5834,1.1621,-0.5134,289.3249,130.8163,267.2843,
18259727100,1.7675,-1.5829,1.1624,-0.5120,289.0705,130.9692,266.7447,
18273053000,1.7810,-1.5824,1.1623,-0.5105,288.8589,131.1396,266.2129,
18287345000,1.7952,-1.5829,1.1635,-0.5091,288.5608,129.8301,267.3262,
18301485100,1.8093,-1.5832,1.1645,-0.5074,288.2273,128.3033,268.5961,
18315021100,1.8230,-1.5832,1.1658,-0.5060,288.1577,127.1194,269.8262,
18329054500,1.8369,-1.5831,1.1667,-0.5045,288.0965,125.9821,270.9879,
18343044600,1.8509,-1.5829,1.1675,-0.5030,288.0420,124.8656,272.1110,
18356928900,1.8648,-1.5827,1.1678,-0.5014,288.0593,123.4342,273.4435,
18370783500,1.8788,-1.5824,1.1680,-0.4998,288.0847,122.0091,274.7559,
18384964100,1.8928,-1.5819,1.1682,-0.4989,288.1376,120.9489,275.7847,
18398768000,1.9067,-1.5813,1.1684,-0.4980,288.1904,119.9667,276.7278,
18412541000,1.9206,-1.5804,1.1678,-0.4979,288.3051,118.9782,277.6101,
18426390000,1.9343,-1.5793,1.1670,-0.4977,288.4238,117.9939,278.4804,
18440244900,1.9481,-1.5780,1.1662,-0.4973,288.5462,117.0170,279.3369,
18454276300,1.9623,-1.5771,1.1648,-0.4957,288.5985,116.6409,279.6818,
18468268600,1.9761,-1.5762,1.1635,-0.4940,288.6422,116.3270,279.9666,
18481966600,1.9898,-1.5753,1.1624,-0.4921,288.6206,115.9691,280.3257,
18495749600,2.0037,-1.5744,1.1613,-0.4903,288.5967,115.5583,280.7356,
18510069900,2.0179,-1.5736,1.1603,-0.4886,288.5700,115.0811,281.2094,
18523729800,2.0316,-1.5730,1.1598,-0.4877,288.5497,113.8978,282.3487,
18537568600,2.0455,-1.5724,1.1593,-0.4868,288.5356,112.5412,283.6517,
18551729800,2.0597,-1.5723,1.1590,-0.4852,288.5751,112.2950,283.9803,
18565600100,2.0735,-1.5721,1.1586,-0.4836,288.6058,112.1074,284.2301,
18579442600,2.0873,-1.5712,1.1585,-0.4812,288.5925,112.0799,284.2568,
18593493900,2.1015,-1.5703,1.1583,-0.4789,288.5775,112.0517,284.2834,
18607210700,2.1150,-1.5694,1.1581,-0.4768,288.5609,112.0224,284.3099,
18621579000,2.1295,-1.5690,1.1583,-0.4753,288.6013,111.7439,284.5456,
18635476100,2.1435,-1.5686,1.1584,-0.4739,288.7009,111.0801,285.1041,
18649333100,2.1572,-1.5680,1.1583,-0.4733,288.7814,110.8415,285.3234,
18663047900,2.1708,-1.5673,1.1582,-0.4726,288.8577,110.6266,285.5202,
18676852000,2.1848,-1.5667,1.1587,-0.4719,288.9252,110.3658,285.7780,
18691033300,2.1991,-1.5661,1.1592,-0.4710,288.9975,110.0943,286.0468,
18704758100,2.2127,-1.5654,1.1596,-0.4700,289.0747,109.8121,286.3269,
18718749200,2.2266,-1.5646,1.1598,-0.4692,289.1020,109.8214,286.3398,
18732372500,2.2404,-1.5639,1.1599,-0.4685,289.1296,109.8368,286.3482,
18746471800,2.2544,-1.5632,1.1598,-0.4686,289.1967,109.9985,286.2787,
18760551600,2.2685,-1.5625,1.1597,-0.4687,289.3018,110.2704,286.1557,
18774468000,2.2824,-1.5617,1.1596,-0.4687,289.4290,110.6185,285.9928,
18788599400,2.2965,-1.5606,1.1598,-0.4690,289.5900,110.8750,285.8581,
18802210500,2.3101,-1.5595,1.1601,-0.4692,289.7504,111.1400,285.7156,
18816435600,2.3243,-1.5565,1.1595,-0.4713,289.8471,111.4924,285.3997,
18830534300,2.3385,-1.5536,1.1589,-0.4731,289.9408,111.8445,285.0819,
18844084200,2.3520,-1.5470,1.1588,-0.4755,289.9338,112.0051,284.9477,
18858216200,2.3660,-1.5419,1.1586,-0.4773,289.9257,112.1426,284.8320,
18871595400,2.3796,-1.5381,1.1585,-0.4786,289.9148,112.2958,284.7026,
18885681500,2.3935,-1.5322,1.1560,-0.4828,289.9084,112.3321,284.6857,
18899871700,2.4078,-1.5274,1.1542,-0.4859,289.9005,112.3684,284.6698,
18913819300,2.4218,-1.5228,1.1509,-0.4885,290.0867,112.4866,284.7116,
18928059100,2.4359,-1.5187,1.1484,-0.4906,290.4268,112.6872,284.8001,
18941988900,2.4498,-1.5152,1.1443,-0.4912,291.4522,114.2582,284.7673,
18955500900,2.4635,-1.5119,1.1411,-0.4920,292.4334,115.6868,284.8178,
18969601800,2.4775,-1.5089,1.1385,-0.4928,293.2453,116.8211,284.9146,
18983674600,2.4916,-1.5068,1.1359,-0.4937,295.1777,117.3544,285.2201,
18997446300,2.5053,-1.5046,1.1335,-0.4946,296.7706,117.8406,285.4968,
19011000300,2.5190,-1.4998,1.1315,-0.4964,297.2719,117.6585,286.4462,
19025054500,2.5329,-1.4954,1.1295,-0.4982,297.7521,117.5910,287.1891,
19038908200,2.5468,-1.4913,1.1275,-0.4998,298.2420,117.5924,287.8395,
19052853400,2.5608,-1.4853,1.1289,-0.4995,298.1143,117.7894,287.6898,
19066937300,2.5749,-1.4799,1.1294,-0.4996,298.0561,117.9182,287.6095,
19080760600,2.5887,-1.4726,1.1297,-0.4984,298.0201,117.8474,287.6908,
19094855000,2.6029,-1.4664,1.1296,-0.4979,297.9798,117.7462,287.8185,
19108702900,2.6165,-1.4583,1.1309,-0.4970,298.0183,117.4865,288.1562,
19122667500,2.6306,-1.4513,1.1315,-0.4965,298.1071,117.0902,288.6952,
19136494700,2.6444,-1.4449,1.1318,-0.4963,298.2507,116.6069,289.3804,
19150918300,2.6590,-1.4368,1.1316,-0.4960,298.5834,115.7872,290.7282,
19164597000,2.6723,-1.4296,1.1313,-0.4959,298.9750,114.9792,292.1142,
19178514700,2.6863,-1.4205,1.1347,-0.4950,298.6182,114.7230,292.4517,
19192066000,2.7001,-1.4124,1.1370,-0.4944,298.2841,114.4641,292.8077,
19206092000,2.7140,-1.4049,1.1387,-0.4939,297.9384,114.1757,293.2179,
19220401300,2.7282,-1.3966,1.1421,-0.4917,297.7896,114.3043,293.1880,
19233956300,2.7420,-1.3889,1.1446,-0.4900,297.6640,114.4178,293.1705,
19247815600,2.7557,-1.3810,1.1474,-0.4885,297.4373,115.4121,292.4409,
19261679900,2.7696,-1.3734,1.1496,-0.4873,297.1724,116.6765,291.5195,
19275511200,2.7835,-1.3661,1.1515,-0.4863,296.9213,117.9905,290.5669,
19289528800,2.7974,-1.3586,1.1543,-0.4872,297.0357,119.0277,290.6825,
19303481400,2.8114,-1.3512,1.1566,-0.4877,297.1488,120.0754,290.7819,
19317359700,2.8251,-1.3453,1.1582,-0.4920,297.7736,119.0712,291.1352,
19331228500,2.8392,-1.3391,1.1597,-0.4950,299.0479,117.1840,291.7491,
19345192600,2.8531,-1.3318,1.1608,-0.4983,300.2939,116.7418,290.3340,
19359861100,2.8677,-1.3247,1.1621,-0.5008,301.3374,116.3668,289.1979,
19372919900,2.8810,-1.3176,1.1634,-0.5028,302.1821,116.0652,288.3128,
19387034900,2.8949,-1.3076,1.1586,-0.5061,302.3903,115.6372,288.9971,
19400597100,2.9085,-1.2986,1.1555,-0.5088,302.5814,115.3225,289.4603,
19414424400,2.9224,-1.2883,1.1518,-0.5113,302.6659,114.6196,290.3348,
19428844600,2.9368,-1.2787,1.1493,-0.5136,302.8060,113.8172,291.2948,
19443184600,2.9509,-1.2697,1.1475,-0.5156,302.9888,113.0076,292.2289,
19456671900,2.9645,-1.2609,1.1427,-0.5167,303.3303,112.2477,293.2425,
19470558300,2.9786,-1.2524,1.1391,-0.5179,303.6900,111.5299,294.1725,
19484408600,2.9923,-1.2437,1.1364,-0.5152,303.5850,111.4072,294.1340,
19498314500,3.0062,-1.2352,1.1342,-0.5136,303.4663,111.2426,294.0894,
19511780900,3.0198,-1.2299,1.1304,-0.5123,303.4263,110.8856,294.2013,
19526023600,3.0338,-1.2238,1.1272,-0.5116,303.3980,110.4612,294.3369,
19540295700,3.0481,-1.2173,1.1245,-0.5113,303.3847,109.9987,294.4867,
19553659400,3.0616,-1.2127,1.1257,-0.5093,303.4628,110.2615,293.6142,
19567532300,3.0754,-1.2073,1.1260,-0.5080,303.5724,110.5449,292.6256,
19581809300,3.0897,-1.2044,1.1293,-0.5071,303.4335,110.2835,292.8491,
19595587300,3.1036,-1.2004,1.1315,-0.5063,303.3215,110.0564,293.0392,
19609797700,3.1175,-1.1943,1.1365,-0.5047,303.0526,109.8799,293.1404,
19623302100,3.1312,-1.1880,1.1400,-0.5035,302.7336,109.6635,293.2599,
19637932600,3.1458,-1.1818,1.1425,-0.5026,302.4004,109.4298,293.3851,
19650976300,3.1590,-1.1773,1.1469,-0.5010,302.3369,109.3810,293.3830,
19666115700,3.1739,-1.1723,1.1503,-0.4997,302.2970,109.3491,293.3801,
19679264800,3.1872,-1.1650,1.1486,-0.4994,302.3749,109.3837,293.2697,
19693014500,3.2011,-1.1580,1.1478,-0.4991,302.6038,109.4826,292.9512,
19707068400,3.2150,-1.1513,1.1474,-0.4986,302.9249,109.6154,292.5141,
19721101600,3.2289,-1.1419,1.1413,-0.5000,303.5486,109.2988,292.9358,
19734813400,3.2429,-1.1334,1.1371,-0.5008,304.2713,108.9538,293.4000,
19749175800,3.2571,-1.1226,1.1321,-0.5002,304.3937,108.6768,293.5518,
19762825000,3.2707,-1.1128,1.1283,-0.4996,304.4939,108.4634,293.6685,
19777000200,3.2848,-1.1004,1.1254,-0.4971,304.4053,108.4454,293.6323,
19790886700,3.2989,-1.0893,1.1230,-0.4952,304.1089,108.3866,293.5088,
19805156300,3.3130,-1.0790,1.1209,-0.4936,303.6872,108.3055,293.3298,
19832877700,3.3407,-1.0674,1.1186,-0.4880,302.1406,109.6136,292.1451,
19848814400,3.3566,-1.0441,1.1356,-0.4807,296.2578,117.1972,285.8029,
19860822700,3.3687,-1.0331,1.1417,-0.4777,292.7412,123.9166,279.8742,
19874134200,3.3822,-1.0226,1.1464,-0.4750,290.6724,129.2984,274.9969,
19888093300,3.3960,-1.0151,1.1447,-0.4746,289.7013,123.1752,282.8281,
19902231200,3.4100,-1.0071,1.1439,-0.4737,288.7870,118.4181,289.0576,
19916577800,3.4244,-1.0013,1.1426,-0.4691,290.2665,115.9823,290.8358,
19929938600,3.4380,-0.9945,1.1420,-0.4654,291.7157,113.7371,292.4452,
19944046000,3.4519,-0.9862,1.1380,-0.4623,293.7224,113.7786,291.5494,
19958333700,3.4660,-0.9777,1.1353,-0.4594,295.1890,113.8228,290.8804,
19971522100,3.4796,-0.9691,1.1335,-0.4567,296.2078,113.8795,290.3908,
19986029300,3.4939,-0.9640,1.1371,-0.4508,297.0804,111.9316,291.9562,
19999662200,3.5075,-0.9579,1.1396,-0.4460,297.8040,110.4671,293.1115,
20013452000,3.5214,-0.9486,1.1385,-0.4452,298.7794,109.3806,292.9010,
20027420600,3.5353,-0.9396,1.1378,-0.4438,299.6381,108.4515,292.7055,
20041425900,3.5493,-0.9309,1.1373,-0.4421,300.3708,107.6780,292.5331,
20055335800,3.5634,-0.9211,1.1314,-0.4406,300.6675,104.9596,295.0667,
20069236200,3.5771,-0.9118,1.1271,-0.4388,301.0532,102.4991,297.2884,
20083441900,3.5913,-0.9048,1.1180,-0.4388,303.5831,98.7599,303.7196,
20097388900,3.6053,-0.8974,1.1113,-0.4381,305.7907,96.2345,308.2653,
20110853300,3.6189,-0.8945,1.1047,-0.4394,308.3010,94.0704,312.7373,
20125607200,3.6334,-0.8902,1.0993,-0.4398,310.2615,92.6772,315.7568,
20138931000,3.6468,-0.8849,1.0947,-0.4397,311.8957,91.6697,318.0153,
20153711500,3.6617,-0.8836,1.0891,-0.4425,314.9053,90.8620,319.2054,
20166815700,3.6747,-0.8808,1.0842,-0.4443,317.4428,90.1868,320.3964,
20180849200,3.6887,-0.8784,1.0796,-0.4461,319.5539,90.5815,319.2894,
20194123500,3.7022,-0.8750,1.0752,-0.4472,321.5412,90.6941,318.8219,
20208717500,3.7165,-0.8710,1.0711,-0.4480,323.4618,90.6601,318.7194,
20222530000,3.7304,-0.8698,1.0732,-0.4497,324.0743,90.8216,316.5220,
20235881100,3.7438,-0.8677,1.0745,-0.4512,324.9838,90.8447,314.8958,
20250481900,3.7584,-0.8643,1.0798,-0.4519,324.5862,91.4061,312.7219,
20264330900,3.7723,-0.8602,1.0834,-0.4525,324.6031,91.7881,311.0539,
20277880100,3.7858,-0.8533,1.0909,-0.4561,324.3426,91.9035,310.8641,
20291523000,3.7996,-0.8471,1.0959,-0.4589,324.2790,91.9563,310.7422,
20305486900,3.8134,-0.8413,1.0994,-0.4610,324.2849,91.9827,310.6568,
20319436100,3.8274,-0.8328,1.1012,-0.4618,324.2704,92.2318,310.7501,
20333237500,3.8414,-0.8252,1.1027,-0.4627,324.3187,92.7807,310.9489,
20347158600,3.8551,-0.8131,1.1044,-0.4639,321.4577,94.0999,311.8923,
20361014900,3.8689,-0.8028,1.1059,-0.4651,319.0885,95.2163,312.6583,
20374905100,3.8830,-0.7937,1.1071,-0.4662,317.4262,96.0249,313.1936,
20389213200,3.8971,-0.7797,1.0990,-0.4644,316.0745,99.2336,312.6284,
20403470500,3.9114,-0.7677,1.0935,-0.4633,315.0223,101.6399,312.1981,
20417337200,3.9253,-0.7531,1.0858,-0.4632,313.5165,102.2837,310.3048,
20431250400,3.9394,-0.7403,1.0801,-0.4633,312.1781,103.0746,308.6879,
20444561000,3.9525,-0.7286,1.0757,-0.4634,310.9820,103.9575,307.2779,
20458541000,3.9664,-0.7197,1.0768,-0.4656,310.7122,103.3111,307.3076,
20472413500,3.9805,-0.7106,1.0770,-0.4673,310.3964,102.9245,307.2530,
20486304300,3.9943,-0.7039,1.0798,-0.4691,310.4792,102.8264,307.4072,
20500564900,4.0084,-0.6964,1.0813,-0.4707,310.7588,102.4917,307.9844,
20514289800,4.0223,-0.6880,1.0822,-0.4717,310.8925,102.4290,307.9079,
20528236400,4.0362,-0.6794,1.0826,-0.4726,311.0049,102.3933,307.7986,
20541855700,4.0498,-0.6713,1.0851,-0.4753,311.6136,101.4065,307.5002,
20555915900,4.0640,-0.6630,1.0868,-0.4774,312.1790,100.4311,307.1114,
20569837000,4.0777,-0.6545,1.0880,-0.4793,312.5997,99.6438,306.7163,
20583779500,4.0918,-0.6434,1.0912,-0.4823,311.7093,99.1774,307.0928,
20597771900,4.1057,-0.6330,1.0936,-0.4849,310.6419,98.6078,307.5114,
20611329300,4.1195,-0.6223,1.0968,-0.4892,310.4040,98.0627,307.7119,
20626112700,4.1340,-0.6120,1.0992,-0.4927,310.1767,97.5858,307.8655,
20639651400,4.1476,-0.6020,1.1012,-0.4958,309.9453,97.1330,307.9940,
20653185500,4.1613,-0.5931,1.1015,-0.4992,310.2820,97.2338,307.7781,
20667875200,4.1758,-0.5842,1.1020,-0.5023,310.9024,97.4036,307.3633,
20681187700,4.1891,-0.5767,1.1010,-0.5057,311.8816,97.4745,307.1337,
20695372200,4.2035,-0.5687,1.1005,-0.5088,312.8074,97.5198,306.9067,
20709246900,4.2172,-0.5604,1.1004,-0.5117,313.6070,97.5409,306.7013,
20723420600,4.2314,-0.5514,1.0999,-0.5112,313.5006,97.5181,306.8157,
20737630000,4.2455,-0.5425,1.0998,-0.5116,313.0180,97.4016,307.3435,
20750604700,4.2587,-0.5330,1.0992,-0.5097,311.5027,97.0048,307.7222,
20765186900,4.2731,-0.5237,1.0989,-0.5089,309.9940,96.5679,308.1082,
20778756200,4.2867,-0.5150,1.0944,-0.5085,309.8412,96.2379,308.6711,
20792318900,4.3004,-0.5062,1.0913,-0.5086,309.7232,95.9938,309.0660,
20806320700,4.3143,-0.4974,1.0889,-0.5091,309.6160,95.7795,309.3980,
20820553700,4.3285,-0.4928,1.0901,-0.5083,309.5572,95.2557,309.7914,
20834271000,4.3424,-0.4870,1.0907,-0.5081,309.4837,94.6456,310.2466,
20848153700,4.3561,-0.4868,1.0937,-0.5069,309.6230,94.4270,310.5480,
20862774200,4.3707,-0.4848,1.0961,-0.5060,309.7638,94.1962,310.8622,
20875986200,4.3841,-0.4814,1.0981,-0.5054,309.9128,93.9433,311.2028,
20890125500,4.3981,-0.4815,1.1030,-0.5035,311.0474,93.3714,311.6955,
20903801500,4.4117,-0.4800,1.1071,-0.5021,312.2596,92.7793,312.1979,
20918015100,4.4259,-0.4762,1.1083,-0.4996,313.0533,92.7766,311.8614,
20931446700,4.4396,-0.4717,1.1096,-0.4977,313.7371,92.7518,311.5966,
20945816300,4.4538,-0.4668,1.1108,-0.4961,314.3498,92.7127,311.3784,
20959584500,4.4675,-0.4613,1.1119,-0.4956,314.8565,92.5805,310.5708,
20973534800,4.4817,-0.4557,1.1130,-0.4950,315.3741,92.4342,309.8189,
20987606500,4.4956,-0.4496,1.1102,-0.4934,315.6455,92.5121,309.7662,
21002110500,4.5101,-0.4438,1.1085,-0.4921,315.8737,92.5625,309.7173,
21015493300,4.5235,-0.4391,1.1071,-0.4919,316.0504,92.4932,309.7150,
21029047200,4.5370,-0.4343,1.1063,-0.4916,316.2465,92.4175,309.7061,
21043311600,4.5513,-0.4294,1.1058,-0.4913,316.4747,92.3303,309.6899,
21057413100,4.5654,-0.4226,1.1030,-0.4909,316.7560,92.4612,310.1239,
21071219300,4.5793,-0.4162,1.1011,-0.4904,317.1543,92.6345,310.6988,
21085077500,4.5930,-0.4072,1.0983,-0.4892,317.0481,93.0403,311.3764,
21098929000,4.6069,-0.3992,1.0962,-0.4882,316.9650,93.4235,312.0228,
21112609700,4.6207,-0.3898,1.0939,-0.4854,316.3468,93.5796,312.1497,
21126503000,4.6344,-0.3813,1.0921,-0.4831,315.7720,93.7308,312.2778,
21140635000,4.6486,-0.3734,1.0905,-0.4812,315.2253,93.8797,312.4089,
21154438100,4.6626,-0.3636,1.0915,-0.4779,314.0613,93.0470,312.3268,
21168362700,4.6763,-0.3546,1.0919,-0.4751,312.8443,92.1793,312.2809,
21182560900,4.6905,-0.3461,1.0919,-0.4728,311.7717,91.4157,312.2755,
21196428700,4.7043,-0.3381,1.0916,-0.4696,312.2842,91.1838,310.8206,
21210200800,4.7183,-0.3301,1.0918,-0.4659,312.6249,90.2606,310.2059,
21223916800,4.7319,-0.3223,1.0918,-0.4627,312.8433,89.4426,309.6907,
21238382600,4.7463,-0.3146,1.0917,-0.4599,312.9693,88.7315,309.2664,
21251751200,4.7599,-0.3075,1.0910,-0.4550,314.1153,87.8418,310.2355,
21265989600,4.7739,-0.3004,1.0905,-0.4509,315.2515,86.9250,311.1437,
21279842300,4.7878,-0.2956,1.0883,-0.4468,318.7536,85.7334,313.1552,
21293518400,4.8016,-0.2901,1.0867,-0.4431,321.4900,84.8589,314.5742,
21307910400,4.8159,-0.2841,1.0853,-0.4396,323.5159,84.2128,315.5458,
21321601200,4.8296,-0.2771,1.0808,-0.4339,324.7634,83.2308,317.1290,
21336149600,4.8442,-0.2702,1.0772,-0.4289,325.9046,82.4578,318.3296,
21349998500,4.8579,-0.2630,1.0669,-0.4247,327.6387,81.8883,319.8916,
21363424700,4.8714,-0.2559,1.0590,-0.4207,329.2417,81.3865,321.1947,
21377690700,4.8857,-0.2513,1.0473,-0.4165,331.4475,80.2705,320.8733,
21391048600,4.8992,-0.2461,1.0380,-0.4126,333.4886,79.2866,320.7359,
21405453300,4.9134,-0.2405,1.0303,-0.4087,335.3478,78.4330,320.7183,
21419360200,4.9273,-0.2372,1.0197,-0.4037,341.0207,77.0321,319.0323,
21433207500,4.9413,-0.2330,1.0108,-0.3991,345.1358,75.8759,317.9684,
21447256900,4.9552,-0.2345,1.0062,-0.3937,349.5545,72.9307,317.7622,
21460955200,4.9688,-0.2339,1.0013,-0.3887,352.7275,71.0219,317.4568,
21474944000,4.9831,-0.2321,0.9962,-0.3841,355.2766,69.6021,317.1274,
21489066400,4.9970,-0.2333,0.9935,-0.3802,359.9525,67.4614,318.6359,
21502761400,5.0107,-0.2329,0.9900,-0.3763,3.4327,65.9394,319.3337,
21516656300,5.0245,-0.2344,0.9897,-0.3741,9.3788,64.0472,319.3765,
21530201200,5.0383,-0.2349,0.9885,-0.3715,13.3131,62.6920,319.2316,
21544280100,5.0523,-0.2346,0.9863,-0.3684,16.2449,61.6017,319.0160,
21564531800,5.0723,-0.2388,0.9832,-0.3645,19.2343,58.2732,316.0458,
21575118700,5.0831,-0.2413,0.9796,-0.3604,21.6525,55.7684,313.9503,
21589459100,5.0973,-0.2443,0.9705,-0.3586,23.5285,51.8080,308.2780,
21603607500,5.1115,-0.2460,0.9629,-0.3562,25.0193,48.8575,304.4853,
21617648400,5.1256,-0.2454,0.9500,-0.3569,26.5700,45.0275,302.2523,
21631439800,5.1395,-0.2448,0.9394,-0.3565,27.8710,42.0000,300.2523,
21645669800,5.1535,-0.2441,0.9302,-0.3554,29.0334,39.3378,298.3400,
21667122700,5.1750,-0.2452,0.9328,-0.3570,28.9028,36.7665,295.6706,
21672776600,5.1808,-0.2455,0.9332,-0.3574,29.0384,34.2673,293.2190,
21683908700,5.1919,-0.2441,0.9372,-0.3619,29.1471,34.6849,294.0052,
21699669200,5.2076,-0.2427,0.9399,-0.3658,29.4177,35.0598,295.0138,
21713379300,5.2215,-0.2385,0.9494,-0.3694,29.9511,36.7358,300.0631,
21727097500,5.2350,-0.2353,0.9553,-0.3718,30.5018,37.5611,303.5580,
21740857000,5.2488,-0.2326,0.9590,-0.3734,31.0431,37.7836,305.7099,
21754302100,5.2624,-0.2309,0.9579,-0.3724,32.2957,39.4062,310.2602,
21768569500,5.2765,-0.2295,0.9571,-0.3717,33.2872,40.3263,313.4118,
21781984800,5.2899,-0.2275,0.9572,-0.3691,33.8020,39.9168,314.9892,
21795781900,5.3039,-0.2253,0.9571,-0.3666,34.3605,39.5735,316.3408,
21809489300,5.3174,-0.2233,0.9567,-0.3660,34.3308,39.3327,315.9003,
21823250400,5.3312,-0.2214,0.9563,-0.3655,34.3459,39.1151,315.5928,
21837193100,5.3450,-0.2195,0.9558,-0.3650,34.4289,38.7131,315.1454,
21851325400,5.3594,-0.2191,0.9551,-0.3662,34.2488,37.7874,312.2667,
21865447700,5.3733,-0.2184,0.9544,-0.3674,34.1599,36.8853,309.7581,
21878807400,5.3867,-0.2176,0.9535,-0.3685,34.1593,36.1432,307.9384,
21892459600,5.4005,-0.2184,0.9537,-0.3699,33.8940,36.5078,304.7305,
21906498400,5.4144,-0.2190,0.9539,-0.3713,33.7866,36.6607,302.3499,
21919928200,5.4279,-0.2212,0.9522,-0.3736,33.8560,38.0684,301.2294,
21934055600,5.4422,-0.2229,0.9507,-0.3757,33.9619,38.9914,300.2489,
21948298300,5.4561,-0.2248,0.9510,-0.3775,33.6246,39.1370,300.1312,
21962031200,5.4700,-0.2262,0.9511,-0.3791,33.4151,39.2372,299.9553,
21975520700,5.4836,-0.2272,0.9511,-0.3804,33.2469,39.3262,299.7280,
21989853400,5.4978,-0.2277,0.9509,-0.3830,33.2286,39.2879,299.7514,
22004044600,5.5119,-0.2282,0.9506,-0.3854,33.2100,39.2470,299.7632,
22018003100,5.5260,-0.2282,0.9510,-0.3876,33.2074,38.6757,300.0111,
22031769600,5.5399,-0.2283,0.9513,-0.3895,33.2165,37.9187,300.2739,
22045849800,5.5538,-0.2284,0.9509,-0.3915,33.0248,37.1518,300.4505,
22059690700,5.5675,-0.2286,0.9505,-0.3934,32.8661,36.4858,300.5542,
22073379600,5.5815,-0.2287,0.9502,-0.3952,32.7362,35.9170,300.6031,
22087180700,5.5951,-0.2290,0.9494,-0.3957,32.7109,35.7455,300.5573,
22101005000,5.6090,-0.2292,0.9488,-0.3963,32.6930,35.6197,300.5139,
22115217000,5.6232,-0.2297,0.9479,-0.3967,32.7517,35.4354,300.4684,
22129261700,5.6372,-0.2301,0.9470,-0.3972,32.8181,35.2173,300.4061,
22143445100,5.6514,-0.2306,0.9461,-0.3978,32.8914,34.9664,300.3265,
22156826500,5.6648,-0.2314,0.9457,-0.3984,32.8925,34.8702,300.2293,
22170610000,5.6787,-0.2323,0.9452,-0.3991,32.8932,34.7794,300.1364,
22184663400,5.6927,-0.2331,0.9448,-0.3997,32.9531,34.6713,300.1069,
22198587600,5.7066,-0.2338,0.9444,-0.4004,33.0289,34.5331,300.0673,
22212496900,5.7206,-0.2345,0.9444,-0.4018,33.2003,34.4449,300.1219,
22226937200,5.7348,-0.2352,0.9444,-0.4033,33.4113,34.3379,300.1884,
22240982300,5.7489,-0.2359,0.9443,-0.4048,33.6448,34.2210,300.2614,
22254394400,5.7625,-0.2366,0.9437,-0.4064,33.7906,34.0612,300.3794,
22268421100,5.7764,-0.2373,0.9431,-0.4079,33.9375,33.9010,300.4981,
22282057600,5.7900,-0.2379,0.9423,-0.4101,34.3298,33.8344,300.6370,
22295782200,5.8039,-0.2385,0.9415,-0.4122,34.7447,33.7670,300.7833,
22310112000,5.8180,-0.2389,0.9409,-0.4132,34.8827,33.8309,300.8085,
22324004500,5.8320,-0.2392,0.9403,-0.4142,34.9912,33.8825,300.8282,
22337920600,5.8458,-0.2396,0.9397,-0.4152,35.0951,33.9331,300.8469,
22351800800,5.8599,-0.2400,0.9391,-0.4156,35.1168,34.1175,300.8277,
22366127900,5.8741,-0.2404,0.9384,-0.4161,35.1482,34.3992,300.7979,
22379639100,5.8876,-0.2408,0.9378,-0.4165,35.0435,34.7650,300.6648,
22393804900,5.9019,-0.2411,0.9371,-0.4170,34.9249,35.1683,300.5152,
22407538200,5.9154,-0.2415,0.9364,-0.4176,34.8042,35.5695,300.3638,
22421458800,5.9294,-0.2416,0.9359,-0.4177,34.6229,36.1800,300.3326,
22435161500,5.9433,-0.2417,0.9354,-0.4179,34.4472,36.7612,300.2971,
22449667000,5.9575,-0.2418,0.9348,-0.4181,34.2824,37.2980,300.2593,
22464336900,5.9722,-0.2416,0.9349,-0.4182,34.2345,37.4965,300.2611,
22477614800,5.9855,-0.2411,0.9349,-0.4179,34.2316,37.5168,300.2828,
22491385800,5.9995,-0.2402,0.9350,-0.4173,34.2285,37.5335,300.2975,
22505022300,6.0129,-0.2392,0.9350,-0.4168,34.2242,37.5538,300.3131,
22519007200,6.0270,-0.2377,0.9355,-0.4156,34.1974,37.5548,300.3078,
22532580900,6.0407,-0.2363,0.9359,-0.4146,34.1675,37.5571,300.3014,
22547238200,6.0551,-0.2350,0.9365,-0.4131,34.1364,37.5308,300.2802,
22560746600,6.0687,-0.2340,0.9371,-0.4118,34.1026,37.5028,300.2566,
22574810700,6.0829,-0.2330,0.9375,-0.4108,34.0624,37.4701,300.2279,
22588915100,6.0969,-0.2329,0.9379,-0.4092,33.7991,37.0806,299.9002,
22602670900,6.1106,-0.2327,0.9382,-0.4078,33.4548,36.5785,299.4748,
22616916700,6.1248,-0.2325,0.9392,-0.4064,33.2481,36.0006,298.8333,
22630642800,6.1387,-0.2323,0.9400,-0.4051,33.0472,35.4506,298.2177,
22644276400,6.1522,-0.2321,0.9408,-0.4040,32.8593,34.9460,297.6486,
22658147500,6.1661,-0.2322,0.9420,-0.4029,32.8849,34.8856,297.4536,
22672100600,6.1801,-0.2322,0.9432,-0.4019,32.9025,34.8341,297.2983,
22686027200,6.1940,-0.2321,0.9433,-0.4017,32.9218,34.8563,297.2961,
22699696000,6.2077,-0.2321,0.9433,-0.4016,32.9423,34.8790,297.2919,
22713429100,6.2216,-0.2319,0.9434,-0.4012,32.9625,34.9371,297.3275,
22727649100,6.2355,-0.2317,0.9435,-0.4006,32.9920,35.0231,297.3798,
22741569700,6.2495,-0.2314,0.9435,-0.4001,33.0192,35.0837,297.4757,
22755384100,6.2635,-0.2311,0.9434,-0.3996,33.0557,35.1650,297.6102,
22769297000,6.2773,-0.2308,0.9434,-0.3990,33.0990,35.2615,297.7766,
22783614900,6.2915,-0.2304,0.9437,-0.3981,33.0904,35.2368,298.0446,
22797464200,6.3054,-0.2299,0.9440,-0.3971,33.0751,35.1946,298.3781,
22810964400,6.3191,-0.2297,0.9440,-0.3964,33.0456,35.0392,298.5795,
22825585200,6.3335,-0.2295,0.9440,-0.3958,33.0125,34.8722,298.7761,
22839570800,6.3474,-0.2293,0.9439,-0.3951,32.9766,34.6961,298.9669,
22852776400,6.3609,-0.2289,0.9437,-0.3942,32.9831,34.5574,299.1113,
22866869900,6.3748,-0.2284,0.9435,-0.3932,32.9875,34.4196,299.2446,
22880710000,6.3887,-0.2282,0.9430,-0.3930,33.0223,34.4285,299.2991,
22894499800,6.4026,-0.2280,0.9427,-0.3927,33.0445,34.4331,299.3335,
22909034000,6.4170,-0.2278,0.9424,-0.3925,33.0646,34.4365,299.3644,
22922495100,6.4305,-0.2276,0.9425,-0.3921,33.0697,34.4690,299.3613,
22936294000,6.4443,-0.2273,0.9425,-0.3916,33.0746,34.5037,299.3566,
22950607400,6.4587,-0.2270,0.9427,-0.3911,33.0760,34.5478,299.3640,
22964544900,6.4725,-0.2268,0.9430,-0.3906,33.0769,34.5946,299.3713,
22978162700,6.4862,-0.2265,0.9429,-0.3903,33.0815,34.6697,299.4374,
22992328200,6.5004,-0.2263,0.9429,-0.3900,33.0876,34.7825,299.5391,
23006567400,6.5145,-0.2260,0.9429,-0.3897,33.0943,34.9239,299.6694,
23020290000,6.5283,-0.2259,0.9429,-0.3897,33.0972,34.9995,299.7741,
23034177300,6.5423,-0.2257,0.9429,-0.3897,33.0993,35.0720,299.8785,
23048242900,6.5562,-0.2256,0.9429,-0.3898,33.0944,35.1117,299.9208,
23062296200,6.5702,-0.2255,0.9429,-0.3899,33.0897,35.1443,299.9563,
23076004600,6.5841,-0.2255,0.9428,-0.3901,33.0764,35.1582,299.9663,
23089958200,6.5979,-0.2255,0.9426,-0.3903,33.0617,35.1705,299.9746,
23103901300,6.6119,-0.2254,0.9423,-0.3906,33.0455,35.1812,299.9813,
23117676200,6.6255,-0.2255,0.9420,-0.3910,33.0216,35.2296,299.9829,
23131664900,6.6398,-0.2255,0.9417,-0.3914,32.9821,35.3071,299.9825,
23146296400,6.6543,-0.2256,0.9414,-0.3918,32.9240,35.4180,299.9781,
23159655300,6.6676,-0.2256,0.9412,-0.3922,32.7838,35.7018,299.9335,
23173697100,6.6817,-0.2256,0.9410,-0.3926,32.6210,36.0266,299.8742,
23187265900,6.6952,-0.2255,0.9408,-0.3930,32.4466,36.6566,299.7497,
23201153000,6.7091,-0.2254,0.9406,-0.3934,32.2769,37.2733,299.6172,
23215068300,6.7232,-0.2254,0.9406,-0.3943,32.0893,37.5610,299.7882,
23228762600,6.7367,-0.2253,0.9407,-0.3953,31.9349,37.7958,299.9235,
23242941200,6.7509,-0.2252,0.9407,-0.3963,31.7912,38.0128,300.0452,
23256913100,6.7649,-0.2249,0.9410,-0.3979,31.5891,38.2812,300.3349,
23270907900,6.7790,-0.2246,0.9412,-0.3994,31.3687,38.5705,300.6433,
23284843000,6.7928,-0.2242,0.9411,-0.4006,31.2809,38.9768,301.0530,
23298728000,6.8067,-0.2238,0.9410,-0.4017,31.1886,39.3875,301.4641,
23312460800,6.8206,-0.2237,0.9403,-0.4026,31.1728,39.8535,301.7529,
23326409800,6.8344,-0.2235,0.9396,-0.4035,31.1546,40.3126,302.0355,
23340641900,6.8485,-0.2234,0.9389,-0.4043,31.1341,40.7630,302.3109,
23354487700,6.8626,-0.2232,0.9385,-0.4050,31.0600,41.2553,302.4050,
23368584000,6.8765,-0.2231,0.9382,-0.4056,30.9844,41.7554,302.5023,
23382180500,6.8901,-0.2230,0.9383,-0.4067,30.8018,42.1072,302.4068,
23396692300,6.9045,-0.2228,0.9383,-0.4078,30.6229,42.4594,302.3160,
23410067700,6.9182,-0.2228,0.9381,-0.4086,30.3943,42.6342,302.2332,
23424082200,6.9320,-0.2227,0.9379,-0.4094,30.1772,42.8057,302.1563,
23438776900,6.9467,-0.2227,0.9377,-0.4101,29.9622,42.9801,302.0816,
23452175300,6.9602,-0.2225,0.9377,-0.4106,29.9030,43.0633,302.1060,
23466068200,6.9740,-0.2224,0.9378,-0.4111,29.8564,43.1294,302.1246,
23479544000,6.9876,-0.2223,0.9377,-0.4113,29.8469,43.1521,302.1371,
23493611400,7.0017,-0.2223,0.9376,-0.4114,29.8364,43.1776,302.1508,
23507464000,7.0154,-0.2222,0.9376,-0.4116,29.8247,43.2057,302.1655,
23521231700,7.0292,-0.2222,0.9375,-0.4117,29.7932,43.2693,302.1531,
23535322100,7.0434,-0.2221,0.9373,-0.4118,29.7370,43.3828,302.1300,
23549055400,7.0570,-0.2220,0.9372,-0.4118,29.7007,43.4813,302.1074,
23563630000,7.0715,-0.2219,0.9371,-0.4118,29.6624,43.5863,302.0823,
23577214700,7.0852,-0.2218,0.9369,-0.4118,29.6222,43.6978,302.0548,
23591054800,7.0992,-0.2215,0.9367,-0.4119,29.5506,43.8446,301.9644,
23605167500,7.1131,-0.2212,0.9364,-0.4119,29.4717,44.0067,301.8618,
23619099500,7.1270,-0.2211,0.9364,-0.4120,29.3724,44.1185,301.6410,
23632492300,7.1406,-0.2210,0.9364,-0.4120,29.2705,44.2317,301.4090,
23646888400,7.1548,-0.2208,0.9364,-0.4120,29.3220,44.3013,301.4081,
23660957300,7.1690,-0.2206,0.9364,-0.4120,29.3600,44.3499,301.4082,
23674734300,7.1828,-0.2203,0.9364,-0.4120,29.3998,44.3985,301.4089,
23688431800,7.1963,-0.2199,0.9362,-0.4117,29.4566,44.4398,301.4266,
23702475700,7.2105,-0.2193,0.9360,-0.4114,29.5295,44.4907,301.4499,
23716431000,7.2243,-0.2189,0.9359,-0.4110,29.5510,44.5078,301.4660,
23730303900,7.2384,-0.2185,0.9359,-0.4106,29.5736,44.5249,301.4836,
23744602000,7.2525,-0.2181,0.9359,-0.4102,29.5973,44.5420,301.5027,
23758011900,7.2660,-0.2177,0.9362,-0.4098,29.6057,44.5742,301.5214,
23772015900,7.2801,-0.2173,0.9366,-0.4094,29.6138,44.6076,301.5413,
23786096600,7.2940,-0.2172,0.9370,-0.4086,29.5978,44.6195,301.5349,
23799890500,7.3079,-0.2171,0.9374,-0.4078,29.5792,44.6306,301.5272,
23813621800,7.3217,-0.2171,0.9378,-0.4076,29.5740,44.6541,301.5270,
23827661100,7.3357,-0.2171,0.9382,-0.4073,29.5680,44.6782,301.5264,
23841502600,7.3494,-0.2171,0.9385,-0.4071,29.5611,44.7027,301.5253,
23855263700,7.3634,-0.2171,0.9397,-0.4065,29.5652,44.6799,301.5033,
23869474500,7.3774,-0.2171,0.9409,-0.4058,29.5695,44.6533,301.4791,
23883319000,7.3913,-0.2169,0.9414,-0.4056,29.6205,44.6608,301.4864,
23897745000,7.4056,-0.2168,0.9418,-0.4055,29.6825,44.6693,301.4958,
23911035200,7.4191,-0.2167,0.9422,-0.4054,29.8007,44.6842,301.5146,
23925062100,7.4330,-0.2168,0.9423,-0.4053,29.8841,44.6353,301.4583,
23938731600,7.4467,-0.2169,0.9423,-0.4052,29.9789,44.5769,301.3927,
23952855300,7.4609,-0.2169,0.9423,-0.4051,30.0571,44.5127,301.3230,
23966671700,7.4746,-0.2168,0.9422,-0.4049,30.1389,44.4425,301.2482,
23980630600,7.4886,-0.2167,0.9421,-0.4049,30.1809,44.4197,301.2289,
23994596200,7.5027,-0.2166,0.9419,-0.4048,30.2130,44.4019,301.2144,
24008453100,7.5164,-0.2167,0.9418,-0.4048,30.2423,44.3763,301.2203,
24022797300,7.5308,-0.2167,0.9416,-0.4047,30.2768,44.3450,301.2292,
24036477500,7.5444,-0.2167,0.9415,-0.4046,30.3194,44.3050,301.2424,
24050891700,7.5590,-0.2166,0.9414,-0.4045,30.3403,44.2755,301.2264,
24064466600,7.5723,-0.2166,0.9414,-0.4044,30.3608,44.2444,301.2097,
24078343700,7.5862,-0.2166,0.9415,-0.4043,30.4002,44.1997,301.1821,
24091781000,7.5999,-0.2166,0.9416,-0.4042,30.4510,44.1405,301.1453,
24106464800,7.6143,-0.2167,0.9416,-0.4042,30.5096,44.0710,301.1018,
24120128100,7.6280,-0.2167,0.9416,-0.4040,30.5955,44.0588,301.0848,
24133607800,7.6417,-0.2167,0.9415,-0.4039,30.6935,44.0480,301.0667,
24147663800,7.6556,-0.2167,0.9414,-0.4038,30.8026,44.0391,301.0478,
24161862700,7.6698,-0.2168,0.9416,-0.4038,30.7958,43.9999,301.0162,
24175701900,7.6838,-0.2169,0.9418,-0.4038,30.7864,43.9589,300.9829,
24189728000,7.6977,-0.2169,0.9416,-0.4037,30.7922,43.9511,300.9821,
24203559100,7.7115,-0.2169,0.9414,-0.4037,30.7971,43.9446,300.9828,
24217492300,7.7255,-0.2169,0.9414,-0.4036,30.8043,43.9274,301.0115,
24231686600,7.7397,-0.2169,0.9413,-0.4035,30.8110,43.9104,301.0440,
24245116200,7.7531,-0.2167,0.9409,-0.4033,30.8288,43.9315,301.0935,
24258957000,7.7669,-0.2165,0.9403,-0.4029,30.8532,43.9646,301.1653,
24273023100,7.7811,-0.2162,0.9396,-0.4025,30.8871,44.0158,301.2700,
24287175700,7.7950,-0.2161,0.9391,-0.4019,30.8873,43.9867,301.2810,
24301256700,7.8092,-0.2159,0.9387,-0.4014,30.8866,43.9557,301.2918,
24314607600,7.8227,-0.2158,0.9388,-0.4012,30.8744,43.9486,301.3010,
24328825400,7.8368,-0.2157,0.9388,-0.4011,30.8602,43.9423,301.3099,
24343028200,7.8509,-0.2156,0.9389,-0.4009,30.8441,43.9367,301.3186,
24356940300,7.8649,-0.2155,0.9390,-0.4008,30.8118,43.9109,301.3303,
24370381400,7.8785,-0.2154,0.9391,-0.4006,30.7690,43.8781,301.3444,
24384688000,7.8926,-0.2153,0.9390,-0.4005,30.7497,43.8599,301.3672,
24398557900,7.9064,-0.2151,0.9388,-0.4003,30.7291,43.8413,301.3914,
24412224100,7.9203,-0.2151,0.9388,-0.4003,30.6680,43.7768,301.4210,
24426109200,7.9341,-0.2151,0.9388,-0.4002,30.5891,43.6946,301.4573,
24440441600,7.9484,-0.2151,0.9387,-0.4002,30.4997,43.6026,301.4966,
24454280300,7.9623,-0.2151,0.9387,-0.4003,30.4944,43.5902,301.5023,
24468594800,7.9766,-0.2150,0.9387,-0.4004,30.4897,43.5781,301.5074,
24482262200,7.9902,-0.2150,0.9386,-0.4005,30.4823,43.5784,301.5287,
24495606000,8.0037,-0.2149,0.9385,-0.4007,30.4751,43.5803,301.5510,
24509888300,8.0177,-0.2147,0.9383,-0.4008,30.4659,43.5849,301.5639,
24523648400,8.0316,-0.2145,0.9379,-0.4009,30.4567,43.5911,301.5768,
24537788200,8.0458,-0.2142,0.9375,-0.4011,30.4474,43.5987,301.5896,
24551512400,8.0596,-0.2142,0.9373,-0.4011,30.4312,43.6117,301.5883,
24565421700,8.0733,-0.2142,0.9371,-0.4011,30.4143,43.6265,301.5857,
24579196000,8.0872,-0.2143,0.9369,-0.4011,30.3967,43.6430,301.5818,
24593336000,8.1015,-0.2142,0.9368,-0.4011,30.3894,43.6661,301.5999,
24607098000,8.1151,-0.2142,0.9367,-0.4011,30.3825,43.6911,301.6188,
24621130900,8.1290,-0.2142,0.9367,-0.4011,30.3938,43.7178,301.6559,
24635215300,8.1433,-0.2142,0.9367,-0.4011,30.4070,43.7464,301.6953,
24649562300,8.1575,-0.2142,0.9367,-0.4010,30.4193,43.7616,301.7354,
24662916600,8.1708,-0.2141,0.9367,-0.4010,30.4331,43.7770,301.7775,
24677354400,8.1853,-0.2141,0.9366,-0.4009,30.4469,43.7867,301.8125,
24690503500,8.1986,-0.2140,0.9365,-0.4009,30.4620,43.7959,301.8484,
24704567700,8.2125,-0.2140,0.9364,-0.4008,30.4783,43.8049,301.8853,
24718546500,8.2265,-0.2140,0.9363,-0.4008,30.4975,43.8122,301.9186,
24732332200,8.2404,-0.2139,0.9363,-0.4009,30.5179,43.8192,301.9523,
24746323900,8.2543,-0.2139,0.9362,-0.4008,30.5528,43.8222,301.9643,
24760208000,8.2682,-0.2139,0.9361,-0.4007,30.5902,43.8246,301.9744,
24773924300,8.2820,-0.2139,0.9360,-0.4006,30.6300,43.8262,301.9828,
24788612900,8.2964,-0.2137,0.9360,-0.4006,30.6594,43.8241,301.9689,
24802452100,8.3104,-0.2136,0.9360,-0.4007,30.6900,43.8210,301.9516,
24816484900,8.3244,-0.2134,0.9361,-0.4006,30.7108,43.8010,301.9361,
24830074000,8.3382,-0.2132,0.9362,-0.4006,30.7316,43.7786,301.9178,
24844021200,8.3519,-0.2131,0.9363,-0.4005,30.7524,43.7539,301.8969,
24858264100,8.3662,-0.2131,0.9362,-0.4005,30.7413,43.7281,301.8939,
24871969500,8.3801,-0.2131,0.9362,-0.4004,30.7274,43.7003,301.8903,
24886224400,8.3942,-0.2130,0.9361,-0.4003,30.7113,43.6711,301.9017,
24900020300,8.4079,-0.2130,0.9360,-0.4003,30.6926,43.6400,301.9139,
24913691700,8.4218,-0.2130,0.9357,-0.4001,30.5932,43.5475,301.9467,
24927838700,8.4358,-0.2129,0.9353,-0.3999,30.4465,43.4162,301.9934,
24941407200,8.4494,-0.2128,0.9348,-0.3997,30.2725,43.2654,302.0474,
24955782100,8.4638,-0.2127,0.9348,-0.3996,30.0755,43.0344,302.0355,
24969279200,8.4772,-0.2126,0.9348,-0.3995,29.8701,42.7989,302.0226,
24983050800,8.4910,-0.2126,0.9348,-0.3993,29.8039,42.7206,302.0655,
24997396100,8.5054,-0.2127,0.9349,-0.3992,29.7498,42.6588,302.1002,
25011234400,8.5193,-0.2127,0.9349,-0.3990,29.7147,42.6121,302.1143,
25025070000,8.5331,-0.2127,0.9350,-0.3988,29.6831,42.5708,302.1266,
25039690100,8.5476,-0.2127,0.9352,-0.3986,29.6511,42.5299,302.1388,
25052879700,8.5610,-0.2128,0.9353,-0.3980,29.6013,42.4782,302.1587,
25066859100,8.5748,-0.2129,0.9354,-0.3975,29.5429,42.4186,302.1817,
25080727500,8.5887,-0.2130,0.9353,-0.3970,29.4931,42.3749,302.2032,
25094829300,8.6029,-0.2130,0.9353,-0.3966,29.4430,42.3320,302.2247,
25108577000,8.6166,-0.2130,0.9352,-0.3962,29.3910,42.2885,302.2469,
25122830100,8.6307,-0.2128,0.9349,-0.3952,29.3637,42.1757,302.2221,
25136130400,8.6443,-0.2124,0.9345,-0.3941,29.3326,42.0400,302.1902,
25150477200,8.6585,-0.2121,0.9345,-0.3931,29.3022,41.7678,302.2754,
25164161300,8.6721,-0.2117,0.9345,-0.3922,29.2712,41.4495,302.3773,
25178194900,8.6861,-0.2116,0.9346,-0.3917,29.1721,40.9709,302.4792,
25192057600,8.7002,-0.2114,0.9347,-0.3912,29.0779,40.4996,302.5812,
25205832100,8.7138,-0.2113,0.9349,-0.3908,28.9937,40.0623,302.6772,
25219695800,8.7277,-0.2112,0.9350,-0.3906,29.0254,39.8009,302.6768,
25233640100,8.7417,-0.2111,0.9352,-0.3904,29.0530,39.5771,302.6772,
25247733100,8.7557,-0.2108,0.9352,-0.3896,29.0666,39.2560,302.6780,
25261719300,8.7697,-0.2105,0.9352,-0.3887,29.0813,38.9202,302.6795,
25275360800,8.7835,-0.2102,0.9359,-0.3869,28.8915,38.3760,302.6198,
25289465700,8.7974,-0.2098,0.9366,-0.3852,28.6923,37.8079,302.5604,
25303313400,8.8113,-0.2095,0.9372,-0.3836,28.4980,37.2561,302.5053,
25317519500,8.8255,-0.2093,0.9379,-0.3808,28.3782,36.4756,302.6129,
25331072300,8.8392,-0.2091,0.9386,-0.3783,28.2608,35.7249,302.7148,
25344945400,8.8529,-0.2082,0.9399,-0.3751,28.1425,34.5842,302.4939,
25359151500,8.8671,-0.2074,0.9410,-0.3724,28.0262,33.5371,302.3001,
25372977600,8.8811,-0.2068,0.9420,-0.3701,27.9158,32.5974,302.1337,
25387216500,8.8951,-0.2059,0.9432,-0.3661,28.2056,31.3325,301.3482,
25401083700,8.9090,-0.2052,0.9442,-0.3627,28.4378,30.1318,300.6349,
25414819900,8.9229,-0.2040,0.9438,-0.3606,28.9060,29.0645,300.0329,
25428955300,8.9370,-0.2031,0.9436,-0.3588,29.2937,28.0613,299.4833,
25443032900,8.9510,-0.2022,0.9436,-0.3570,29.6206,27.1117,298.9753,
25457321900,8.9652,-0.2019,0.9437,-0.3548,30.0027,26.4647,298.3240,
25471094500,8.9792,-0.2015,0.9438,-0.3527,30.3417,25.8031,297.7120,
25484993400,8.9930,-0.2013,0.9432,-0.3508,30.5074,25.5180,297.9218,
25499533900,9.0075,-0.2011,0.9427,-0.3489,30.6815,25.1772,298.0930,
25513255300,9.0213,-0.2012,0.9416,-0.3470,30.6793,24.9980,298.3434,
25526987200,9.0349,-0.2013,0.9407,-0.3451,30.6867,24.7708,298.5756,
25540916000,9.0489,-0.2013,0.9400,-0.3432,30.7031,24.4963,298.7943,
25555073300,9.0632,-0.2008,0.9391,-0.3411,30.5719,23.9418,298.7772,
25568710800,9.0766,-0.2004,0.9384,-0.3391,30.4449,23.3334,298.7480,
25582771800,9.0907,-0.2001,0.9383,-0.3374,30.3479,22.7131,298.8042,
25596534500,9.1045,-0.1999,0.9382,-0.3358,30.2614,22.0879,298.8474,
25610680200,9.1188,-0.1999,0.9384,-0.3350,30.3926,21.5633,298.9042,
25624587800,9.1325,-0.2000,0.9386,-0.3342,30.5169,21.0423,298.9484,
25638449400,9.1464,-0.1999,0.9388,-0.3332,30.6372,20.5179,298.9829,
25652250500,9.1604,-0.1996,0.9397,-0.3320,30.6827,20.4234,299.0331,
25666240500,9.1742,-0.1993,0.9406,-0.3305,30.7189,20.3356,299.0684,
25680267900,9.1882,-0.1991,0.9407,-0.3302,30.8433,20.3691,299.2213,
25694070500,9.2022,-0.1989,0.9407,-0.3299,31.0080,20.3986,299.4200,
25708124400,9.2161,-0.1989,0.9405,-0.3299,31.0855,20.4823,299.6312,
25722093500,9.2301,-0.1988,0.9403,-0.3299,31.1670,20.5608,299.8528,
25736001900,9.2441,-0.1988,0.9401,-0.3299,31.2528,20.6346,300.0858,
25750053200,9.2580,-0.1986,0.9399,-0.3301,31.4176,20.6771,300.3057,
25764092000,9.2720,-0.1984,0.9396,-0.3305,31.5911,20.7141,300.5354,
25777867700,9.2859,-0.1980,0.9395,-0.3311,31.6310,20.7358,300.6172,
25791823400,9.2999,-0.1975,0.9394,-0.3317,31.6596,20.7487,300.6756,
25805715700,9.3137,-0.1971,0.9392,-0.3322,31.6838,20.7578,300.7249,
25819932600,9.3279,-0.1967,0.9393,-0.3329,31.7244,20.8095,300.8171,
25833394100,9.3415,-0.1962,0.9393,-0.3335,31.7744,20.8722,300.9309,
25847586800,9.3555,-0.1956,0.9385,-0.3342,31.8236,20.9155,301.0019,
25861775600,9.3697,-0.1949,0.9377,-0.3349,31.8728,20.9574,301.0716,
25875676200,9.3838,-0.1943,0.9369,-0.3355,31.9239,20.9998,301.1429,
25889062900,9.3971,-0.1941,0.9363,-0.3360,32.0549,21.0770,301.2178,
25903473200,9.4113,-0.1938,0.9358,-0.3363,32.2150,21.1693,301.3057,
25917259100,9.4253,-0.1936,0.9358,-0.3367,32.4068,21.3663,301.3865,
25931027100,9.4391,-0.1933,0.9359,-0.3370,32.6164,21.5830,301.4709,
25945013500,9.4530,-0.1931,0.9356,-0.3374,32.9212,21.8736,301.7091,
25958985300,9.4669,-0.1929,0.9353,-0.3379,33.2316,22.1727,301.9534,
25972855900,9.4810,-0.1927,0.9350,-0.3384,33.5298,22.4630,302.1898,
25986751100,9.4948,-0.1927,0.9351,-0.3386,33.8116,22.8065,302.6004,
26000706800,9.5087,-0.1927,0.9352,-0.3387,34.0835,23.1434,303.0016,
26014801000,9.5229,-0.1928,0.9350,-0.3389,34.4357,23.3548,303.4210,
26028654200,9.5367,-0.1930,0.9349,-0.3392,34.7761,23.5637,303.8302,
26042507600,9.5505,-0.1931,0.9347,-0.3394,35.0998,23.7666,304.2230,
26056458000,9.5645,-0.1935,0.9336,-0.3398,35.1974,23.8164,304.3947,
26070578600,9.5786,-0.1940,0.9324,-0.3403,35.2804,23.8597,304.5382,
26084316400,9.5923,-0.1943,0.9321,-0.3400,35.4024,24.0225,304.6708,
26098206200,9.6062,-0.1946,0.9318,-0.3398,35.5424,24.2087,304.8240,
26112016500,9.6201,-0.1947,0.9316,-0.3398,35.5944,24.2203,304.8723,
26126196000,9.6341,-0.1948,0.9315,-0.3397,35.6363,24.2293,304.9110,
26140179700,9.6482,-0.1949,0.9314,-0.3396,35.6791,24.2380,304.9506,
26154201300,9.6623,-0.1951,0.9313,-0.3396,35.6997,24.2720,304.9880,
26167658400,9.6757,-0.1954,0.9312,-0.3395,35.7227,24.3103,305.0300,
26181799100,9.6897,-0.1957,0.9306,-0.3393,35.7190,24.3107,305.0407,
26195748300,9.7039,-0.1961,0.9299,-0.3390,35.7141,24.3100,305.0510,
26209732300,9.7177,-0.1965,0.9292,-0.3387,35.7079,24.3082,305.0610,
26223699500,9.7317,-0.1967,0.9289,-0.3385,35.7284,24.2897,305.0608,
26237445000,9.7454,-0.1968,0.9287,-0.3383,35.7501,24.2688,305.0593,
26251327900,9.7595,-0.1969,0.9285,-0.3383,35.7586,24.2420,305.0562,
26265244800,9.7732,-0.1970,0.9284,-0.3382,35.7670,24.2127,305.0521,
26278916400,9.7869,-0.1970,0.9284,-0.3380,35.7757,24.1988,305.0399,
26293081700,9.8011,-0.1970,0.9283,-0.3379,35.7843,24.1841,305.0260,
26306836900,9.8148,-0.1970,0.9283,-0.3377,35.7928,24.1689,305.0103,
26320805800,9.8288,-0.1972,0.9282,-0.3377,35.7844,24.1623,304.9921,
26334795600,9.8429,-0.1973,0.9282,-0.3377,35.7744,24.1560,304.9721,
26348927900,9.8569,-0.1973,0.9281,-0.3376,35.7597,24.1621,304.9495,
26362862900,9.8708,-0.1974,0.9280,-0.3376,35.7431,24.1697,304.9253,
26376406100,9.8844,-0.1973,0.9278,-0.3376,35.7460,24.1867,304.9237,
26390167200,9.8983,-0.1973,0.9276,-0.3375,35.7494,24.2059,304.9231,
26404816700,9.9127,-0.1973,0.9273,-0.3375,35.7532,24.2273,304.9234,
26418634000,9.9266,-0.1972,0.9271,-0.3374,35.7427,24.2679,304.9371,
26432357300,9.9405,-0.1971,0.9267,-0.3373,35.7312,24.3122,304.9527,
26446308300,9.9543,-0.1970,0.9263,-0.3373,35.7365,24.3486,304.9849,
26460109500,9.9680,-0.1969,0.9259,-0.3373,35.7428,24.3874,305.0205,
26473826400,9.9819,-0.1968,0.9255,-0.3374,35.7499,24.4283,305.0594,
26488283700,9.9962,-0.1967,0.9254,-0.3373,35.7617,24.4788,305.0901,
26502010900,10.0100,-0.1966,0.9253,-0.3373,35.7782,24.5466,305.1320,
26515905800,10.0240,-0.1965,0.9253,-0.3373,35.7859,24.5802,305.1404,
26529942300,10.0379,-0.1963,0.9253,-0.3372,35.7942,24.6142,305.1482,
26543733800,10.0517,-0.1962,0.9253,-0.3372,35.8029,24.6486,305.1555,
26557611100,10.0656,-0.1961,0.9254,-0.3371,35.8116,24.6675,305.1469,
26571246200,10.0793,-0.1960,0.9255,-0.3370,35.8207,24.6856,305.1365,
26585515800,10.0935,-0.1959,0.9254,-0.3369,35.8279,24.6765,305.1384,
26599294200,10.1073,-0.1959,0.9252,-0.3367,35.8352,24.6642,305.1398,
26613318700,10.1214,-0.1960,0.9252,-0.3366,35.8541,24.6569,305.1544,
26627076800,10.1350,-0.1961,0.9251,-0.3364,35.8742,24.6474,305.1700,
26641007300,10.1490,-0.1962,0.9250,-0.3363,35.8956,24.6356,305.1864,
26655028200,10.1632,-0.1963,0.9248,-0.3362,35.9125,24.6280,305.2075,
26668860600,10.1769,-0.1964,0.9246,-0.3359,35.9302,24.6189,305.2298,
26682827500,10.1908,-0.1966,0.9244,-0.3357,35.9451,24.6155,305.2558,
26697299600,10.2053,-0.1967,0.9243,-0.3355,35.9602,24.6113,305.2831,
26710781900,10.2189,-0.1969,0.9242,-0.3353,35.9757,24.6065,305.3117,
26724796600,10.2327,-0.1970,0.9238,-0.3353,35.9610,24.5857,305.3282,
26738945300,10.2469,-0.1971,0.9232,-0.3354,35.9440,24.5630,305.3448,
26752760800,10.2609,-0.1972,0.9227,-0.3352,35.9207,24.5425,305.3514,
26766497100,10.2745,-0.1973,0.9221,-0.3351,35.8948,24.5206,305.3571,
26780517600,10.2884,-0.1974,0.9215,-0.3349,35.8768,24.4950,305.3440,
26794441000,10.3025,-0.1975,0.9209,-0.3347,35.8573,24.4677,305.3283,
26808316700,10.3163,-0.1977,0.9204,-0.3344,35.8500,24.4279,305.2972,
26822290800,10.3302,-0.1979,0.9200,-0.3342,35.8427,24.3855,305.2624,
26836137900,10.3442,-0.1980,0.9196,-0.3339,35.8356,24.3405,305.2239,
26850150000,10.3581,-0.1980,0.9195,-0.3337,35.8241,24.3244,305.1960,
26864248200,10.3722,-0.1980,0.9194,-0.3335,35.8122,24.3091,305.1660,
26878037700,10.3860,-0.1980,0.9194,-0.3332,35.8000,24.2943,305.1341,
26891750700,10.3999,-0.1979,0.9194,-0.3331,35.7637,24.2729,305.1162,
26905864100,10.4138,-0.1979,0.9194,-0.3329,35.7251,24.2515,305.0978,
26919744600,10.4277,-0.1978,0.9193,-0.3328,35.6660,24.2329,305.0938,
26933493400,10.4416,-0.1977,0.9192,-0.3328,35.5856,24.2101,305.0901,
26947474300,10.4555,-0.1978,0.9189,-0.3327,35.5638,24.1916,305.0741,
26961599400,10.4695,-0.1978,0.9186,-0.3325,35.5423,24.1732,305.0574,
26975286400,10.4834,-0.1977,0.9184,-0.3323,35.5541,24.1536,305.0608,
26989388000,10.4974,-0.1975,0.9182,-0.3322,35.5697,24.1339,305.0657,
27003317000,10.5113,-0.1973,0.9180,-0.3320,35.5889,24.1140,305.0723,
27017406300,10.5253,-0.1972,0.9180,-0.3319,35.6000,24.1179,305.0772,
27031096900,10.5392,-0.1970,0.9181,-0.3318,35.6134,24.1240,305.0833,
27044967600,10.5529,-0.1967,0.9182,-0.3317,35.6105,24.1218,305.0905,
27059194600,10.5671,-0.1964,0.9182,-0.3314,35.6079,24.1205,305.0989,
27072739900,10.5808,-0.1960,0.9183,-0.3312,35.6056,24.1202,305.1083,
27086814900,10.5948,-0.1959,0.9184,-0.3310,35.5950,24.1256,305.1226,
27100611400,10.6086,-0.1958,0.9185,-0.3308,35.5839,24.1322,305.1382,
27114405400,10.6225,-0.1957,0.9184,-0.3306,35.5743,24.1493,305.1586,
27128534200,10.6365,-0.1956,0.9183,-0.3305,35.5643,24.1685,305.1806,
27142775000,10.6507,-0.1954,0.9182,-0.3303,35.5541,24.1898,305.2042,
27156334300,10.6643,-0.1954,0.9182,-0.3300,35.5700,24.2061,305.2387,
27170199100,10.6783,-0.1953,0.9181,-0.3297,35.5880,24.2238,305.2756,
27184254400,10.6922,-0.1952,0.9179,-0.3289,35.5984,24.2496,305.3107,
27198162500,10.7061,-0.1951,0.9176,-0.3280,35.6098,24.2774,305.3476,
27211906800,10.7200,-0.1951,0.9174,-0.3271,35.6221,24.3070,305.3862,
27226002600,10.7340,-0.1952,0.9172,-0.3267,35.6173,24.3451,305.4358,
27240020700,10.7480,-0.1953,0.9170,-0.3263,35.6112,24.3905,305.4943,
27253725900,10.7619,-0.1954,0.9170,-0.3260,35.6127,24.4068,305.5292,
27267786500,10.7758,-0.1955,0.9170,-0.3257,35.6145,24.4230,305.5646,
27281678300,10.7897,-0.1955,0.9168,-0.3250,35.6329,24.4213,305.5840,
27295207400,10.8033,-0.1954,0.9166,-0.3242,35.6531,24.4178,305.6022,
27309551000,10.8175,-0.1951,0.9168,-0.3233,35.6788,24.4105,305.6158,
27323471100,10.8314,-0.1948,0.9170,-0.3223,35.7065,24.4012,305.6278,
27337632000,10.8456,-0.1945,0.9172,-0.3214,35.7360,24.3899,305.6384,
27351245100,10.8593,-0.1942,0.9173,-0.3209,35.7557,24.3885,305.6569,
27365282100,10.8733,-0.1940,0.9174,-0.3204,35.7761,24.3863,305.6749,
27379449100,10.8874,-0.1938,0.9176,-0.3201,35.7821,24.3825,305.7002,
27393084800,10.9012,-0.1936,0.9177,-0.3198,35.7872,24.3779,305.7260,
27407015400,10.9149,-0.1934,0.9179,-0.3195,35.7915,24.3725,305.7520,
27420950400,10.9289,-0.1933,0.9182,-0.3192,35.7862,24.3715,305.8005,
27435093300,10.9432,-0.1933,0.9184,-0.3189,35.7755,24.3696,305.8795,
27448898400,10.9569,-0.1934,0.9183,-0.3187,35.7666,24.3293,305.9719,
27462633700,10.9706,-0.1935,0.9182,-0.3185,35.7541,24.2797,306.0785,
27476531600,10.9845,-0.1935,0.9184,-0.3184,35.7839,24.3268,306.1776,
27490360500,10.9985,-0.1936,0.9186,-0.3181,35.8141,24.3767,306.2755,
27504385300,11.0124,-0.1936,0.9189,-0.3179,35.8476,24.4337,306.3813,
27518415700,11.0264,-0.1938,0.9194,-0.3177,35.9153,24.4822,306.4564,
27532133700,11.0403,-0.1939,0.9200,-0.3175,35.9925,24.5380,306.5376,
27546209100,11.0542,-0.1940,0.9201,-0.3176,36.1211,24.6529,306.6978,
27560128600,11.0681,-0.1940,0.9201,-0.3176,36.2710,24.7888,306.8808,
27573907200,11.0820,-0.1940,0.9202,-0.3176,36.4302,24.9354,307.0719,
27587890700,11.0959,-0.1940,0.9201,-0.3177,36.5651,25.0430,307.1502,
27601923000,11.1099,-0.1940,0.9200,-0.3178,36.6941,25.1467,307.2211,
27615615500,11.1237,-0.1939,0.9201,-0.3179,36.7251,25.2073,307.2289,
27629757300,11.1377,-0.1939,0.9202,-0.3180,36.7501,25.2584,307.2329,
27643588100,11.1516,-0.1940,0.9201,-0.3181,36.7622,25.2591,307.2288,
27657627300,11.1655,-0.1942,0.9200,-0.3182,36.7740,25.2581,307.2227,
27671334100,11.1795,-0.1943,0.9199,-0.3183,36.7856,25.2554,307.2146,
27685457500,11.1934,-0.1944,0.9203,-0.3184,36.7782,25.2787,307.1986,
27699382100,11.2074,-0.1945,0.9209,-0.3185,36.7689,25.3029,307.1803,
27713106000,11.2212,-0.1944,0.9215,-0.3185,36.7668,25.3522,307.1909,
27726836900,11.2348,-0.1944,0.9222,-0.3186,36.7631,25.4143,307.2045,
27740836400,11.2488,-0.1943,0.9229,-0.3187,36.7569,25.5012,307.2237,
27754565100,11.2627,-0.1943,0.9230,-0.3190,36.7534,25.5308,307.2520,
27768547800,11.2765,-0.1943,0.9231,-0.3192,36.7491,25.5608,307.2824,
27782773200,11.2907,-0.1943,0.9231,-0.3194,36.7671,25.5933,307.3114,
27797240700,11.3052,-0.1944,0.9231,-0.3196,36.7865,25.6264,307.3419,
27810273400,11.3184,-0.1945,0.9231,-0.3197,36.7946,25.6591,307.3856,
27824528300,11.3325,-0.1945,0.9231,-0.3199,36.8027,25.6924,307.4320,
27839178600,11.3471,-0.1946,0.9231,-0.3201,36.8110,25.7262,307.4811,
27852048000,11.3601,-0.1949,0.9230,-0.3203,36.8302,25.7420,307.5049,
27866381000,11.3743,-0.1953,0.9229,-0.3206,36.8504,25.7567,307.5287,
27880455900,11.3884,-0.1958,0.9226,-0.3208,36.8418,25.7459,307.5217,
27894032900,11.4022,-0.1964,0.9223,-0.3210,36.8312,25.7316,307.5115,
27907849800,11.4158,-0.1970,0.9220,-0.3212,36.8188,25.7139,307.4984,
27921739700,11.4297,-0.1971,0.9223,-0.3211,36.8201,25.7395,307.4835,
27935507100,11.4436,-0.1971,0.9230,-0.3210,36.8212,25.7660,307.4660,
27950293000,11.4583,-0.1972,0.9227,-0.3211,36.8281,25.7671,307.4604,
27963915000,11.4719,-0.1973,0.9224,-0.3211,36.8352,25.7664,307.4536,
27977948500,11.4859,-0.1974,0.9224,-0.3211,36.8246,25.7968,307.4420,
27991540200,11.4997,-0.1975,0.9223,-0.3211,36.8123,25.8289,307.4288,
28005505400,11.5135,-0.1976,0.9222,-0.3211,36.7969,25.8665,307.4127,
28019644800,11.5276,-0.1980,0.9217,-0.3212,36.7827,25.8654,307.4032,
28033268700,11.5414,-0.1986,0.9209,-0.3214,36.7671,25.8627,307.3932,
28047353400,11.5553,-0.1990,0.9204,-0.3214,36.7370,25.8420,307.3756,
28061378500,11.5694,-0.1994,0.9199,-0.3214,36.7042,25.8180,307.3568,
28075098000,11.5832,-0.1995,0.9199,-0.3215,36.6721,25.7949,307.3306,
28089364400,11.5973,-0.1996,0.9199,-0.3215,36.6377,25.7691,307.3025,
28102997700,11.6110,-0.1997,0.9199,-0.3216,36.5911,25.7328,307.2640,
28116646200,11.6247,-0.1998,0.9198,-0.3217,36.5247,25.6882,307.2193,
28130533800,11.6386,-0.1999,0.9197,-0.3218,36.4462,25.6344,307.1668,
28144897100,11.6529,-0.2000,0.9196,-0.3219,36.4260,25.6163,307.1393,
28158414300,11.6664,-0.2002,0.9196,-0.3221,36.4068,25.5982,307.1117,
28172173600,11.6803,-0.2004,0.9195,-0.3222,36.3880,25.5795,307.0831,
28186353900,11.6943,-0.2008,0.9193,-0.3225,36.3824,25.5997,307.0618,
28200561000,11.7085,-0.2012,0.9191,-0.3229,36.3783,25.6230,307.0403,
28214464800,11.7226,-0.2017,0.9192,-0.3232,36.3767,25.6816,307.0031,
28228380600,11.7364,-0.2022,0.9192,-0.3235,36.3778,25.7752,306.9483,
28242740700,11.7507,-0.2026,0.9194,-0.3238,36.3832,25.8938,306.8837,
28256009100,11.7641,-0.2033,0.9189,-0.3244,36.3842,25.9889,306.9331,
28270057400,11.7780,-0.2041,0.9183,-0.3251,36.3869,26.0819,306.9842,
28284082600,11.7920,-0.2045,0.9182,-0.3253,36.3817,26.2332,307.0090,
28298001600,11.8059,-0.2049,0.9181,-0.3255,36.3773,26.4168,307.0411,
28311759900,11.8199,-0.2054,0.9178,-0.3258,36.3937,26.4366,307.0390,
28325755100,11.8338,-0.2058,0.9174,-0.3262,36.4100,26.4533,307.0371,
28339933700,11.8479,-0.2063,0.9171,-0.3265,36.4283,26.4694,307.0352,
28353248000,11.8613,-0.2066,0.9170,-0.3265,36.4398,26.4692,307.0159,
28367283100,11.8753,-0.2067,0.9170,-0.3265,36.4525,26.4670,306.9949,
28381237000,11.8892,-0.2068,0.9171,-0.3265,36.4638,26.4766,306.9930,
28395237100,11.9034,-0.2068,0.9173,-0.3264,36.4758,26.4856,306.9917,
28409446900,11.9173,-0.2068,0.9174,-0.3264,36.4845,26.4851,306.9743,
28423345600,11.9313,-0.2068,0.9176,-0.3264,36.4934,26.4832,306.9557,
28437221800,11.9452,-0.2069,0.9177,-0.3264,36.5027,26.4799,306.9359,
28450936100,11.9591,-0.2069,0.9178,-0.3263,36.5094,26.5098,306.9299,
28465038200,11.9730,-0.2068,0.9179,-0.3262,36.5162,26.5416,306.9242,
28478942200,11.9869,-0.2069,0.9178,-0.3261,36.5436,26.5540,306.9188,
28492672700,12.0008,-0.2069,0.9177,-0.3261,36.5731,26.5660,306.9137,
28506711000,12.0147,-0.2069,0.9177,-0.3260,36.6046,26.5778,306.9088,
28520460500,12.0284,-0.2070,0.9178,-0.3257,36.6326,26.6120,306.8915,
28534580800,12.0427,-0.2071,0.9181,-0.3251,36.6744,26.6633,306.8655,
28548446400,12.0564,-0.2074,0.9184,-0.3239,36.7253,26.8002,306.8206,
28562733800,12.0707,-0.2078,0.9187,-0.3226,36.7853,26.9683,306.7666,
28576459400,12.0844,-0.2080,0.9190,-0.3214,36.8476,27.1495,306.7095,
28590362200,12.0985,-0.2090,0.9188,-0.3197,36.9572,27.2402,306.5155,
28604279100,12.1123,-0.2099,0.9186,-0.3181,37.0686,27.3303,306.3139,
28617753400,12.1257,-0.2112,0.9179,-0.3158,37.2057,27.4940,306.0516,
28631938700,12.1400,-0.2123,0.9173,-0.3137,37.3421,27.6561,305.7865,
28645951900,12.1540,-0.2131,0.9172,-0.3120,37.4240,27.8068,305.4863,
28660048200,12.1680,-0.2138,0.9170,-0.3105,37.5001,27.9479,305.1995,
28673857600,12.1820,-0.2144,0.9169,-0.3092,37.5703,28.0793,304.9277,
28687776200,12.1957,-0.2148,0.9172,-0.3083,37.5786,28.1887,304.6702,
28701719300,12.2097,-0.2152,0.9174,-0.3073,37.5859,28.2922,304.4237,
28715418600,12.2235,-0.2152,0.9171,-0.3070,37.6621,28.2934,304.3604,
28729476700,12.2375,-0.2153,0.9167,-0.3066,37.7190,28.2941,304.3120,
28743549600,12.2515,-0.2153,0.9168,-0.3065,37.7928,28.3910,304.2888,
28757402900,12.2654,-0.2154,0.9169,-0.3063,37.8845,28.5140,304.2601,
28771658200,12.2797,-0.2155,0.9170,-0.3062,37.9897,28.6578,304.2275,
28785221800,12.2932,-0.2155,0.9169,-0.3061,38.0541,28.7512,304.2835,
28799184700,12.3071,-0.2155,0.9169,-0.3061,38.1138,28.8393,304.3372,
28812935200,12.3211,-0.2155,0.9168,-0.3060,38.1764,28.9334,304.3952,
28827029200,12.3350,-0.2156,0.9168,-0.3060,38.2215,29.0068,304.4228,
28840850800,12.3489,-0.2156,0.9167,-0.3060,38.2667,29.0815,304.4510,
28854747800,12.3628,-0.2156,0.9169,-0.3062,38.2701,29.1217,304.4977,
28868497100,12.3765,-0.2156,0.9170,-0.3063,38.2726,29.1642,304.5481,
28882981400,12.3909,-0.2156,0.9169,-0.3065,38.3042,29.2112,304.5959,
28896780300,12.4048,-0.2157,0.9168,-0.3067,38.3442,29.2696,304.6560,
28910522400,12.4186,-0.2155,0.9169,-0.3070,38.3713,29.3519,304.7470,
28924449600,12.4324,-0.2152,0.9170,-0.3074,38.4012,29.4463,304.8524,
28938413300,12.4464,-0.2150,0.9171,-0.3079,38.4328,29.5500,304.9694,
28952155800,12.4603,-0.2145,0.9171,-0.3083,38.4729,29.6872,305.0981,
28966293900,12.4742,-0.2141,0.9171,-0.3087,38.5147,29.8349,305.2365,
28980240900,12.4882,-0.2138,0.9173,-0.3093,38.5099,29.8690,305.2717,
28993953600,12.5021,-0.2135,0.9176,-0.3098,38.5041,29.8977,305.3015,
29008083900,12.5161,-0.2131,0.9179,-0.3103,38.4850,29.9252,305.3228,
29021983200,12.5299,-0.2127,0.9181,-0.3108,38.4631,29.9522,305.3432,
29035736500,12.5439,-0.2123,0.9184,-0.3112,38.4384,29.9790,305.3628,
29049856600,12.5579,-0.2120,0.9178,-0.3123,38.4250,30.0164,305.3985,
29063758600,12.5718,-0.2117,0.9171,-0.3135,38.4104,30.0546,305.4350,
29077660500,12.5856,-0.2112,0.9174,-0.3144,38.3878,30.0736,305.4543,
29091418100,12.5995,-0.2108,0.9177,-0.3153,38.3635,30.0912,305.4725,
29105484700,12.6135,-0.2104,0.9179,-0.3161,38.3373,30.1075,305.4897,
29119497700,12.6274,-0.2105,0.9179,-0.3163,38.3249,30.1298,305.5198,
29133046300,12.6411,-0.2105,0.9178,-0.3165,38.3123,30.1516,305.5503,
29147374200,12.6554,-0.2105,0.9178,-0.3169,38.2974,30.2004,305.5738,
29161208100,12.6692,-0.2106,0.9177,-0.3174,38.2820,30.2514,305.5968,
29175113900,12.6832,-0.2106,0.9176,-0.3180,38.2622,30.3181,305.6250,
29189210700,12.6971,-0.2107,0.9174,-0.3183,38.2453,30.4680,305.6201,
29203500300,12.7115,-0.2108,0.9172,-0.3186,38.2251,30.6661,305.6063,
29217051900,12.7250,-0.2108,0.9171,-0.3190,38.2107,30.8063,305.6015,
29231030700,12.7392,-0.2109,0.9169,-0.3195,38.1988,30.9366,305.5924,
29244881400,12.7528,-0.2107,0.9166,-0.3199,38.1756,31.0436,305.6053,
29258854000,12.7668,-0.2106,0.9163,-0.3203,38.1544,31.1417,305.6156,
29272586000,12.7807,-0.2104,0.9160,-0.3207,38.1341,31.2363,305.6239,
29286711200,12.7947,-0.2104,0.9160,-0.3208,38.1488,31.2967,305.6355,
29300533400,12.8085,-0.2103,0.9159,-0.3208,38.1636,31.3505,305.6455,
29314262100,12.8224,-0.2102,0.9159,-0.3208,38.1699,31.3615,305.6492,
29328261400,12.8363,-0.2101,0.9159,-0.3209,38.1771,31.3702,305.6524,
29342401100,12.8504,-0.2101,0.9158,-0.3209,38.1642,31.3476,305.6541,
29356078900,12.8641,-0.2101,0.9157,-0.3210,38.1498,31.3197,305.6554,
29370121000,12.8781,-0.2101,0.9155,-0.3210,38.1340,31.2868,305.6560,
29384070100,12.8921,-0.2102,0.9154,-0.3212,38.1241,31.2804,305.6468,
29397978900,12.9060,-0.2102,0.9153,-0.3214,38.1137,31.2724,305.6360,
29411831800,12.9199,-0.2102,0.9151,-0.3217,38.1026,31.2627,305.6240,
29425777100,12.9338,-0.2103,0.9150,-0.3219,38.0804,31.2483,305.6079,
29439923100,12.9479,-0.2104,0.9148,-0.3222,38.0568,31.2321,305.5903,
29453524700,12.9617,-0.2106,0.9145,-0.3225,38.0380,31.2213,305.5690,
29468136900,12.9760,-0.2107,0.9142,-0.3227,38.0184,31.2095,305.5463,
29481592100,12.9896,-0.2109,0.9134,-0.3234,37.9982,31.2003,305.5224,
29495409800,13.0035,-0.2110,0.9125,-0.3241,37.9773,31.1905,305.4972,
29509627100,13.0176,-0.2113,0.9126,-0.3244,37.9558,31.1715,305.4586,
29523444800,13.0313,-0.2115,0.9127,-0.3247,37.9336,31.1511,305.4173,
29537116400,13.0451,-0.2118,0.9128,-0.3251,37.9095,31.1281,305.3711,
29550652000,13.0588,-0.2122,0.9125,-0.3253,37.7828,31.0118,305.1305,
29564613800,13.0725,-0.2128,0.9121,-0.3256,37.6163,30.8587,304.8129,
29578506400,13.0863,-0.2135,0.9125,-0.3256,37.2620,30.6594,304.1817,
29592322500,13.1004,-0.2144,0.9131,-0.3257,36.8938,30.4601,303.5301,
29605991100,13.1140,-0.2153,0.9136,-0.3258,36.5500,30.2812,302.9254,
29619909900,13.1278,-0.2173,0.9162,-0.3254,35.9739,30.0127,301.9211,
29633470900,13.1415,-0.2193,0.9187,-0.3250,35.4404,29.7789,301.0032,
29647624300,13.1556,-0.2211,0.9219,-0.3237,34.8938,30.0313,300.1617,
29661820500,13.1698,-0.2225,0.9246,-0.3227,34.4057,30.2504,299.4035,
29675448200,13.1836,-0.2237,0.9267,-0.3218,33.9732,30.4397,298.7267,
29689512700,13.1973,-0.2244,0.9285,-0.3224,33.7477,30.2590,298.5171,
29703210300,13.2112,-0.2250,0.9300,-0.3228,33.5572,30.1267,298.3282,
29717135500,13.2251,-0.2254,0.9312,-0.3237,33.4174,30.0297,298.3145,
29731101200,13.2392,-0.2259,0.9325,-0.3245,33.2626,29.9318,298.2845,
29744895800,13.2528,-0.2258,0.9342,-0.3250,33.1867,29.8315,298.2981,
29758787300,13.2668,-0.2259,0.9359,-0.3254,33.0993,29.7248,298.3029,
29772588500,13.2807,-0.2260,0.9376,-0.3258,32.9980,29.6089,298.2989,
29786563100,13.2945,-0.2261,0.9374,-0.3259,32.9604,29.6297,298.4838,
29800555500,13.3085,-0.2262,0.9372,-0.3260,32.9095,29.6594,298.7114,
29814280300,13.3224,-0.2263,0.9370,-0.3260,32.9043,29.7745,299.0798,
29828312000,13.3363,-0.2263,0.9368,-0.3260,32.8957,29.9064,299.4797,
29842368500,13.3504,-0.2264,0.9366,-0.3260,32.8843,30.0440,299.8773,
29856165300,13.3642,-0.2267,0.9360,-0.3257,32.6849,30.1499,300.2011,
29870372100,13.3784,-0.2270,0.9352,-0.3253,32.4854,30.2566,300.5160,
29884121700,13.3921,-0.2271,0.9344,-0.3251,32.4212,30.3488,300.6008,
29898026500,13.4060,-0.2272,0.9337,-0.3250,32.3719,30.4200,300.6634,
29912113500,13.4202,-0.2273,0.9336,-0.3248,32.3343,30.4677,300.7135,
29925550700,13.4335,-0.2274,0.9335,-0.3248,32.2970,30.5151,300.7618,
29940175200,13.4481,-0.2274,0.9334,-0.3247,32.2559,30.5676,300.8139,
29953664800,13.4618,-0.2275,0.9333,-0.3248,32.2370,30.6934,300.8863,
29967647000,13.4756,-0.2276,0.9333,-0.3249,32.2134,30.8594,300.9793,
29981715900,13.4897,-0.2278,0.9333,-0.3250,32.1676,31.1485,300.9315,
29994920900,13.5030,-0.2279,0.9333,-0.3250,32.1123,31.5109,300.8615,
30009269000,13.5172,-0.2280,0.9333,-0.3251,32.1889,32.0175,300.6620,
30023230100,13.5312,-0.2281,0.9333,-0.3252,32.2740,32.5319,300.4474,
30036861800,13.5448,-0.2283,0.9333,-0.3253,32.3606,33.0144,300.2358,
30050959400,13.5591,-0.2283,0.9333,-0.3254,32.4176,33.2313,300.0819,
30065067800,13.5730,-0.2284,0.9333,-0.3255,32.4701,33.4197,299.9437,
30079070800,13.5870,-0.2283,0.9333,-0.3257,32.4466,33.4606,299.8884,
30092580900,13.6007,-0.2281,0.9333,-0.3258,32.4306,33.4922,299.8453,
30106927800,13.6149,-0.2279,0.9333,-0.3260,32.4167,33.5227,299.8032,
30120747100,13.6287,-0.2278,0.9332,-0.3263,32.3689,33.5853,299.7869,
30134817500,13.6429,-0.2276,0.9332,-0.3268,32.3092,33.6657,299.7647,
30148662400,13.6566,-0.2274,0.9333,-0.3277,32.2202,33.7331,299.7643,
30162342600,13.6703,-0.2271,0.9334,-0.3286,32.1188,33.8105,299.7631,
30176052300,13.6842,-0.2270,0.9329,-0.3296,31.9550,33.9239,299.7101,
30190489100,13.6984,-0.2270,0.9325,-0.3304,31.7679,34.0537,299.6466,
30204344600,13.7123,-0.2270,0.9321,-0.3313,31.5717,34.1901,299.5772,
30217946300,13.7259,-0.2270,0.9320,-0.3317,31.4334,34.2452,299.5084,
30231823300,13.7399,-0.2269,0.9319,-0.3320,31.3070,34.2951,299.4435,
30246257200,13.7541,-0.2268,0.9317,-0.3322,31.1760,34.4751,299.3998,
30260053400,13.7680,-0.2267,0.9316,-0.3323,31.0348,34.6733,299.3512,
30273952700,13.7820,-0.2266,0.9315,-0.3325,30.8905,34.8797,299.3000,
30287893000,13.7959,-0.2266,0.9314,-0.3329,30.8611,34.9261,299.2455,
30301833400,13.8097,-0.2267,0.9314,-0.3335,30.8398,34.9614,299.2038,
30315504200,13.8236,-0.2268,0.9314,-0.3337,30.8099,34.9864,299.1790,
30329614300,13.8376,-0.2268,0.9315,-0.3339,30.7811,35.0105,299.1551,
30344072300,13.8520,-0.2269,0.9315,-0.3340,30.7506,35.0363,299.1295,
30357728800,13.8656,-0.2270,0.9315,-0.3341,30.6285,35.1565,299.1727,
30371650000,13.8798,-0.2270,0.9316,-0.3342,30.4608,35.3218,299.2345,
30385423200,13.8934,-0.2270,0.9317,-0.3344,30.3454,35.3931,299.2937,
30399258500,13.9072,-0.2269,0.9318,-0.3346,30.2360,35.4596,299.3519,
30413095500,13.9211,-0.2269,0.9319,-0.3347,30.2289,35.4662,299.3318,
30427748000,13.9357,-0.2269,0.9321,-0.3349,30.2231,35.4721,299.3096,
30440952700,13.9489,-0.2269,0.9322,-0.3351,30.2184,35.4773,299.2851,
30455267300,13.9634,-0.2268,0.9325,-0.3360,30.2353,35.4731,299.2726,
30468530000,13.9764,-0.2267,0.9329,-0.3371,30.2550,35.4675,299.2594,
30482643700,13.9906,-0.2266,0.9322,-0.3384,30.2907,35.4647,299.2191,
30496065600,14.0042,-0.2266,0.9316,-0.3397,30.3549,35.4584,299.1483,
30510209100,14.0182,-0.2266,0.9310,-0.3409,30.4511,35.4477,299.0447,
30524754900,14.0327,-0.2269,0.9297,-0.3434,30.5160,35.4227,298.9875,
30538489400,14.0464,-0.2271,0.9285,-0.3457,30.5802,35.3971,298.9324,
30552172400,14.0603,-0.2275,0.9268,-0.3485,30.6921,35.5508,298.9265,
30565767800,14.0738,-0.2278,0.9254,-0.3509,30.8472,35.7680,298.9233,
30579722200,14.0876,-0.2281,0.9244,-0.3524,31.1069,36.0836,298.8763,
30594156900,14.1023,-0.2284,0.9236,-0.3537,31.3821,36.4217,298.8325,
30607818500,14.1158,-0.2286,0.9228,-0.3550,31.6496,36.7538,298.7954,
30622040700,14.1300,-0.2281,0.9216,-0.3556,32.1551,37.5940,299.0634,
30635487200,14.1435,-0.2277,0.9205,-0.3563,32.6447,38.4233,299.3377,
30649540600,14.1575,-0.2278,0.9205,-0.3575,33.0730,39.1862,299.4401,
30663732200,14.1717,-0.2280,0.9205,-0.3587,33.4541,39.8722,299.5433,
30678212000,14.1861,-0.2281,0.9204,-0.3600,33.7960,40.4939,299.6458,
30691751500,14.1998,-0.2279,0.9207,-0.3613,33.6852,40.5435,299.5989,
30705320700,14.2133,-0.2278,0.9210,-0.3627,33.6235,40.5850,299.5731,
30719147400,14.2271,-0.2275,0.9216,-0.3642,33.6162,40.5972,299.5695,
30733377300,14.2415,-0.2272,0.9222,-0.3656,33.6113,40.6149,299.5670,
30747280200,14.2552,-0.2268,0.9224,-0.3671,33.5892,40.6206,299.5544,
30760934000,14.2689,-0.2265,0.9226,-0.3684,33.5673,40.6297,299.5417,
30774678700,14.2828,-0.2262,0.9227,-0.3698,33.5458,40.6421,299.5288,
30788862000,14.2968,-0.2259,0.9230,-0.3705,33.5339,40.6713,299.5358,
30802837800,14.3107,-0.2257,0.9233,-0.3712,33.5230,40.7048,299.5444,
30816779600,14.3248,-0.2254,0.9239,-0.3722,33.4137,40.8302,299.4785,
30830557000,14.3387,-0.2251,0.9245,-0.3734,33.2480,41.0299,299.3759,
30845315100,14.3533,-0.2250,0.9248,-0.3747,32.9711,41.3688,299.3756,
30858677800,14.3666,-0.2249,0.9252,-0.3761,32.6857,41.7270,299.3771,
30872619900,14.3807,-0.2248,0.9255,-0.3774,32.4123,42.0784,299.3801,
30886155300,14.3941,-0.2249,0.9256,-0.3785,32.1898,42.3433,299.3340,
30900484900,14.4084,-0.2250,0.9258,-0.3797,31.9862,42.5917,299.2931,
30914187500,14.4222,-0.2249,0.9264,-0.3808,31.9078,42.7255,299.2981,
30928324700,14.4363,-0.2249,0.9269,-0.3820,31.8430,42.8391,299.3032,
30942103100,14.4501,-0.2248,0.9274,-0.3832,31.7821,42.9483,299.3088,
30956572700,14.4645,-0.2247,0.9280,-0.3837,31.6932,43.0553,299.2209,
30969643200,14.4777,-0.2246,0.9284,-0.3842,31.5910,43.1807,299.1199,
30984044400,14.4920,-0.2245,0.9286,-0.3847,31.6233,43.1981,298.7709,
30997899700,14.5059,-0.2244,0.9289,-0.3852,31.6638,43.2177,298.3613,
31011678100,14.5198,-0.2242,0.9290,-0.3859,31.6173,43.3201,298.1446,
31025868300,14.5338,-0.2240,0.9292,-0.3867,31.5751,43.4165,297.9430,
31039905700,14.5479,-0.2239,0.9294,-0.3875,31.5354,43.5101,297.7494,
31053301800,14.5614,-0.2238,0.9294,-0.3882,31.4906,43.6191,297.7485,
31067426100,14.5754,-0.2237,0.9295,-0.3890,31.4518,43.7147,297.7478,
31081372900,14.5893,-0.2237,0.9294,-0.3890,31.3679,43.8552,297.6784,
31095044500,14.6032,-0.2236,0.9293,-0.3891,31.2691,44.0212,297.5953,
31109077600,14.6171,-0.2235,0.9291,-0.3892,31.1630,44.2000,297.5046,
31122990500,14.6310,-0.2234,0.9291,-0.3892,31.0283,44.4392,297.4086,
31136907900,14.6448,-0.2233,0.9290,-0.3892,30.8907,44.6845,297.3089,
31151056500,14.6592,-0.2230,0.9284,-0.3891,30.7854,44.8337,297.2467,
31164861500,14.6728,-0.2226,0.9276,-0.3889,30.6900,44.9690,297.1898,
31178653100,14.6866,-0.2218,0.9260,-0.3882,30.5934,45.0634,297.1431,
31192692900,14.7007,-0.2210,0.9244,-0.3876,30.4999,45.1541,297.0978,
31206749100,14.7147,-0.2202,0.9230,-0.3870,30.4050,45.2456,297.0515,
31221182200,14.7291,-0.2198,0.9225,-0.3868,30.1925,45.3520,296.9657,
31234560800,14.7427,-0.2195,0.9221,-0.3866,29.9540,45.4701,296.8690,
31248807300,14.7567,-0.2193,0.9218,-0.3865,29.8211,45.6175,296.7647,
31263419300,14.7714,-0.2192,0.9215,-0.3864,29.6923,45.7611,296.6623,
31277155200,14.7851,-0.2190,0.9212,-0.3863,29.5665,45.9024,296.5610,
31291003700,14.7991,-0.2188,0.9206,-0.3862,29.4639,45.8618,296.5778,
31304326900,14.8122,-0.2185,0.9200,-0.3860,29.3501,45.8161,296.5967,
31318528100,14.8265,-0.2184,0.9194,-0.3859,29.1785,45.6820,296.5882,
31332163000,14.8403,-0.2183,0.9189,-0.3857,28.9686,45.5158,296.5778,
31346625200,14.8546,-0.2182,0.9184,-0.3856,28.7415,45.3342,296.5667,
31360296000,14.8682,-0.2180,0.9185,-0.3858,28.3395,44.8874,296.7021,
31374407000,14.8825,-0.2178,0.9185,-0.3861,27.9228,44.4198,296.8466,
31388007600,14.8960,-0.2172,0.9183,-0.3866,27.6837,43.5837,296.9841,
31402070600,14.9101,-0.2165,0.9181,-0.3872,27.4623,42.8073,297.1155,
31415836000,14.9239,-0.2158,0.9179,-0.3875,27.2198,42.2118,297.3350,
31429881500,14.9378,-0.2153,0.9176,-0.3877,27.0065,41.6795,297.5298,
31443858900,14.9518,-0.2147,0.9174,-0.3880,26.8145,41.1932,297.7066,
31457661200,14.9657,-0.2143,0.9174,-0.3879,26.8737,41.0947,297.8628,
31471603400,14.9797,-0.2140,0.9175,-0.3877,26.9147,40.9992,297.9922,
31485610800,14.9936,-0.2136,0.9174,-0.3877,26.8069,40.8873,298.2240,
31499503300,15.0075,-0.2133,0.9172,-0.3877,26.6810,40.7461,298.4866,
31513474100,15.0216,-0.2128,0.9169,-0.3874,26.6566,40.5830,298.7831,
31527999200,15.0359,-0.2123,0.9164,-0.3870,26.6279,40.4036,299.0884,
31541487600,15.0495,-0.2118,0.9160,-0.3866,26.5961,40.2125,299.3959,
31556082600,15.0642,-0.2111,0.9153,-0.3865,26.4433,40.0058,299.6784,
31570056300,15.0779,-0.2104,0.9146,-0.3863,26.2922,39.7921,299.9604,
31584350900,15.0922,-0.2100,0.9137,-0.3860,26.2054,39.7183,300.1415,
31597862800,15.1057,-0.2097,0.9128,-0.3856,26.1263,39.6453,300.3068,
31611573500,15.1195,-0.2093,0.9120,-0.3852,26.0475,39.5678,300.4721,
31625243000,15.1332,-0.2087,0.9107,-0.3846,25.9347,39.5393,300.5826,
31639722200,15.1475,-0.2081,0.9094,-0.3840,25.8206,39.5061,300.6963,
31654055600,15.1621,-0.2081,0.9090,-0.3836,25.7993,39.5136,300.7226,
31667481300,15.1754,-0.2081,0.9086,-0.3834,25.7827,39.5183,300.7435,
31680579900,15.1885,-0.2077,0.9076,-0.3826,25.7905,39.5450,300.7495,
31694283700,15.2023,-0.2072,0.9064,-0.3817,25.7995,39.5734,300.7560,
31708322800,15.2163,-0.2067,0.9053,-0.3808,25.8097,39.6035,300.7630,
31722379300,15.2303,-0.2068,0.9052,-0.3806,25.8410,39.7259,300.6161,
31736054700,15.2442,-0.2068,0.9052,-0.3805,25.8986,39.9418,300.3498,
31750190200,15.2581,-0.2069,0.9050,-0.3801,25.9582,40.2158,299.8969,
31764348300,15.2723,-0.2071,0.9047,-0.3797,26.0211,40.4883,299.4340,
31777964000,15.2859,-0.2072,0.9044,-0.3791,26.0817,40.7375,298.9995,
31792157900,15.3003,-0.2075,0.9045,-0.3789,26.2090,41.0249,298.4461,
31805936900,15.3138,-0.2078,0.9046,-0.3786,26.3288,41.2878,297.9295,
31819918500,15.3279,-0.2080,0.9046,-0.3779,26.4949,41.4689,297.7433,
31833327500,15.3414,-0.2083,0.9046,-0.3770,26.6362,41.6239,297.5756,
31847630100,15.3556,-0.2086,0.9050,-0.3770,26.6654,41.6467,297.4473,
31861284800,15.3692,-0.2089,0.9055,-0.3769,26.6914,41.6681,297.3319,
31875060600,15.3832,-0.2093,0.9059,-0.3768,26.7184,41.6911,297.2121,
31889358800,15.3973,-0.2101,0.9064,-0.3761,26.7001,41.8688,297.2424,
31903217500,15.4112,-0.2111,0.9069,-0.3753,26.6762,42.1071,297.2789,
31917044700,15.4249,-0.2121,0.9068,-0.3737,26.8446,42.5625,297.4688,
31930538200,15.4386,-0.2132,0.9067,-0.3721,27.0411,43.0924,297.6871,
31944491400,15.4524,-0.2141,0.9066,-0.3707,27.2412,43.6317,297.9071,
31958682500,15.4666,-0.2151,0.9063,-0.3689,27.3611,44.0067,297.8164,
31971947500,15.4800,-0.2160,0.9060,-0.3672,27.4786,44.3660,297.7328,
31986562400,15.4945,-0.2161,0.9075,-0.3665,27.6800,44.4961,297.6850,
31999906700,15.5079,-0.2161,0.9089,-0.3658,27.8678,44.6212,297.6416,
32013810200,15.5219,-0.2156,0.9105,-0.3655,28.0892,44.6642,297.5946,
32028324700,15.5362,-0.2151,0.9119,-0.3652,28.3229,44.7126,297.5457,
32042022000,15.5500,-0.2146,0.9133,-0.3649,28.5706,44.7668,297.4946,
32055692300,15.5638,-0.2146,0.9141,-0.3649,28.9553,44.7661,297.6348,
32069695300,15.5777,-0.2145,0.9148,-0.3649,29.3835,44.7700,297.7906,
32083907000,15.5918,-0.2141,0.9156,-0.3651,29.7443,44.6006,298.0484,
32097632800,15.6056,-0.2138,0.9163,-0.3652,30.1128,44.4333,298.3093,
32111166600,15.6193,-0.2134,0.9167,-0.3654,30.4779,44.1156,298.5906,
32125429300,15.6334,-0.2131,0.9170,-0.3656,30.8358,43.8111,298.8625,
32139435200,15.6473,-0.2128,0.9174,-0.3658,31.1753,43.5280,299.1172,
32153509200,15.6616,-0.2128,0.9177,-0.3659,31.2774,43.2740,299.1911,
32167260100,15.6752,-0.2128,0.9179,-0.3660,31.3747,43.0502,299.2604,
32181522600,15.6895,-0.2129,0.9182,-0.3664,31.4104,42.8875,299.1780,
32194770900,15.7028,-0.2131,0.9186,-0.3669,31.4468,42.7372,299.1057,
32208641500,15.7166,-0.2132,0.9190,-0.3675,31.4891,42.5752,299.0313,
32222501300,15.7305,-0.2135,0.9198,-0.3677,31.5084,42.5524,299.0327,
32236708100,15.7447,-0.2139,0.9205,-0.3680,31.5264,42.5319,299.0347,
32250347200,15.7584,-0.2143,0.9212,-0.3683,31.5442,42.5099,298.9988,
32264336600,15.7723,-0.2148,0.9219,-0.3686,31.5640,42.4860,298.9601,
32278384700,15.7864,-0.2150,0.9222,-0.3688,31.5953,42.4812,298.9287,
32292050300,15.8002,-0.2153,0.9225,-0.3689,31.6355,42.4760,298.8899,
32306623300,15.8145,-0.2155,0.9228,-0.3690,31.6920,42.4697,298.8372,
32320290400,15.8283,-0.2156,0.9231,-0.3691,31.6973,42.4493,298.7755,
32333759500,15.8419,-0.2156,0.9235,-0.3691,31.7024,42.4263,298.7056,
32347840000,15.8558,-0.2157,0.9241,-0.3693,31.7194,42.3441,298.6049,
32361894600,15.8697,-0.2158,0.9248,-0.3694,31.7398,42.2391,298.4792,
32375822800,15.8839,-0.2160,0.9255,-0.3696,31.7621,42.1161,298.3351,
32389928800,15.8979,-0.2161,0.9264,-0.3700,31.7737,42.0228,298.1819,
32403880800,15.9119,-0.2163,0.9273,-0.3704,31.7842,41.9263,298.0248,
32417776200,15.9257,-0.2162,0.9274,-0.3705,31.8110,41.9203,297.9940,
32431197300,15.9393,-0.2162,0.9275,-0.3706,31.8337,41.9166,297.9700,
32445605700,15.9536,-0.2162,0.9276,-0.3708,31.8578,41.9139,297.9466,
32459525600,15.9675,-0.2161,0.9274,-0.3707,31.8589,41.8906,297.9235,
32473314200,15.9814,-0.2160,0.9272,-0.3707,31.8593,41.8664,297.9009,
32487547100,15.9955,-0.2160,0.9272,-0.3707,31.8683,41.8436,297.8535,
32501429800,16.0094,-0.2160,0.9272,-0.3707,31.8775,41.8203,297.8041,
32514822300,16.0229,-0.2159,0.9273,-0.3707,31.8903,41.7872,297.7826,
32529063000,16.0370,-0.2159,0.9274,-0.3708,31.9037,41.7526,297.7621,
32542984400,16.0510,-0.2157,0.9274,-0.3707,31.9203,41.7183,297.7385,
32556796200,16.0648,-0.2155,0.9274,-0.3707,31.9377,41.6829,297.7155,
32570903900,16.0790,-0.2153,0.9274,-0.3707,31.9557,41.6464,297.6932,
32584575900,16.0925,-0.2152,0.9275,-0.3706,31.9360,41.6105,297.6721,
32598317900,16.1063,-0.2151,0.9277,-0.3705,31.9135,41.5738,297.6517,
32612302700,16.1204,-0.2150,0.9278,-0.3704,31.9315,41.5608,297.6310,
32626494800,16.1345,-0.2148,0.9281,-0.3702,31.9512,41.5495,297.6107,
32640862600,16.1488,-0.2146,0.9284,-0.3700,31.9725,41.5398,297.5911,
32653929100,16.1621,-0.2144,0.9284,-0.3700,31.9796,41.5069,297.5590,
32668085600,16.1761,-0.2143,0.9284,-0.3700,31.9868,41.4733,297.5262,
32682362000,16.1903,-0.2141,0.9284,-0.3699,32.0060,41.4615,297.5348,
32695780600,16.2038,-0.2139,0.9284,-0.3699,32.0265,41.4512,297.5468,
32709784400,16.2178,-0.2138,0.9285,-0.3698,32.0227,41.4353,297.5506,
32723934800,16.2319,-0.2137,0.9285,-0.3696,32.0175,41.4201,297.5563,
32737859400,16.2459,-0.2135,0.9285,-0.3695,32.0109,41.4055,297.5640,
32751639500,16.2597,-0.2135,0.9285,-0.3695,32.0080,41.3806,297.5595,
32765421200,16.2734,-0.2134,0.9285,-0.3695,32.0042,41.3554,297.5555,
32779835000,16.2878,-0.2133,0.9286,-0.3695,32.0029,41.3328,297.5310,
32793604700,16.3017,-0.2132,0.9286,-0.3696,32.0010,41.3102,297.5049,
32807415900,16.3153,-0.2131,0.9287,-0.3696,31.9987,41.2875,297.4771,
32821231100,16.3292,-0.2130,0.9287,-0.3698,31.9940,41.2607,297.4446,
32835341800,16.3435,-0.2129,0.9288,-0.3699,31.9886,41.2335,297.4103,
32849619000,16.3576,-0.2128,0.9286,-0.3699,31.9833,41.2129,297.3879,
32863481400,16.3714,-0.2126,0.9283,-0.3700,31.9775,41.1926,297.3652,
32876851700,16.3848,-0.2124,0.9279,-0.3701,31.9712,41.1725,297.3421,
32890766500,16.3989,-0.2124,0.9277,-0.3701,31.9526,41.1508,297.3222,
32905068100,16.4131,-0.2123,0.9276,-0.3701,31.9324,41.1292,297.3024,
32918787200,16.4267,-0.2122,0.9275,-0.3702,31.9051,41.1096,297.2809,
32932453300,16.4406,-0.2120,0.9275,-0.3702,31.8759,41.0904,297.2594,
32946711400,16.4546,-0.2119,0.9275,-0.3704,31.8663,41.0420,297.2286,
32960742800,16.4687,-0.2119,0.9274,-0.3705,31.8564,40.9876,297.1946,
32974379200,16.4824,-0.2118,0.9274,-0.3706,31.8440,40.9137,297.1494,
32988828300,16.4968,-0.2116,0.9273,-0.3708,31.8201,40.8645,297.1504,
33002479600,16.5105,-0.2114,0.9273,-0.3709,31.7925,40.8083,297.1545,
33016469300,16.5244,-0.2112,0.9272,-0.3712,31.7897,40.7518,297.1783,
33029976700,16.5380,-0.2110,0.9271,-0.3714,31.7885,40.6864,297.2106,
33043996600,16.5519,-0.2108,0.9271,-0.3716,31.7893,40.6127,297.2520,
33057865900,16.5659,-0.2108,0.9270,-0.3718,31.7964,40.5580,297.3026,
33071978000,16.5801,-0.2108,0.9270,-0.3720,31.8059,40.5038,297.3588,
33086579000,16.5945,-0.2107,0.9271,-0.3722,31.8157,40.3942,297.3777,
33099694000,16.6077,-0.2107,0.9272,-0.3725,31.8284,40.2750,297.3994,
33113522800,16.6216,-0.2104,0.9275,-0.3726,31.9090,40.2408,297.4157,
33127452900,16.6354,-0.2100,0.9278,-0.3729,32.0032,40.2065,297.4344,
33141561000,16.6495,-0.2095,0.9282,-0.3731,32.1188,40.1701,297.4570,
33155521200,16.6636,-0.2095,0.9282,-0.3732,32.1104,40.1396,297.4802,
33169305200,16.6773,-0.2094,0.9282,-0.3733,32.1017,40.1111,297.5034,
33183136500,16.6911,-0.2094,0.9283,-0.3733,32.0974,40.1122,297.5314,
33197214100,16.7051,-0.2093,0.9284,-0.3733,32.0927,40.1157,297.5614,
33211228500,16.7194,-0.2092,0.9285,-0.3733,32.0874,40.1216,297.5941,
33225290600,16.7332,-0.2091,0.9285,-0.3734,32.0475,40.1030,297.6073,
33239581700,16.7476,-0.2090,0.9284,-0.3735,31.9907,40.0783,297.6248,
33253294700,16.7614,-0.2089,0.9282,-0.3735,31.8532,40.0762,297.7643,
33267398900,16.7754,-0.2089,0.9279,-0.3735,31.6759,40.0780,297.9436,
33281008400,16.7890,-0.2089,0.9280,-0.3737,31.3903,40.1034,298.0788,
33295028100,16.8032,-0.2089,0.9280,-0.3738,31.0897,40.1346,298.2169,
33309508100,16.8174,-0.2089,0.9279,-0.3739,30.9654,40.1803,298.2373,
33322886700,16.8308,-0.2089,0.9278,-0.3740,30.8656,40.2203,298.2509,
33337109900,16.8451,-0.2089,0.9277,-0.3741,30.7722,40.2603,298.2614,
33350667000,16.8588,-0.2089,0.9279,-0.3742,30.7503,40.2366,298.2347,
33364678800,16.8726,-0.2089,0.9280,-0.3743,30.7277,40.2111,298.2045,
33378496000,16.8865,-0.2088,0.9281,-0.3744,30.7045,40.1838,298.1709,
33392672900,16.9008,-0.2087,0.9283,-0.3745,30.7030,40.1372,298.1297,
33406636400,16.9146,-0.2086,0.9285,-0.3747,30.7027,40.0786,298.0770,
33420764600,16.9287,-0.2084,0.9286,-0.3748,30.6696,40.0174,298.0528,
33434329600,16.9425,-0.2082,0.9286,-0.3749,30.6274,39.9392,298.0225,
33448113700,16.9561,-0.2083,0.9288,-0.3750,30.5835,39.8460,297.9787,
33462315300,16.9703,-0.2084,0.9289,-0.3752,30.5356,39.7432,297.9306,
33476034600,16.9841,-0.2082,0.9290,-0.3752,30.5387,39.6811,297.9216,
33490525100,16.9985,-0.2081,0.9290,-0.3752,30.5440,39.6235,297.9147,
33504038700,17.0120,-0.2079,0.9291,-0.3752,30.5520,39.5628,297.9088,
33517974400,17.0260,-0.2078,0.9291,-0.3752,30.5314,39.4077,297.8501,
33531588500,17.0397,-0.2077,0.9290,-0.3752,30.5076,39.2166,297.7779,
33545486100,17.0535,-0.2075,0.9289,-0.3752,30.4804,39.0920,297.7639,
33559570500,17.0674,-0.2072,0.9288,-0.3750,30.4555,38.9759,297.7529,
33573623200,17.0818,-0.2068,0.9287,-0.3749,30.4319,38.8642,297.7444,
33587683000,17.0956,-0.2068,0.9288,-0.3749,30.4383,38.7162,297.7238,
33601583200,17.1096,-0.2067,0.9289,-0.3749,30.4472,38.5598,297.7034,
33615383100,17.1235,-0.2066,0.9289,-0.3749,30.4690,38.4066,297.7085,
33629121700,17.1371,-0.2065,0.9289,-0.3749,30.4937,38.2513,297.7162,
33643399100,17.1513,-0.2064,0.9290,-0.3750,30.4790,38.0610,297.7231,
33656930100,17.1649,-0.2063,0.9291,-0.3751,30.4639,37.8655,297.7323,
33670918700,17.1790,-0.2062,0.9293,-0.3751,30.4487,37.6709,297.7436,
33684896500,17.1928,-0.2061,0.9294,-0.3752,30.3644,37.5252,297.8210,
33699227800,17.2071,-0.2060,0.9296,-0.3754,30.2766,37.3795,297.9038,
33712814900,17.2208,-0.2058,0.9296,-0.3753,30.2656,37.2812,297.9412,
33726832500,17.2348,-0.2057,0.9297,-0.3753,30.2566,37.1973,297.9749,
33742388100,17.2503,-0.2056,0.9298,-0.3753,30.2487,37.1194,298.0078,
33756169900,17.2642,-0.2054,0.9296,-0.3749,30.2282,37.0823,298.0178,
33769850400,17.2778,-0.2054,0.9296,-0.3749,30.2219,37.0711,298.0208,
33782941700,17.2909,-0.2053,0.9296,-0.3748,30.2142,37.0605,298.0111,
33796672000,17.3046,-0.2052,0.9296,-0.3746,30.2061,37.0509,298.0002,
33810330200,17.3184,-0.2050,0.9297,-0.3747,30.1846,37.0576,297.9944,
33824222100,17.3322,-0.2049,0.9298,-0.3747,30.1615,37.0667,297.9881,
33838170500,17.3460,-0.2047,0.9299,-0.3747,30.1368,37.0782,297.9814,
33852008700,17.3601,-0.2046,0.9298,-0.3746,30.1287,37.0771,297.9860,
33865875800,17.3737,-0.2045,0.9297,-0.3745,30.1209,37.0767,297.9914,
33879566500,17.3875,-0.2043,0.9297,-0.3744,30.1004,37.0645,298.0117,
33893792700,17.4019,-0.2041,0.9297,-0.3742,30.0789,37.0517,298.0342,
33907513400,17.4155,-0.2038,0.9297,-0.3740,30.0563,37.0384,298.0587,
33921554700,17.4293,-0.2036,0.9295,-0.3739,30.0339,37.0211,298.0547,
33935214100,17.4433,-0.2035,0.9293,-0.3738,30.0105,37.0030,298.0498,
33949027900,17.4570,-0.2033,0.9292,-0.3738,29.9729,36.9690,298.0336,
33963007500,17.4710,-0.2031,0.9292,-0.3739,29.9150,36.9162,298.0074,
33976965100,17.4849,-0.2030,0.9290,-0.3738,29.8520,36.8930,298.0029,
33991396200,17.4995,-0.2029,0.9289,-0.3737,29.7827,36.8690,297.9982,
34004942300,17.5129,-0.2028,0.9287,-0.3737,29.7070,36.8443,297.9933,
34018609500,17.5265,-0.2026,0.9284,-0.3736,29.6640,36.8163,297.9868,
34032471600,17.5405,-0.2024,0.9280,-0.3736,29.6258,36.7915,297.9809,
34046317900,17.5543,-0.2017,0.9274,-0.3733,29.5861,36.7777,298.0234,
34060238000,17.5682,-0.2009,0.9267,-0.3730,29.5357,36.7614,298.0825,
34074088900,17.5822,-0.2001,0.9261,-0.3726,29.4770,36.7438,298.1571,
34088422700,17.5963,-0.1998,0.9259,-0.3726,29.4237,36.7337,298.2228,
34102163400,17.6102,-0.1997,0.9258,-0.3726,29.3716,36.7253,298.2916,
34115760200,17.6239,-0.1996,0.9259,-0.3727,29.3447,36.7264,298.2940,
34130168000,17.6382,-0.1995,0.9260,-0.3727,29.3175,36.7287,298.2957,
34143838000,17.6518,-0.1994,0.9261,-0.3728,29.2900,36.7322,298.2967,
34158409400,17.6664,-0.1993,0.9262,-0.3729,29.2671,36.7443,298.2758,
34171530000,17.6796,-0.1993,0.9263,-0.3730,29.2443,36.7582,298.2523,
34186002200,17.6940,-0.1992,0.9263,-0.3731,29.2107,36.7657,298.1863,
34199829700,17.7078,-0.1991,0.9263,-0.3732,29.1613,36.7782,298.0806,
34213615100,17.7217,-0.1991,0.9262,-0.3734,29.0014,36.8560,297.9480,
34227841200,17.7358,-0.1990,0.9262,-0.3736,28.8157,36.9507,297.7914,
34241641700,17.7496,-0.1990,0.9261,-0.3737,28.6243,37.0527,297.6271,
34255454000,17.7635,-0.1991,0.9261,-0.3741,28.4392,37.1253,297.5760,
34269425300,17.7774,-0.1993,0.9261,-0.3746,28.2681,37.1945,297.5294,
34283374300,17.7914,-0.1996,0.9263,-0.3754,28.1764,37.2481,297.4901,
34297560400,17.8055,-0.2000,0.9267,-0.3763,28.0959,37.2968,297.4555,
34311277300,17.8193,-0.2005,0.9268,-0.3774,28.0901,37.3401,297.4219,
34325063100,17.8330,-0.2009,0.9269,-0.3783,28.0868,37.3834,297.3887,
34339007500,17.8470,-0.2013,0.9270,-0.3792,28.0853,37.4333,297.3509,
34352725000,17.8608,-0.2011,0.9272,-0.3798,28.0690,37.4308,297.3447,
34367063000,17.8750,-0.2010,0.9273,-0.3803,28.0523,37.4273,297.3389,
34380761600,17.8887,-0.2009,0.9273,-0.3805,28.0377,37.4624,297.3690,
34394437600,17.9026,-0.2008,0.9273,-0.3808,28.0230,37.5004,297.4029,
34408499500,17.9165,-0.2008,0.9273,-0.3810,28.0082,37.5412,297.4404,
34422484300,17.9304,-0.2008,0.9272,-0.3811,27.9702,37.6051,297.5733,
34436319200,17.9443,-0.2008,0.9272,-0.3811,27.9156,37.6988,297.7750,
34450346600,17.9585,-0.2007,0.9271,-0.3810,27.9098,37.7419,297.9985,
34464732900,17.9726,-0.2007,0.9270,-0.3809,27.9073,37.7857,298.2470,
34478125700,17.9860,-0.2006,0.9270,-0.3809,27.8247,37.7865,298.4827,
34491859500,18.0000,-0.2005,0.9269,-0.3808,27.7406,37.7823,298.7256,
34505931800,18.0139,-0.2004,0.9269,-0.3807,27.6570,37.7735,298.9699,
34519961300,18.0279,-0.2004,0.9266,-0.3806,27.5686,37.6035,299.1558,
34533744000,18.0418,-0.2004,0.9262,-0.3803,27.4784,37.4212,299.3474,
34547767000,18.0557,-0.2005,0.9261,-0.3802,27.3963,37.1549,299.3210,
34561702000,18.0696,-0.2006,0.9259,-0.3801,27.3141,36.8813,299.2911,
34575565300,18.0837,-0.2007,0.9258,-0.3800,27.2303,36.5962,299.2575,
34590027400,18.0979,-0.2007,0.9256,-0.3799,27.4138,36.2610,299.0922,
34603624300,18.1116,-0.2007,0.9255,-0.3798,27.6230,35.8730,298.8986,
34617463300,18.1254,-0.2007,0.9256,-0.3798,27.7663,35.6054,298.8730,
34631232200,18.1394,-0.2006,0.9256,-0.3798,27.9042,35.3459,298.8460,
34645441200,18.1534,-0.2006,0.9258,-0.3798,28.1108,35.0730,298.8795,
34659253100,18.1673,-0.2005,0.9260,-0.3798,28.3235,34.7908,298.9117,
34673028400,18.1812,-0.2005,0.9261,-0.3798,28.5359,34.5078,298.9419,
34686840800,18.1948,-0.2004,0.9269,-0.3796,28.7328,34.3952,298.8892,
34701169300,18.2091,-0.2001,0.9280,-0.3793,28.9161,34.2880,298.8398,
34714554900,18.2227,-0.2001,0.9289,-0.3790,29.0732,34.1562,298.7620,
34728721800,18.2367,-0.2000,0.9297,-0.3787,29.2346,34.0187,298.6815,
34742866600,18.2508,-0.2000,0.9305,-0.3785,29.4026,33.8737,298.5971,
34756864100,18.2647,-0.2001,0.9310,-0.3784,29.7022,33.7764,298.4782,
34770669200,18.2788,-0.2002,0.9314,-0.3783,30.0286,33.6678,298.3475,
34784407700,18.2924,-0.2003,0.9319,-0.3782,30.3291,33.4204,298.3245,
34798821000,18.3067,-0.2004,0.9325,-0.3782,30.6350,33.1659,298.2997,
34812416500,18.3205,-0.2004,0.9330,-0.3781,30.9376,32.9117,298.2738,
34826545000,18.3345,-0.2004,0.9333,-0.3779,31.2024,32.7326,298.3744,
34840759600,18.3487,-0.2004,0.9335,-0.3778,31.4609,32.5562,298.4700,
34854305900,18.3624,-0.2004,0.9338,-0.3777,31.6654,32.4830,298.6061,
34868214600,18.3761,-0.2005,0.9341,-0.3775,31.8626,32.4107,298.7350,
34882343200,18.3903,-0.2005,0.9344,-0.3773,32.0043,32.2886,298.8310,
34896559100,18.4045,-0.2006,0.9346,-0.3770,32.1467,32.1652,298.9255,
34910129000,18.4183,-0.2005,0.9346,-0.3769,32.2781,32.0768,298.9092,
34924335500,18.4322,-0.2005,0.9346,-0.3767,32.4056,31.9903,298.8920,
34938149200,18.4462,-0.2005,0.9346,-0.3766,32.5391,31.8992,298.8727,
34952047800,18.4602,-0.2005,0.9347,-0.3764,32.6833,31.7506,298.8124,
34965963400,18.4740,-0.2005,0.9348,-0.3762,32.8411,31.5867,298.7447,
34980066200,18.4880,-0.2006,0.9348,-0.3761,32.9571,31.4139,298.6713,
34993742600,18.5019,-0.2007,0.9348,-0.3761,33.0737,31.2379,298.5955,
35007940600,18.5159,-0.2007,0.9348,-0.3760,33.1923,31.0566,298.5166,
35021637700,18.5296,-0.2008,0.9347,-0.3759,33.2128,30.9997,298.5078,
35035747000,18.5438,-0.2010,0.9347,-0.3758,33.2264,30.9607,298.5018,
35049610300,18.5576,-0.2012,0.9345,-0.3758,33.2183,30.9348,298.4950,
35063573000,18.5716,-0.2014,0.9342,-0.3758,33.2086,30.9075,298.4876,
35077428800,18.5854,-0.2017,0.9337,-0.3759,33.2009,30.8775,298.4805,
35091342300,18.5994,-0.2020,0.9331,-0.3759,33.1921,30.8460,298.4731,
35105415700,18.6134,-0.2024,0.9325,-0.3760,33.1823,30.8132,298.4653,
35119081800,18.6271,-0.2026,0.9322,-0.3765,33.1663,30.7821,298.4379,
35133105400,18.6412,-0.2029,0.9320,-0.3771,33.1489,30.7501,298.4084,
35146928600,18.6549,-0.2032,0.9317,-0.3778,33.1337,30.7261,298.4014,
35160874800,18.6689,-0.2035,0.9313,-0.3785,33.1174,30.7020,298.3949,
35174720600,18.6829,-0.2038,0.9310,-0.3792,33.1003,30.6779,298.3888,
35188662100,18.6967,-0.2041,0.9310,-0.3796,33.0665,30.6803,298.4216,
35203114500,18.7110,-0.2044,0.9310,-0.3799,33.0260,30.6856,298.4626,
35216906400,18.7249,-0.2046,0.9308,-0.3804,32.9498,30.6780,298.5027,
35230559300,18.7387,-0.2049,0.9306,-0.3809,32.8530,30.6710,298.5547,
35244676900,18.7526,-0.2054,0.9301,-0.3819,32.8286,30.6916,298.5759,
35258437500,18.7663,-0.2059,0.9296,-0.3829,32.8054,30.7143,298.5970,
35272065600,18.7802,-0.2064,0.9292,-0.3838,32.7822,30.7401,298.6195,
35286177800,18.7942,-0.2065,0.9287,-0.3843,32.7595,30.7403,298.6088,
35300258100,18.8082,-0.2066,0.9283,-0.3847,32.7367,30.7408,298.5962,
35313966200,18.8220,-0.2068,0.9284,-0.3848,32.7329,30.7493,298.5728,
35328472700,18.8364,-0.2069,0.9284,-0.3848,32.7309,30.7589,298.5468,
35341941300,18.8499,-0.2070,0.9284,-0.3849,32.7306,30.7695,298.5180,
35355841500,18.8640,-0.2072,0.9285,-0.3851,32.7301,30.8017,298.5121,
35369763000,18.8777,-0.2073,0.9285,-0.3852,32.7310,30.8367,298.5059,
35383737200,18.8917,-0.2075,0.9286,-0.3853,32.7302,30.8529,298.4868,
35397575900,18.9056,-0.2077,0.9288,-0.3855,32.7305,30.8695,298.4664,
35411588700,18.9197,-0.2079,0.9287,-0.3858,32.7214,30.8882,298.4722,
35425940800,18.9338,-0.2081,0.9285,-0.3861,32.7122,30.9076,298.4795,
35439488600,18.9475,-0.2083,0.9283,-0.3866,32.7030,30.9275,298.4883,
35453197800,18.9613,-0.2085,0.9278,-0.3870,32.6907,30.9530,298.4991,
35467317600,18.9753,-0.2087,0.9271,-0.3874,32.6780,30.9795,298.5114,
35481571700,18.9895,-0.2089,0.9270,-0.3877,32.6587,30.9757,298.5167,
35495626700,19.0037,-0.2091,0.9268,-0.3879,32.6385,30.9698,298.5226,
35509473600,19.0174,-0.2094,0.9267,-0.3880,32.6239,30.9708,298.5093,
35522987800,19.0310,-0.2097,0.9266,-0.3881,32.6093,30.9707,298.4943,
35537526100,19.0454,-0.2099,0.9265,-0.3883,32.5944,30.9696,298.4778,
35551108700,19.0592,-0.2101,0.9266,-0.3884,32.6048,30.9833,298.4845,
35565532400,19.0735,-0.2102,0.9266,-0.3885,32.6175,30.9975,298.4920,
35578656300,19.0867,-0.2104,0.9264,-0.3885,32.6263,31.0053,298.5352,
35592604400,19.1007,-0.2105,0.9263,-0.3885,32.6367,31.0128,298.5828,
35606749500,19.1147,-0.2106,0.9261,-0.3885,32.6504,31.0214,298.6430,
35620762700,19.1288,-0.2107,0.9260,-0.3885,32.7170,31.0969,298.7664,
35634581200,19.1427,-0.2108,0.9258,-0.3885,32.8106,31.2010,298.9369,
35648749900,19.1567,-0.2109,0.9256,-0.3886,32.9101,31.3154,299.2330,
35662627600,19.1706,-0.2109,0.9255,-0.3888,33.0212,31.4418,299.5642,
35676564400,19.1846,-0.2110,0.9253,-0.3888,33.1034,31.4659,299.8409,
35690332700,19.1985,-0.2110,0.9252,-0.3889,33.1838,31.4857,300.1115,
35704684400,19.2126,-0.2110,0.9250,-0.3889,33.2625,31.5018,300.3763,
35718772300,19.2268,-0.2109,0.9249,-0.3890,33.3512,31.4698,300.6740,
35732166300,19.2403,-0.2109,0.9247,-0.3891,33.4410,31.4341,300.9745,
35746557800,19.2545,-0.2108,0.9245,-0.3893,33.5294,31.3960,301.2699,
35760427600,19.2683,-0.2106,0.9246,-0.3893,33.6451,31.4055,301.4812,
35773950100,19.2821,-0.2103,0.9247,-0.3893,33.7529,31.4124,301.6784,
35788089900,19.2961,-0.2099,0.9247,-0.3893,33.8622,31.4514,301.8237,
35802409200,19.3104,-0.2094,0.9248,-0.3894,33.9678,31.4881,301.9644,
35816092600,19.3242,-0.2089,0.9248,-0.3892,34.0344,31.5058,302.0972,
35829857600,19.3378,-0.2083,0.9247,-0.3891,34.1011,31.5227,302.2314,
35843884400,19.3518,-0.2081,0.9249,-0.3889,34.1548,31.5284,302.2984,
35857722100,19.3657,-0.2078,0.9250,-0.3888,34.2039,31.5327,302.3591,
35871600500,19.3797,-0.2076,0.9252,-0.3886,34.2535,31.5365,302.4197,
35885601500,19.3936,-0.2075,0.9252,-0.3886,34.2999,31.5710,302.5195,
35899627600,19.4076,-0.2074,0.9253,-0.3885,34.3523,31.6109,302.6338,
35913345900,19.4215,-0.2074,0.9251,-0.3885,34.4180,31.6505,302.7555,
35927498200,19.4354,-0.2073,0.9249,-0.3884,34.4882,31.6932,302.8859,
35941771100,19.4497,-0.2073,0.9248,-0.3884,34.5613,31.7381,303.0222,
35955321800,19.4634,-0.2071,0.9247,-0.3884,34.6436,31.7901,303.1404,
35969420600,19.4774,-0.2070,0.9246,-0.3884,34.7265,31.8429,303.2587,
35983357700,19.4913,-0.2069,0.9245,-0.3883,34.8070,31.8280,303.3067,
35997354200,19.5053,-0.2067,0.9245,-0.3883,34.8875,31.8110,303.3516,
36010990300,19.5191,-0.2067,0.9243,-0.3883,34.9196,31.7852,303.3566,
36025251800,19.5332,-0.2066,0.9242,-0.3883,34.9454,31.7625,303.3586,
36039004800,19.5469,-0.2065,0.9240,-0.3883,34.9719,31.7372,303.3588,
36052781200,19.5609,-0.2064,0.9240,-0.3882,34.9932,31.7407,303.3509,
36066888500,19.5749,-0.2062,0.9240,-0.3882,35.0146,31.7448,303.3406,
36080803600,19.5888,-0.2061,0.9241,-0.3880,35.0273,31.7592,303.3459,
36094669300,19.6027,-0.2059,0.9241,-0.3878,35.0391,31.7750,303.3509,
36108863400,19.6167,-0.2057,0.9242,-0.3875,35.0501,31.7923,303.3555,
36122629900,19.6306,-0.2055,0.9237,-0.3872,35.0804,31.8103,303.3812,
36136587600,19.6446,-0.2053,0.9230,-0.3869,35.1117,31.8297,303.4084,
36150578800,19.6586,-0.2049,0.9217,-0.3862,35.1298,31.8572,303.4287,
36164510600,19.6724,-0.2046,0.9204,-0.3855,35.1475,31.8867,303.4496,
36178397200,19.6863,-0.2046,0.9193,-0.3850,35.1661,31.9264,303.4519,
36192141900,19.7002,-0.2046,0.9183,-0.3846,35.1853,31.9711,303.4529,
36206381000,19.7142,-0.2046,0.9174,-0.3843,35.2115,32.0363,303.4525,
36220237700,19.7282,-0.2048,0.9152,-0.3845,35.2329,32.0521,303.4632,
36233866100,19.7420,-0.2050,0.9130,-0.3847,35.2544,32.0673,303.4738,
36248130200,19.7561,-0.2049,0.9124,-0.3845,35.3291,32.0893,303.4387,
36262075200,19.7699,-0.2048,0.9119,-0.3844,35.4573,32.1238,303.3736,
36275675600,19.7838,-0.2049,0.9112,-0.3844,35.5854,32.2146,303.1997,
36289820600,19.7977,-0.2049,0.9105,-0.3843,35.7302,32.3175,302.9881,
36303781000,19.8116,-0.2049,0.9097,-0.3843,35.8765,32.4216,302.7591,
36317842800,19.8257,-0.2047,0.9088,-0.3847,36.0288,32.6589,302.7986,
36331621300,19.8397,-0.2044,0.9078,-0.3852,36.1731,32.8901,302.8367,
36345515300,19.8535,-0.2039,0.9072,-0.3850,36.1737,33.0596,302.7950,
36359389800,19.8673,-0.2034,0.9066,-0.3848,36.1696,33.2265,302.7515,
36373291700,19.8813,-0.2028,0.9059,-0.3845,36.1613,33.3978,302.7046,
36387318200,19.8953,-0.2024,0.9046,-0.3847,36.1451,33.4742,302.7480,
36401459000,19.9094,-0.2019,0.9033,-0.3849,36.1315,33.5312,302.7807,
36415270000,19.9234,-0.2014,0.9028,-0.3853,36.1424,33.5661,302.8094,
36429117400,19.9370,-0.2010,0.9023,-0.3856,36.1537,33.6028,302.8400,
36442983600,19.9509,-0.2006,0.9017,-0.3859,36.1657,33.6410,302.8726,
36456860200,19.9648,-0.2002,0.9015,-0.3860,36.1668,33.6610,302.9377,
36470520200,19.9786,-0.1998,0.9013,-0.3861,36.1679,33.6962,303.0624,
36484856500,19.9928,-0.1998,0.9012,-0.3860,36.1675,33.6134,303.1656,
36498791500,20.0068,-0.1998,0.9011,-0.3860,36.1656,33.4938,303.2991,
36512385100,20.0205,-0.1998,0.9010,-0.3861,36.2034,33.4360,303.3547,
36526576500,20.0346,-0.1998,0.9010,-0.3862,36.2377,33.3804,303.4008,
36540429300,20.0484,-0.1998,0.9009,-0.3863,36.2722,33.3221,303.4433,
36553859800,20.0620,-0.1998,0.9009,-0.3865,36.2951,33.3467,303.4527,
36567842800,20.0758,-0.1998,0.9010,-0.3866,36.3197,33.3733,303.4610,
36582192600,20.0902,-0.1997,0.9009,-0.3868,36.3548,33.3749,303.4825,
36595802600,20.1039,-0.1997,0.9008,-0.3869,36.3923,33.3757,303.5042,
36609825000,20.1178,-0.1997,0.9006,-0.3871,36.4070,33.4024,303.4976,
36623910300,20.1319,-0.1996,0.9004,-0.3874,36.4214,33.4313,303.4883,
36638062400,20.1460,-0.1995,0.9001,-0.3877,36.4355,33.4621,303.4763,
36651851700,20.1599,-0.1995,0.9002,-0.3877,36.4470,33.4837,303.4875,
36665858500,20.1739,-0.1995,0.9002,-0.3877,36.4579,33.5061,303.4987,
36679514300,20.1875,-0.1996,0.9003,-0.3876,36.4683,33.5293,303.5099,
36693338300,20.2015,-0.1999,0.9002,-0.3877,36.5010,33.5168,303.5343,
36707893800,20.2158,-0.2004,0.9000,-0.3878,36.5350,33.5019,303.5598,
36721570700,20.2295,-0.2010,0.8993,-0.3877,36.6004,33.3833,303.5814,
36735130900,20.2432,-0.2018,0.8985,-0.3877,36.6942,33.2012,303.6098,
36749218600,20.2571,-0.2025,0.8981,-0.3879,36.8412,33.0325,303.5394,
36763099100,20.2710,-0.2031,0.8977,-0.3881,36.9948,32.8499,303.4583,
36777041000,20.2850,-0.2037,0.8973,-0.3882,37.1516,32.6571,303.3682,
36790939100,20.2991,-0.2040,0.8967,-0.3883,37.2002,32.6527,303.3156,
36804891600,20.3129,-0.2044,0.8961,-0.3884,37.2385,32.6493,303.2712,
36818967100,20.3269,-0.2050,0.8954,-0.3887,37.2701,32.6952,303.2234,
36832836400,20.3408,-0.2057,0.8948,-0.3890,37.3157,32.7669,303.1494,
36846686400,20.3547,-0.2065,0.8944,-0.3894,37.3730,32.8671,303.1206,
36860508100,20.3685,-0.2073,0.8939,-0.3899,37.4342,32.9801,303.0899,
36874348400,20.3824,-0.2080,0.8935,-0.3903,37.4979,33.1037,303.0581,
36888995600,20.3969,-0.2083,0.8933,-0.3906,37.4727,33.1515,303.0475,
36902987700,20.4110,-0.2085,0.8930,-0.3909,37.4492,33.1919,303.0391,
36916119800,20.4243,-0.2088,0.8928,-0.3912,37.4643,33.1744,303.0311,
36930423600,20.4383,-0.2092,0.8925,-0.3914,37.4803,33.1537,303.0230,
36944244700,20.4522,-0.2092,0.8925,-0.3915,37.4749,33.1258,302.9973,
36958012800,20.4660,-0.2093,0.8924,-0.3915,37.4679,33.0946,302.9698,
36971726400,20.4799,-0.2093,0.8924,-0.3916,37.4596,33.0602,302.9403,
36985952800,20.4939,-0.2095,0.8925,-0.3917,37.4273,32.8641,302.8343,
37000330400,20.5082,-0.2098,0.8926,-0.3919,37.3690,32.5244,302.6535,
37013641800,20.5217,-0.2100,0.8926,-0.3919,37.2783,32.3343,302.5466,
37027664600,20.5356,-0.2101,0.8926,-0.3920,37.1872,32.1504,302.4452,
37041684000,20.5496,-0.2103,0.8926,-0.3920,37.0932,31.9666,302.3457,
37055248200,20.5634,-0.2119,0.8923,-0.3921,37.0721,31.6188,302.2284,
37069527900,20.5775,-0.2138,0.8919,-0.3922,37.0478,31.2323,302.1011,
37083256700,20.5912,-0.2158,0.8919,-0.3919,37.0553,30.9266,302.0168,
37097387000,20.6052,-0.2174,0.8920,-0.3916,37.0626,30.6350,301.9388,
37111191300,20.6193,-0.2189,0.8920,-0.3914,37.0697,30.3524,301.8652,
37125126600,20.6331,-0.2202,0.8923,-0.3908,37.1417,30.1221,301.8279,
37139037500,20.6470,-0.2214,0.8926,-0.3903,37.2133,29.8949,301.7925,
37152814000,20.6609,-0.2225,0.8928,-0.3904,37.3772,29.5165,301.7967,
37167111200,20.6750,-0.2235,0.8930,-0.3905,37.5543,29.1100,301.8024,
37180947900,20.6889,-0.2243,0.8933,-0.3902,37.5915,28.8101,301.6764,
37194454500,20.7026,-0.2252,0.8935,-0.3900,37.6240,28.5441,301.5648,
37208422100,20.7163,-0.2262,0.8945,-0.3895,37.6332,28.4406,301.4816,
37222436500,20.7304,-0.2273,0.8955,-0.3891,37.6403,28.3601,301.4162,
37236520800,20.7445,-0.2284,0.8965,-0.3887,37.6468,28.2836,301.3535,
37250483200,20.7586,-0.2292,0.8970,-0.3884,37.6757,28.2726,301.3565,
37264521900,20.7724,-0.2299,0.8974,-0.3881,37.7071,28.2621,301.3608,
37278328400,20.7863,-0.2307,0.8988,-0.3872,37.7164,28.2245,301.3790,
37292005700,20.8001,-0.2317,0.9003,-0.3862,37.7311,28.1598,301.4125,
37306474600,20.8144,-0.2326,0.9017,-0.3853,37.7502,28.0711,301.4615,
37320275700,20.8281,-0.2335,0.9028,-0.3839,37.7719,27.7536,301.6490,
37333354700,20.8415,-0.2343,0.9039,-0.3826,37.7944,27.3836,301.8733,
37348196600,20.8561,-0.2351,0.9049,-0.3815,37.8142,27.0185,302.0999,
37361958900,20.8698,-0.2367,0.9055,-0.3794,37.5867,26.6087,302.2188,
37375539900,20.8836,-0.2380,0.9052,-0.3773,37.4464,26.2220,302.0726,
37389640300,20.8975,-0.2392,0.9050,-0.3755,37.3171,25.8697,301.9415,
37403571600,20.9115,-0.2403,0.9050,-0.3738,37.1912,25.5301,301.8168,
37417395200,20.9254,-0.2404,0.9061,-0.3726,37.0198,25.4302,301.5850,
37431499400,20.9396,-0.2406,0.9072,-0.3715,36.8174,25.3127,301.3142,
37445321300,20.9533,-0.2409,0.9083,-0.3703,36.5848,25.1785,301.0063,
37459510800,20.9675,-0.2410,0.9091,-0.3693,36.1684,25.0815,300.6035,
37473135500,20.9812,-0.2411,0.9099,-0.3683,35.7372,24.9832,300.1903,
37487204600,20.9952,-0.2409,0.9100,-0.3678,35.5053,25.1356,300.0989,
37501113700,21.0091,-0.2408,0.9101,-0.3673,35.2961,25.2683,300.0139,
37515085600,21.0232,-0.2408,0.9099,-0.3669,35.2427,25.2909,300.0252,
37529109900,21.0370,-0.2408,0.9098,-0.3663,35.2111,25.3034,300.0310,
37543152500,21.0510,-0.2409,0.9097,-0.3656,35.1809,25.3146,300.0359,
37556832700,21.0648,-0.2411,0.9092,-0.3633,35.1528,25.3095,300.0571,
37570621300,21.0788,-0.2414,0.9087,-0.3609,35.1223,25.3034,300.0797,
37584775300,21.0927,-0.2422,0.9088,-0.3574,34.9768,25.2706,300.1745,
37598682300,21.1066,-0.2430,0.9089,-0.3543,34.7681,25.2214,300.3090,
37612559600,21.1207,-0.2440,0.9104,-0.3488,34.4432,25.0581,300.4047,
37626450000,21.1344,-0.2449,0.9115,-0.3443,34.0980,24.8810,300.5031,
37640350600,21.1483,-0.2457,0.9124,-0.3407,33.7583,24.7033,300.5974,
37654209300,21.1622,-0.2481,0.9136,-0.3356,33.4824,24.3346,300.5759,
37668159100,21.1762,-0.2500,0.9146,-0.3313,33.2134,23.9748,300.5545,
37682098000,21.1900,-0.2515,0.9164,-0.3251,33.1709,23.6177,300.3813,
37695728000,21.2039,-0.2528,0.9178,-0.3198,33.1283,23.2745,300.2148,
37710156400,21.2181,-0.2537,0.9193,-0.3141,33.1235,23.0527,300.1559,
37723910700,21.2319,-0.2547,0.9206,-0.3092,33.1182,22.8397,300.0993,
37737803000,21.2458,-0.2555,0.9218,-0.3048,33.1123,22.6227,300.0415,
37751860000,21.2599,-0.2578,0.9210,-0.2983,33.1110,21.8089,299.5335,
37765765900,21.2737,-0.2596,0.9208,-0.2926,33.1019,20.8978,298.9644,
37779663100,21.2877,-0.2633,0.9224,-0.2847,33.0189,20.1239,298.6780,
37793345500,21.3014,-0.2662,0.9237,-0.2777,32.9404,19.4171,298.4152,
37807545100,21.3155,-0.2688,0.9249,-0.2715,32.8661,18.7680,298.1729,
37821602900,21.3295,-0.2718,0.9258,-0.2627,32.8191,18.3448,297.8799,
37834890300,21.3430,-0.2745,0.9267,-0.2550,32.7738,17.9520,297.6137,
37848747600,21.3568,-0.2784,0.9288,-0.2436,32.4662,17.3463,297.5453,
37862972900,21.3709,-0.2818,0.9305,-0.2338,32.1383,16.6886,297.4685,
37876684200,21.3846,-0.2830,0.9323,-0.2220,32.1369,16.5648,297.5685,
37890789400,21.3989,-0.2844,0.9339,-0.2117,32.1335,16.4583,297.6421,
37904838800,21.4128,-0.2861,0.9353,-0.2022,32.1285,16.3489,297.7087,
37918408300,21.4264,-0.2882,0.9329,-0.1914,32.3906,15.4215,297.7051,
37932646900,21.4406,-0.2902,0.9314,-0.1813,32.6818,14.3569,297.6891,
37946480000,21.4545,-0.2936,0.9307,-0.1701,32.9517,12.5452,297.5473,
37960439800,21.4684,-0.2966,0.9304,-0.1597,33.1817,10.9534,297.4116,
37974163300,21.4822,-0.2994,0.9303,-0.1498,33.3702,9.6104,297.2891,
37988368400,21.4963,-0.3024,0.9289,-0.1402,33.1820,8.6427,297.0453,
38001943900,21.5099,-0.3052,0.9281,-0.1308,33.0414,7.7673,296.8425,
38015792000,21.5239,-0.3090,0.9269,-0.1221,32.9349,7.3056,296.5934,
38029903100,21.5379,-0.3124,0.9261,-0.1133,32.8470,6.8459,296.3741,
38043938300,21.5518,-0.3156,0.9255,-0.1045,32.7638,6.3443,296.1560,
38057580600,21.5656,-0.3183,0.9204,-0.0976,32.3086,6.0687,296.0009,
38071666200,21.5798,-0.3211,0.9166,-0.0902,31.8248,5.7186,295.8287,
38085666400,21.5937,-0.3225,0.9140,-0.0809,31.3840,5.1174,295.5878,
38099514100,21.6075,-0.3244,0.9118,-0.0719,30.9511,4.4839,295.3500,
38113225400,21.6214,-0.3270,0.9124,-0.0631,30.3758,3.5427,295.6848,
38127209100,21.6352,-0.3295,0.9125,-0.0544,29.8247,2.5882,295.9970,
38141311500,21.6493,-0.3321,0.9123,-0.0457,29.3336,1.6936,296.2688,
38155095100,21.6631,-0.3340,0.9148,-0.0385,29.0869,1.1422,296.0594,
38169044000,21.6770,-0.3361,0.9163,-0.0308,28.8613,0.6341,295.9003,
38182986300,21.6910,-0.3390,0.9204,-0.0273,28.9881,0.5114,295.7962,
38196816900,21.7048,-0.3417,0.9233,-0.0225,29.0879,0.3796,295.7070,
38210954100,21.7190,-0.3419,0.9234,-0.0221,29.2730,0.2892,295.6273,
38224909900,21.7328,-0.3425,0.9235,-0.0206,29.4975,0.1509,295.5279,
38238776400,21.7468,-0.3435,0.9237,-0.0177,29.7420,359.9705,295.4164,
38252440400,21.7606,-0.3438,0.9225,-0.0156,30.1209,359.6963,295.3253,
38266448800,21.7744,-0.3445,0.9214,-0.0123,30.5081,359.3838,295.2297,
38280710000,21.7886,-0.3428,0.9193,-0.0091,30.7504,358.9673,295.1436,
38294327300,21.8024,-0.3417,0.9174,-0.0051,30.9784,358.5425,295.0594,
38308249000,21.8163,-0.3412,0.9159,-0.0006,31.1940,358.1112,294.9767,
38322816100,21.8308,-0.3412,0.9138,0.0023,31.4989,358.1467,295.0731,
38335976000,21.8441,-0.3414,0.9121,0.0056,31.7993,358.1662,295.1682,
38349907600,21.8579,-0.3405,0.9120,0.0084,31.8296,358.1888,295.2339,
38363969100,21.8720,-0.3399,0.9117,0.0117,31.8483,358.1992,295.2752,
38378071300,21.8859,-0.3389,0.9139,0.0155,31.9401,358.0704,295.3284,
38391807400,21.8999,-0.3382,0.9156,0.0197,32.0742,357.8704,295.4036,
38405457800,21.9134,-0.3377,0.9169,0.0240,32.2324,357.6219,295.4893,
38419696900,21.9276,-0.3368,0.9187,0.0263,32.5791,357.4595,295.9022,
38433667100,21.9417,-0.3361,0.9201,0.0289,32.9411,357.2810,296.3313,
38447684600,21.9556,-0.3378,0.9237,0.0324,33.2441,356.5120,295.6466,
38461577400,21.9696,-0.3393,0.9267,0.0362,33.5771,355.6287,294.8693,
38475293400,21.9834,-0.3404,0.9292,0.0400,33.9006,354.7290,294.0854,
38489357500,21.9973,-0.3425,0.9324,0.0456,34.0789,354.1575,293.3207,
38503428100,22.0113,-0.3441,0.9351,0.0507,34.2411,353.6154,292.6198,
38517062900,22.0251,-0.3446,0.9363,0.0571,34.5168,353.3668,292.2801,
38531195100,22.0393,-0.3452,0.9376,0.0629,34.7683,353.1160,291.9532,
38545067700,22.0530,-0.3433,0.9365,0.0705,34.8784,352.9814,292.2431,
38559157100,22.0671,-0.3421,0.9360,0.0772,35.0476,352.7628,292.6505,
38572873500,22.0810,-0.3413,0.9360,0.0834,35.2516,352.4888,293.1025,
38586817100,22.0948,-0.3373,0.9314,0.0927,34.3891,352.3074,293.9125,
38600625900,22.1085,-0.3344,0.9283,0.1009,33.5117,352.0768,294.7377,
38614477500,22.1226,-0.3298,0.9287,0.1088,31.7242,351.5928,295.5196,
38628601800,22.1366,-0.3264,0.9290,0.1162,30.2321,351.1425,296.1886,
38642478400,22.1504,-0.3236,0.9292,0.1232,29.0310,350.7453,296.7413,
38656609400,22.1646,-0.3194,0.9287,0.1277,27.6210,350.7121,296.6888,
38670586500,22.1787,-0.3160,0.9284,0.1327,26.3904,350.6364,296.7025,
38684174400,22.1921,-0.3122,0.9278,0.1373,26.1473,350.6473,296.5353,
38698167200,22.2061,-0.3090,0.9274,0.1422,25.9102,350.6354,296.4358,
38711964100,22.2200,-0.3050,0.9328,0.1483,25.9487,350.5736,296.3914,
38725962900,22.2339,-0.3016,0.9367,0.1542,25.9893,350.4770,296.3308,
38739931100,22.2479,-0.2985,0.9396,0.1601,26.0374,350.2997,296.2321,
38753681700,22.2618,-0.2939,0.9472,0.1685,26.1648,350.1611,296.2266,
38767791500,22.2757,-0.2900,0.9530,0.1762,26.2940,349.9911,296.2290,
38781447100,22.2894,-0.2869,0.9610,0.1854,26.5426,349.6554,296.2437,
38795396700,22.3035,-0.2839,0.9673,0.1938,26.7875,349.2816,296.2695,
38810132600,22.3181,-0.2809,0.9727,0.2016,27.0049,348.9073,296.3039,
38823747000,22.3316,-0.2793,0.9725,0.2102,27.0657,348.9113,296.2848,
38837222700,22.3452,-0.2773,0.9733,0.2183,27.0902,348.9117,296.2778,
38851188400,22.3593,-0.2773,0.9679,0.2264,27.0478,349.0183,296.2598,
38865125900,22.3731,-0.2765,0.9649,0.2342,26.8685,349.4332,296.1940,
38879242800,22.3871,-0.2768,0.9536,0.2408,26.7932,349.6638,296.5279,
38892678200,22.4008,-0.2763,0.9458,0.2476,26.6869,349.9508,296.9648,
38906843200,22.4149,-0.2754,0.9403,0.2544,26.5546,350.2708,297.4742,
38920906000,22.4289,-0.2758,0.9318,0.2589,26.7503,350.3260,298.5303,
38934905800,22.4430,-0.2756,0.9254,0.2641,26.9441,350.3815,299.6548,
38948508800,22.4565,-0.2754,0.9244,0.2672,27.1676,350.3036,299.7165,
38962514000,22.4705,-0.2749,0.9232,0.2709,27.3245,350.2468,299.7755,
38976633700,22.4846,-0.2754,0.9258,0.2740,27.3395,350.2129,299.6912,
38990506100,22.4985,-0.2756,0.9277,0.2781,27.3702,350.1396,299.5168,
39004315600,22.5122,-0.2755,0.9288,0.2831,27.4211,350.0110,299.2217,
39018127500,22.5261,-0.2751,0.9379,0.2849,27.5879,350.1477,297.7396,
39032003800,22.5401,-0.2745,0.9442,0.2878,27.7578,350.2870,296.2326,
39046213700,22.5541,-0.2725,0.9525,0.2896,27.8536,350.8447,295.5901,
39060019900,22.5680,-0.2709,0.9586,0.2922,27.9353,351.2964,295.0547,
39073677500,22.5818,-0.2695,0.9635,0.2953,28.0083,351.6826,294.5851,
39087877800,22.5959,-0.2679,0.9659,0.2969,27.8903,351.9659,294.5748,
39101715600,22.6096,-0.2667,0.9681,0.2989,27.7975,352.2095,294.5438,
39115592900,22.6237,-0.2660,0.9679,0.3010,27.7484,352.2317,294.6319,
39129625500,22.6376,-0.2652,0.9681,0.3035,27.6732,352.2709,294.7605,
39143499500,22.6515,-0.2645,0.9649,0.3079,27.1308,352.5920,295.9433,
39157723800,22.6656,-0.2637,0.9626,0.3127,26.5169,352.9527,297.2419,
39171353300,22.6795,-0.2629,0.9611,0.3171,25.9652,353.2745,298.3743,
39185294100,22.6932,-0.2605,0.9583,0.3236,25.0930,353.7493,300.1501,
39199223700,22.7072,-0.2585,0.9564,0.3292,24.3486,354.1368,301.6171,
39213119200,22.7212,-0.2560,0.9574,0.3329,22.5684,354.7338,302.7158,
39227090700,22.7351,-0.2539,0.9582,0.3366,21.0849,355.2112,303.6636,
39241054200,22.7491,-0.2521,0.9587,0.3403,19.8421,355.5975,304.4847,
39254823700,22.7629,-0.2465,0.9704,0.3447,15.5888,357.4881,304.6600,
39268795100,22.7767,-0.2421,0.9788,0.3490,12.3061,358.8814,304.8554,
39282420300,22.7904,-0.2342,0.9864,0.3559,9.0549,1.5209,305.6927,
39296115700,22.8043,-0.2279,0.9924,0.3620,6.5043,3.3380,306.2553,
39310679100,22.8187,-0.2186,0.9982,0.3712,4.7891,5.9121,310.6747,
39324578600,22.8325,-0.2111,1.0032,0.3791,2.9717,7.7928,313.7047,
39338489100,22.8465,-0.2046,1.0078,0.3862,1.1982,9.2269,315.8781,
39351900900,22.8600,-0.1942,1.0154,0.3978,0.0391,10.3737,316.7564,
39366407100,22.8744,-0.1855,1.0220,0.4076,358.7429,11.4256,317.6628,
39380371300,22.8883,-0.1749,1.0387,0.4190,355.6988,12.1092,319.0834,
39394273600,22.9024,-0.1657,1.0519,0.4289,352.9537,12.8199,320.4045,
39408229600,22.9162,-0.1574,1.0631,0.4381,350.4885,13.5109,321.6085,
39421927900,22.9299,-0.1482,1.0782,0.4511,346.7873,14.9989,322.0682,
39435857100,22.9439,-0.1398,1.0910,0.4625,343.7666,16.1730,322.5962,
39450077300,22.9580,-0.1288,1.1057,0.4771,339.2761,15.7597,325.7227,
39463681800,22.9717,-0.1190,1.1185,0.4900,335.9751,15.5296,327.9168,
39477849300,22.9856,-0.1092,1.1348,0.5042,334.8435,14.5781,334.5900,
39491988200,23.0000,-0.1000,1.1491,0.5171,333.6428,13.9456,338.9585,
39505588500,23.0135,-0.0911,1.1623,0.5292,332.4468,13.4641,342.1045,
39519019800,23.0270,-0.0836,1.1732,0.5418,330.3602,11.1418,346.5252,
39533292600,23.0414,-0.0760,1.1841,0.5537,328.7592,9.4422,350.0008,
39547128700,23.0551,-0.0691,1.1941,0.5635,327.9457,8.9168,353.1965,
39560965600,23.0690,-0.0620,1.2043,0.5736,327.0686,8.2815,356.0516,
39574513100,23.0827,-0.0546,1.2146,0.5838,326.1636,7.5542,358.7716,
39589073500,23.0970,-0.0518,1.2228,0.5922,327.7319,8.3417,0.1004,
39603107100,23.1109,-0.0477,1.2316,0.6012,328.6833,8.7764,1.7865,
39617002000,23.1249,-0.0422,1.2301,0.6078,331.6428,9.0015,3.7936,
39630540100,23.1387,-0.0363,1.2318,0.6154,333.6502,9.1224,5.8704,
39644613400,23.1526,-0.0340,1.2222,0.6215,335.5383,8.6760,8.9680,
39658983500,23.1669,-0.0305,1.2175,0.6287,336.9045,8.3843,11.6908,
39672497500,23.1805,-0.0263,1.2158,0.6364,337.9672,8.1800,14.1742,
39686081900,23.1941,-0.0276,1.2073,0.6364,337.8218,7.4376,14.2031,
39700527400,23.2085,-0.0269,1.2024,0.6389,337.7964,6.8721,14.5222,
39714411400,23.2225,-0.0246,1.1911,0.6384,337.2995,6.5468,14.6487,
39727956400,23.2359,-0.0216,1.1836,0.6401,336.7705,6.1287,15.0395,
39741873700,23.2498,-0.0183,1.1784,0.6431,336.2733,5.6512,15.6907,
39755615500,23.2637,-0.0213,1.1740,0.6421,336.2996,5.7421,15.6164,
39769738800,23.2776,-0.0222,1.1711,0.6429,336.3434,5.8630,15.5509,
39783899500,23.2919,-0.0252,1.1683,0.6433,337.7019,7.0802,14.9284,
39797590600,23.3056,-0.0267,1.1660,0.6446,339.2422,8.3421,14.5046,
39811308700,23.3194,-0.0294,1.1642,0.6437,341.5271,9.0937,13.7909,
39825880300,23.3337,-0.0309,1.1625,0.6437,343.3811,9.6574,13.4315,
39839824600,23.3477,-0.0318,1.1610,0.6443,344.8849,10.0919,13.2968,
39853166900,23.3613,-0.0304,1.1548,0.6435,346.1031,9.6111,13.7377,
39867792000,23.3757,-0.0289,1.1492,0.6436,347.2497,9.2768,14.1492,
39881049600,23.3890,-0.0282,1.1475,0.6427,347.7685,8.7118,14.1453,
39894900500,23.4030,-0.0275,1.1461,0.6426,348.3369,8.2489,14.1864,
39909171500,23.4172,-0.0268,1.1445,0.6427,348.9697,7.8378,14.2607,
39922846200,23.4308,-0.0273,1.1444,0.6414,349.2955,7.7080,14.2262,
39937353600,23.4452,-0.0276,1.1440,0.6403,349.6584,7.5894,14.2196,
39950610500,23.4587,-0.0283,1.1446,0.6391,349.5523,7.4807,14.1836,
39964719400,23.4727,-0.0289,1.1449,0.6382,349.4443,7.3351,14.1458,
39978556900,23.4865,-0.0287,1.1457,0.6375,348.8694,7.2128,14.0045,
39992250700,23.5003,-0.0285,1.1462,0.6370,348.2100,7.0634,13.8470,
40006819600,23.5147,-0.0283,1.1465,0.6366,347.6166,6.9202,13.7098,
40020457200,23.5285,-0.0276,1.1462,0.6367,347.6404,6.9561,13.7647,
40033946800,23.5421,-0.0263,1.1457,0.6369,347.6615,6.9811,13.8051,
40048865600,23.5567,-0.0248,1.1448,0.6374,347.7014,6.9896,13.8128,
40062520300,23.5704,-0.0233,1.1439,0.6379,347.7478,6.9981,13.8213,
40076577900,23.5845,-0.0218,1.1429,0.6384,347.8211,7.0096,13.8341,
40089752100,23.5978,-0.0217,1.1430,0.6385,347.8646,6.9816,13.7950,
40104436200,23.6124,-0.0216,1.1431,0.6385,347.9424,6.9308,13.7258,
40118206000,23.6261,-0.0216,1.1434,0.6386,347.8521,6.8968,13.6758,
40131919100,23.6400,-0.0214,1.1438,0.6389,347.6199,6.8099,13.5501,
40145997600,23.6539,-0.0208,1.1449,0.6396,347.4248,6.7498,13.5109,
40159891100,23.6678,-0.0200,1.1461,0.6404,347.2184,6.6865,13.4730,
40173310900,23.6814,-0.0192,1.1471,0.6413,347.0040,6.6212,13.4368,
40187764200,23.6957,-0.0174,1.1482,0.6423,346.7326,6.6028,13.5352,
40201388600,23.7094,-0.0156,1.1492,0.6434,346.4375,6.5832,13.6466,
40215304100,23.7234,-0.0125,1.1493,0.6455,346.2044,6.7511,13.8210,
40229534600,23.7375,-0.0097,1.1493,0.6474,345.9541,6.9346,14.0125,
40243559600,23.7516,-0.0076,1.1496,0.6488,345.3255,7.4654,14.0606,
40257602000,23.7656,-0.0058,1.1498,0.6500,344.6797,8.0170,14.1051,
40271168000,23.7792,-0.0042,1.1499,0.6511,344.0814,8.5338,14.1418,
40285105800,23.7931,-0.0009,1.1496,0.6530,343.1225,9.2593,14.4802,
40299284400,23.8073,0.0021,1.1494,0.6547,342.2503,9.9219,14.7709,
40313029400,23.8212,0.0048,1.1492,0.6563,341.4874,10.5041,15.0115,
40327016700,23.8349,0.0084,1.1495,0.6579,341.0403,11.1574,15.2860,
40340836800,23.8488,0.0115,1.1497,0.6594,340.6096,11.7469,15.5240,
40354564700,23.8627,0.0148,1.1502,0.6614,340.8130,12.5801,15.7052,
40368588100,23.8766,0.0178,1.1505,0.6632,340.9458,13.3980,15.8899,
40382754300,23.8907,0.0193,1.1529,0.6644,341.6209,14.5271,15.7462,
40396539900,23.9045,0.0210,1.1548,0.6656,342.1934,15.6083,15.6452,
40410802600,23.9189,0.0227,1.1577,0.6665,342.8620,16.5423,15.7408,
40424621000,23.9326,0.0245,1.1601,0.6674,343.4100,17.4029,15.8400,
40438827200,23.9467,0.0263,1.1622,0.6684,343.8683,18.2026,15.9402,
40452047000,23.9602,0.0272,1.1643,0.6685,343.9626,18.4038,15.8812,
40466262600,23.9743,0.0282,1.1662,0.6687,344.0407,18.5957,15.8449,
40480036500,23.9880,0.0281,1.1662,0.6690,343.9721,18.5257,15.8503,
40493929300,24.0020,0.0282,1.1662,0.6692,343.8114,18.3770,15.8664,
40507994800,24.0160,0.0283,1.1663,0.6694,343.5218,18.1332,15.9014,
40522034400,24.0300,0.0282,1.1659,0.6695,342.7672,17.6768,16.1331,
40535756200,24.0439,0.0283,1.1653,0.6698,342.0128,17.2509,16.3807,
40549835100,24.0577,0.0290,1.1646,0.6700,341.8074,16.9456,16.6547,
40563593500,24.0716,0.0300,1.1639,0.6702,341.6409,16.7165,16.8809,
40577515800,24.0855,0.0323,1.1637,0.6714,341.6700,16.6951,17.0513,
40592135700,24.1003,0.0348,1.1635,0.6727,341.6972,16.6815,17.2204,
40605509400,24.1134,0.0371,1.1634,0.6739,341.7285,16.6727,17.4234,
40619586800,24.1276,0.0416,1.1651,0.6765,342.1568,17.0298,17.8232,
40633207100,24.1413,0.0455,1.1666,0.6787,342.6689,17.4766,18.3108,
40647668500,24.1555,0.0482,1.1706,0.6822,342.3549,17.5675,18.5188,
40661483700,24.1694,0.0507,1.1736,0.6850,342.0500,17.6646,18.7264,
40675228100,24.1833,0.0528,1.1760,0.6872,341.7225,17.7769,18.9545,
40688819800,24.1967,0.0548,1.1783,0.6888,341.1150,18.3042,18.9765,
40702634600,24.2106,0.0567,1.1803,0.6904,340.4879,18.8575,19.0020,
40717163500,24.2250,0.0558,1.1837,0.6906,339.6682,19.3682,18.7417,
40730953600,24.2390,0.0554,1.1870,0.6910,338.9160,19.8536,18.5060,
40744518200,24.2525,0.0555,1.1900,0.6917,338.2397,20.3037,18.2966,
40758663900,24.2667,0.0559,1.1933,0.6935,337.8799,20.8913,17.7463,
40772360000,24.2804,0.0565,1.1963,0.6953,337.5284,21.4467,17.2486,
40786373300,24.2943,0.0577,1.1981,0.6957,337.0790,21.7472,16.7557,
40800408800,24.3084,0.0590,1.1999,0.6963,336.6396,22.0572,16.2900,
40814084400,24.3222,0.0616,1.2007,0.6974,335.9729,22.2182,16.1279,
40828209000,24.3361,0.0642,1.2018,0.6986,335.3069,22.4037,15.9539,
40842243900,24.3503,0.0667,1.2030,0.6999,334.6516,22.6072,15.7717,
40855743400,24.3639,0.0683,1.2024,0.7002,333.5054,22.5039,15.5437,
40869967500,24.3780,0.0698,1.2021,0.7006,332.3992,22.4468,15.3115,
40883870700,24.3918,0.0696,1.2020,0.7007,331.1351,22.5043,14.8348,
40897687600,24.4057,0.0694,1.2019,0.7008,329.9952,22.5898,14.4010,
40911506100,24.4196,0.0683,1.2015,0.7003,328.9322,22.9486,13.5332,
40925808800,24.4338,0.0668,1.2011,0.6998,327.9510,23.2930,12.7549,
40939630800,24.4476,0.0655,1.2008,0.6993,327.0389,23.6256,12.0457,
40953622200,24.4618,0.0639,1.2003,0.6987,326.7902,24.3615,11.3401,
40967380300,24.4753,0.0626,1.1999,0.6983,326.4919,25.0325,10.6705,
40981345300,24.4893,0.0619,1.1998,0.6982,326.5589,25.2212,10.4544,
40995541300,24.5035,0.0614,1.1997,0.6981,326.5758,25.3884,10.2563,
41009146800,24.5171,0.0604,1.1998,0.6975,326.6125,25.3731,10.2139,
41023027400,24.5310,0.0595,1.2000,0.6970,326.6365,25.3633,10.1658,
41036903500,24.5449,0.0585,1.2002,0.6965,326.6567,25.3555,10.0936,
41051434600,24.5593,0.0578,1.1998,0.6955,326.7517,24.9481,9.7199,
41065079200,24.5731,0.0571,1.1996,0.6945,326.8305,24.4527,9.2314,
41079083700,24.5870,0.0530,1.1984,0.6900,326.2993,23.2259,8.3995,
41092581800,24.6007,0.0496,1.1975,0.6862,325.7708,22.1424,7.6359,
41106713900,24.6146,0.0470,1.1969,0.6833,325.2924,21.2600,6.9896,
41120721000,24.6286,0.0380,1.1948,0.6785,324.3671,18.7308,6.6973,
41134675900,24.6428,0.0313,1.1933,0.6748,323.5779,16.7116,6.4296,
41148423400,24.6563,0.0168,1.1889,0.6689,322.1281,11.4359,7.4892,
41162950800,24.6707,0.0057,1.1856,0.6641,321.0681,7.5693,8.2437,
41176440500,24.6844,-0.0033,1.1830,0.6601,320.2518,4.6345,8.7888,
41189980900,24.6981,-0.0116,1.1755,0.6536,319.9250,2.7271,9.7146,
41204182800,24.7121,-0.0190,1.1697,0.6482,319.5676,0.9177,10.4335,
41218702100,24.7266,-0.0188,1.1605,0.6465,320.7631,2.0879,9.7920,
41231931700,24.7400,-0.0201,1.1532,0.6444,322.6956,3.6082,8.8527,
41246143900,24.7541,-0.0153,1.1486,0.6461,326.9146,6.9574,6.8841,
41259754600,24.7678,-0.0131,1.1446,0.6465,329.8076,8.7411,5.7419,
41273936200,24.7820,-0.0124,1.1410,0.6462,331.7642,9.6549,5.0264,
41287689700,24.7957,-0.0107,1.1397,0.6472,331.3675,9.9278,5.3247,
41301605800,24.8096,-0.0099,1.1381,0.6475,331.2303,10.0645,5.4528,
41315300300,24.8234,-0.0096,1.1390,0.6472,331.2202,10.0580,5.4833,
41329425500,24.8373,-0.0092,1.1403,0.6463,331.2277,10.0504,5.5027,
41343283200,24.8513,-0.0096,1.1455,0.6477,331.1414,9.6835,5.9581,
41357606900,24.8655,-0.0103,1.1495,0.6486,331.0678,9.0665,6.6853,
41371408500,24.8795,-0.0111,1.1521,0.6490,331.0583,8.3913,7.4439,
41385608200,24.8935,-0.0101,1.1564,0.6501,331.7931,8.1163,8.0172,
41399236800,24.9072,-0.0097,1.1594,0.6507,332.5960,7.8271,8.5843,
41412781700,24.9209,-0.0077,1.1623,0.6525,333.8514,7.9108,8.9562,
41426763600,24.9347,-0.0064,1.1645,0.6537,335.0648,7.9723,9.2983,
41440855200,24.9488,-0.0056,1.1661,0.6546,336.1777,8.0135,9.5978,
41454564000,24.9627,-0.0040,1.1683,0.6555,337.7208,7.8742,10.1859,
41468693500,24.9767,-0.0029,1.1702,0.6562,339.1151,7.7635,10.6845,
41482535100,24.9905,-0.0007,1.1710,0.6569,340.5291,8.0941,11.1384,
41496473900,25.0044,0.0011,1.1719,0.6575,341.8099,8.3572,11.5427,
41510303700,25.0184,0.0026,1.1727,0.6581,342.9886,8.5742,11.9094,
41524339700,25.0323,0.0051,1.1720,0.6578,343.7342,8.6281,11.7990,
41538219500,25.0462,0.0074,1.1716,0.6577,344.4829,8.6807,11.7482,
41552268500,25.0603,0.0088,1.1717,0.6586,344.5372,9.0689,11.8284,
41565983600,25.0740,0.0101,1.1718,0.6593,344.6723,9.4533,11.9268,
41580433000,25.0884,0.0115,1.1721,0.6603,344.2339,10.1799,12.0915,
41593681300,25.1018,0.0128,1.1723,0.6613,343.8310,11.0005,12.2926,
41607935900,25.1158,0.0141,1.1726,0.6622,343.5279,11.7824,12.4985,
41621769400,25.1297,0.0143,1.1730,0.6629,341.4074,12.8774,12.5506,
41635718500,25.1439,0.0147,1.1734,0.6637,339.6645,13.8726,12.5953,
41649707400,25.1576,0.0155,1.1740,0.6654,337.1054,15.5342,12.0835,
41663472000,25.1714,0.0163,1.1746,0.6672,335.2125,16.8769,11.6779,
41677478200,25.1855,0.0172,1.1752,0.6688,333.7800,17.9740,11.3574,
41691533100,25.1997,0.0179,1.1757,0.6695,333.0496,18.2268,11.5995,
41705596100,25.2136,0.0186,1.1762,0.6702,332.3780,18.5390,11.7567,
41719300400,25.2271,0.0192,1.1768,0.6702,332.5415,18.6031,11.8632,
41732991000,25.2411,0.0199,1.1775,0.6703,332.6318,18.6895,11.9444,
41747538300,25.2555,0.0197,1.1785,0.6700,332.8401,18.6610,12.0117,
41760862200,25.2689,0.0196,1.1797,0.6696,333.1057,18.6533,12.1055,
41775130500,25.2832,0.0195,1.1809,0.6693,333.3616,18.6778,12.2053,
41789200600,25.2971,0.0184,1.1816,0.6689,334.1015,18.6203,12.1244,
41803098000,25.3111,0.0173,1.1824,0.6684,334.8213,18.6006,12.0344,
41817070100,25.3250,0.0156,1.1824,0.6675,335.3009,18.4238,11.8283,
41830672900,25.3387,0.0140,1.1826,0.6666,335.6920,18.2955,11.6439,
41844826800,25.3528,0.0140,1.1819,0.6661,335.8085,18.1862,11.5495,
41858805200,25.3668,0.0139,1.1813,0.6657,335.8900,18.1113,11.4732,
41872553300,25.3806,0.0138,1.1807,0.6653,335.9538,18.0540,11.4052,
41886659600,25.3945,0.0138,1.1800,0.6646,335.9457,18.0327,11.3824,
41900513400,25.4085,0.0138,1.1794,0.6640,335.9363,18.0160,11.3614,
41914275300,25.4224,0.0139,1.1790,0.6636,335.8928,18.0181,11.3381,
41928172800,25.4362,0.0140,1.1786,0.6633,335.8285,18.0242,11.3048,
41942367400,25.4503,0.0141,1.1783,0.6630,335.7200,18.0384,11.2501,
41956032500,25.4641,0.0144,1.1782,0.6625,335.3170,18.4128,10.8228,
41970071400,25.4781,0.0149,1.1781,0.6620,334.8250,18.8878,10.2948,
41983647300,25.4916,0.0153,1.1783,0.6619,334.4407,19.4193,9.8835,
41998013800,25.5059,0.0158,1.1785,0.6617,334.0877,19.9211,9.5002,
42011394300,25.5195,0.0167,1.1794,0.6621,333.8950,20.3915,9.3127,
42025409700,25.5334,0.0178,1.1804,0.6625,333.7147,20.8339,9.1351,
42039441500,25.5474,0.0188,1.1814,0.6629,333.5396,21.2658,8.9604,
42053142900,25.5612,0.0195,1.1828,0.6634,333.6087,21.3805,9.0153,
42067643800,25.5755,0.0202,1.1841,0.6639,333.6654,21.4895,9.0600,
42081219700,25.5892,0.0200,1.1853,0.6641,333.8249,21.4860,9.1331,
42094888100,25.6030,0.0197,1.1864,0.6643,334.0524,21.4872,9.2353,
42109208000,25.6171,0.0195,1.1875,0.6645,334.3250,21.4954,9.3553,
42123322800,25.6313,0.0194,1.1882,0.6648,335.0901,21.2584,9.5301,
42136740300,25.6447,0.0193,1.1888,0.6651,335.8989,21.0187,9.7057,
42150783100,25.6589,0.0191,1.1887,0.6655,336.6385,20.5672,9.7652,
42164788200,25.6727,0.0188,1.1885,0.6660,337.3061,20.1698,9.8111,
42178610300,25.6866,0.0173,1.1878,0.6674,337.7662,19.1746,9.8336,
42192365300,25.7005,0.0158,1.1872,0.6689,338.2131,18.2471,9.8458,
42206522700,25.7145,0.0144,1.1866,0.6703,338.6276,17.4182,9.8492,
42220536800,25.7285,0.0116,1.1843,0.6721,338.1551,16.9076,9.5269,
42234279700,25.7424,0.0092,1.1825,0.6737,337.7306,16.3798,9.2220,
42248282400,25.7563,0.0070,1.1805,0.6759,337.3702,15.6864,9.0973,
42262086100,25.7700,0.0052,1.1789,0.6777,337.0585,15.0170,8.9830,
42276570700,25.7844,0.0038,1.1776,0.6793,336.7897,14.3789,8.8789,
42289784200,25.7979,0.0002,1.1762,0.6818,336.9711,13.4635,9.1617,
42303894200,25.8119,-0.0029,1.1750,0.6841,337.1422,12.5554,9.4146,
42317924500,25.8258,-0.0051,1.1743,0.6891,337.2165,11.8508,9.4146,
42332032900,25.8400,-0.0071,1.1735,0.6931,337.2838,11.1717,9.4125,
42345697000,25.8537,-0.0091,1.1740,0.6968,337.3848,10.0238,9.6632,
42360117600,25.8681,-0.0109,1.1741,0.6999,337.4851,8.9015,9.8916,
42373335000,25.8815,-0.0125,1.1741,0.7026,337.5806,7.8493,10.0922,
42387590600,25.8955,-0.0129,1.1749,0.7035,338.2021,6.4819,10.9079,
42401259500,25.9093,-0.0135,1.1754,0.7045,338.7656,5.2003,11.6100,
42415597900,25.9237,-0.0133,1.1761,0.7059,339.4991,4.8245,12.1391,
42429278300,25.9373,-0.0134,1.1768,0.7076,340.1401,4.4165,12.6013,
42443259600,25.9511,-0.0137,1.1774,0.7094,340.7346,3.9758,13.0278,
42457127000,25.9651,-0.0142,1.1790,0.7107,340.9151,3.7749,12.8680,
42470839000,25.9790,-0.0149,1.1804,0.7122,341.1013,3.5456,12.7486,
42484982300,25.9930,-0.0147,1.1816,0.7132,341.3441,3.6906,12.4377,
42499522500,26.0073,-0.0147,1.1826,0.7143,341.6509,3.8160,12.0930,
42512904600,26.0210,-0.0149,1.1836,0.7155,341.9997,3.9073,11.7433,
42527238300,26.0352,-0.0147,1.1841,0.7163,342.2088,4.4369,11.3554,
42540686200,26.0487,-0.0146,1.1846,0.7172,342.4477,4.9385,10.9728,
42554770500,26.0628,-0.0144,1.1846,0.7175,342.5385,5.6020,10.7887,
42568320100,26.0763,-0.0142,1.1847,0.7178,342.6476,6.2119,10.6174,
42582567200,26.0906,-0.0140,1.1847,0.7178,342.5680,6.7071,10.5125,
42596097500,26.1042,-0.0138,1.1846,0.7179,342.5115,7.1457,10.4177,
42610217500,26.1182,-0.0136,1.1845,0.7181,342.4721,7.5422,10.3305,
42624081800,26.1321,-0.0132,1.1844,0.7181,342.4321,7.9114,10.2666,
42638120300,26.1461,-0.0127,1.1843,0.7182,342.4027,8.2597,10.2052,
42651769900,26.1599,-0.0124,1.1843,0.7180,342.3601,8.2899,10.1634,
42666253400,26.1742,-0.0121,1.1843,0.7177,342.3395,8.3060,10.1416,
42679897200,26.1878,-0.0116,1.1844,0.7175,342.3475,8.3382,10.1393,
42693564000,26.2016,-0.0112,1.1846,0.7173,342.3578,8.3736,10.1370,
42707847900,26.2158,-0.0108,1.1847,0.7172,342.3704,8.4123,10.1349,
42721712800,26.2296,-0.0103,1.1847,0.7173,342.4247,8.4812,10.1491,
42735376100,26.2435,-0.0099,1.1847,0.7174,342.5074,8.5822,10.1710,
42749502800,26.2575,-0.0093,1.1847,0.7175,342.6597,8.8678,10.2508,
42763300800,26.2713,-0.0087,1.1847,0.7176,342.8407,9.2029,10.3474,
42777290300,26.2852,-0.0083,1.1848,0.7178,342.9608,9.4981,10.3691,
42791198400,26.2993,-0.0080,1.1849,0.7179,343.0744,9.7743,10.3902,
42805052000,26.3130,-0.0077,1.1850,0.7181,343.1833,10.0367,10.4107,
42819023500,26.3270,-0.0075,1.1850,0.7181,343.2237,10.2790,10.4277,
42832836100,26.3409,-0.0074,1.1850,0.7181,343.2631,10.5124,10.4442,
42846858400,26.3548,-0.0073,1.1850,0.7181,343.3023,10.7429,10.4607,
42860956500,26.3689,-0.0072,1.1850,0.7181,343.2498,10.8869,10.4586,
42874648300,26.3827,-0.0072,1.1851,0.7182,343.2004,11.0240,10.4565,
42889113500,26.3970,-0.0072,1.1853,0.7181,343.0682,11.1803,10.4639,
42902892500,26.4109,-0.0072,1.1856,0.7179,342.9182,11.3576,10.4720,
42916820400,26.4248,-0.0070,1.1858,0.7178,342.6589,11.9632,10.4908,
42930267000,26.4384,-0.0067,1.1862,0.7176,342.3808,12.6185,10.5081,
42944425900,26.4523,-0.0061,1.1868,0.7173,341.8963,13.2864,10.5333,
42958217700,26.4662,-0.0055,1.1874,0.7170,341.4518,13.9036,10.5515,
42971981300,26.4801,-0.0049,1.1881,0.7167,341.0532,14.4607,10.5637,
42986139800,26.4941,-0.0040,1.1882,0.7165,340.5359,15.1563,10.5602,
43000110800,26.5080,-0.0030,1.1884,0.7164,340.0552,15.8077,10.5514,
43014008700,26.5221,-0.0010,1.1878,0.7165,339.7615,16.3378,10.5456,
43028310100,26.5363,0.0010,1.1873,0.7167,339.4873,16.8269,10.5378,
43041892900,26.5498,0.0020,1.1863,0.7163,339.4466,17.1397,10.6695,
43055783100,26.5638,0.0030,1.1855,0.7160,339.3952,17.4474,10.7898,
43069841600,26.5778,0.0039,1.1847,0.7158,339.3324,17.7684,10.9079,
43084051900,26.5920,0.0043,1.1840,0.7153,339.3087,17.7880,10.9253,
43097453900,26.6054,0.0047,1.1834,0.7149,339.2953,17.8014,10.9340,
43111344400,26.6194,0.0046,1.1827,0.7140,339.2917,17.7768,10.9545,
43125353100,26.6333,0.0046,1.1821,0.7131,339.2866,17.7524,10.9772,
43139286000,26.6473,0.0046,1.1814,0.7123,339.2799,17.7281,11.0021,
43153327800,26.6615,0.0044,1.1810,0.7112,339.2787,17.6992,11.0369,
43167082400,26.6750,0.0043,1.1806,0.7103,339.2766,17.6701,11.0744,
43181132700,26.6891,0.0044,1.1806,0.7090,339.2812,17.6344,11.1116,
43195070700,26.7032,0.0045,1.1806,0.7077,339.2868,17.5903,11.1591,
43208797500,26.7167,0.0045,1.1805,0.7065,339.2934,17.5379,11.2172,
43222938100,26.7308,0.0045,1.1808,0.7043,339.2497,17.5172,11.2010,
43236684200,26.7447,0.0045,1.1810,0.7023,339.1879,17.4916,11.1760,
43250468900,26.7586,0.0047,1.1809,0.7008,339.1217,17.4819,11.1243,
43264727800,26.7727,0.0049,1.1807,0.6994,339.0342,17.4739,11.0526,
43278534900,26.7865,0.0052,1.1801,0.6981,339.0051,17.4360,11.0253,
43292203300,26.8003,0.0055,1.1794,0.6967,338.9789,17.4015,10.9989,
43306377000,26.8144,0.0058,1.1789,0.6954,338.9528,17.3668,10.9706,
43320749300,26.8287,0.0059,1.1784,0.6944,338.9932,17.2061,10.9959,
43334162600,26.8422,0.0060,1.1780,0.6935,339.0602,16.9641,11.0360,
43348187700,26.8562,0.0066,1.1778,0.6912,338.7245,16.1030,11.0686,
43362265600,26.8702,0.0072,1.1776,0.6889,338.3589,15.1650,11.1118,
43375980400,26.8841,0.0087,1.1778,0.6868,337.8890,14.7146,11.1235,
43389975000,26.8978,0.0101,1.1778,0.6849,337.4828,14.3242,11.1380,
43403811800,26.9118,0.0113,1.1779,0.6831,337.1151,13.9702,11.1545,
43418136100,26.9261,0.0124,1.1781,0.6824,336.0958,14.3259,10.8662,
43432011800,26.9401,0.0133,1.1783,0.6817,335.0052,14.6944,10.5538,
43445605400,26.9535,0.0142,1.1785,0.6809,333.9878,15.0282,10.2586,
43459439200,26.9674,0.0158,1.1796,0.6798,333.2795,16.3157,9.7787,
43473388800,26.9815,0.0173,1.1806,0.6786,332.6012,17.4636,9.3245,
43487605500,26.9955,0.0185,1.1830,0.6792,331.9344,18.7633,9.3425,
43501448600,27.0094,0.0197,1.1852,0.6795,331.3047,19.8988,9.3132,
43515003900,27.0231,0.0217,1.1878,0.6820,331.7796,21.2173,9.5775,
43529345400,27.0373,0.0235,1.1902,0.6840,332.1074,22.4263,9.7889,
43543337700,27.0512,0.0247,1.1936,0.6878,332.5582,23.4747,9.6096,
43556931700,27.0649,0.0257,1.1963,0.6907,332.8940,24.4244,9.4588,
43570673300,27.0788,0.0267,1.1985,0.6929,333.1553,25.3143,9.3253,
43584768300,27.0927,0.0277,1.2002,0.6947,333.5587,25.6515,9.1089,
43598815600,27.1068,0.0285,1.2017,0.6963,333.9005,26.0120,8.9166,
43612926400,27.1210,0.0289,1.2025,0.6979,334.1860,26.3485,8.5152,
43626872300,27.1348,0.0294,1.2034,0.6994,334.4711,26.7366,8.1107,
43640526700,27.1485,0.0299,1.2043,0.7008,334.7564,27.1693,7.7047,
43654312500,27.1624,0.0296,1.2051,0.7017,334.6380,27.0491,7.6362,
43668820000,27.1768,0.0294,1.2058,0.7027,334.4379,26.8711,7.5095,
43682773800,27.1906,0.0290,1.2061,0.7027,333.7745,26.2550,7.2950,
43696024000,27.2042,0.0287,1.2064,0.7028,333.0712,25.6455,7.0591,
43710539700,27.2185,0.0275,1.2069,0.7024,330.9069,24.1513,6.4879,
43724114800,27.2321,0.0262,1.2077,0.7021,329.1259,22.9723,6.0388,
43737814100,27.2458,0.0250,1.2086,0.7018,327.7469,22.0980,5.6988,
43752050500,27.2602,0.0207,1.2105,0.6992,323.9509,20.7767,5.4651,
43766118100,27.2741,0.0172,1.2123,0.6972,321.0897,19.7331,5.3108,
43779643500,27.2876,0.0109,1.2127,0.6905,315.0119,19.1541,3.5414,
43793392500,27.3015,0.0061,1.2133,0.6857,310.8766,18.7514,2.3579,
43807911500,27.3158,0.0024,1.2139,0.6819,307.8162,18.4246,1.5067,
43821615500,27.3295,0.0032,1.2089,0.6797,303.6451,15.7257,4.3933,
43835344700,27.3434,0.0034,1.2052,0.6776,300.4288,13.4659,6.5066,
43849322500,27.3573,0.0029,1.1997,0.6781,297.0868,9.1793,9.6755,
43863557400,27.3715,0.0022,1.1955,0.6782,294.3945,5.4171,12.5580,
43877272100,27.3853,0.0040,1.1923,0.6781,293.7683,2.0903,15.9767,
43891022600,27.3991,0.0051,1.1897,0.6778,292.9044,358.9285,19.0604,
43904992500,27.4129,0.0057,1.1875,0.6774,291.8673,355.4720,22.3349,
43918853700,27.4268,0.0105,1.1846,0.6761,292.4153,354.4804,23.9834,
43932817100,27.4409,0.0143,1.1819,0.6748,292.6833,353.0801,25.9079,
43946907000,27.4547,0.0158,1.1804,0.6740,293.4675,354.0330,25.3988,
43960811800,27.4688,0.0169,1.1791,0.6733,294.1111,354.5789,25.2674,
43974460200,27.4826,0.0179,1.1778,0.6726,294.5479,354.7454,25.4332,
43988626200,27.4966,0.0178,1.1774,0.6724,295.1392,355.6125,24.4741,
44002470700,27.5104,0.0177,1.1770,0.6722,295.5982,356.1641,23.8289,
44016712500,27.5247,0.0177,1.1772,0.6722,296.0970,357.3468,22.3607,
44030670300,27.5387,0.0177,1.1773,0.6721,296.5024,358.2404,21.1951,
44044179200,27.5522,0.0177,1.1774,0.6720,296.8071,358.8711,20.3221,
44058117200,27.5661,0.0175,1.1776,0.6723,297.1469,359.4904,19.3653,
44071874400,27.5800,0.0170,1.1781,0.6728,297.4247,359.9638,18.5791,
44086123600,27.5941,0.0170,1.1780,0.6732,298.9205,2.1079,16.8487,
44099983700,27.6080,0.0171,1.1780,0.6735,300.3200,3.8926,15.4313,
44114189000,27.6222,0.0169,1.1775,0.6747,302.0281,4.4633,15.1004,
44127708700,27.6357,0.0167,1.1769,0.6759,303.4047,4.9002,14.8501,
44141671600,27.6497,0.0165,1.1763,0.6771,304.5338,5.2456,14.6526,
44155504400,27.6636,0.0159,1.1759,0.6799,306.2611,6.3637,13.8363,
44169614500,27.6775,0.0155,1.1755,0.6824,307.7742,7.2337,13.2220,
44183375600,27.6914,0.0162,1.1752,0.6867,310.2148,8.0703,13.1026,
44197335000,27.7053,0.0168,1.1749,0.6902,312.2617,8.7402,13.0131,
44211317100,27.7194,0.0156,1.1769,0.6921,313.9962,8.8015,13.5442,
44225252500,27.7332,0.0147,1.1785,0.6937,315.5282,8.9351,13.9099,
44239132200,27.7471,0.0139,1.1797,0.6952,316.9466,9.1085,14.1836,
44252992300,27.7611,0.0126,1.1820,0.6945,319.1529,11.2699,12.7369,
44267367900,27.7753,0.0114,1.1841,0.6940,321.2218,12.9252,11.7384,
44281206800,27.7890,0.0076,1.1898,0.6931,325.2456,17.7219,8.4703,
44294788000,27.8029,0.0046,1.1943,0.6926,328.4818,20.7633,6.6182,
44308759100,27.8167,0.0046,1.1965,0.6942,331.4582,23.8867,5.1427,
44322670700,27.8306,0.0045,1.1984,0.6954,333.9524,26.0699,4.2381,
44336570800,27.8445,0.0043,1.2001,0.6965,336.1926,27.7910,3.6157,
44350409700,27.8585,0.0046,1.2013,0.6976,337.4326,28.5540,3.3863,
44364483400,27.8725,0.0048,1.2025,0.6986,338.8423,29.4103,3.1503,
44378321900,27.8863,0.0067,1.2017,0.6996,338.7581,29.1122,3.5812,
44392195300,27.9003,0.0088,1.2011,0.7008,338.8617,28.9769,3.9001,
44406282500,27.9142,0.0106,1.2007,0.7021,339.1653,28.9224,4.2593,
44420544200,27.9285,0.0140,1.1985,0.7023,338.6912,28.1498,4.9699,
44433825300,27.9420,0.0168,1.1969,0.7026,338.3467,27.3636,5.7770,
44448162800,27.9561,0.0179,1.1959,0.7021,337.3152,26.2423,6.7744,
44462140600,27.9701,0.0189,1.1952,0.7018,336.6309,25.3788,7.6188,
44475617600,27.9838,0.0189,1.1950,0.7016,336.1923,25.0503,7.9825,
44489679800,27.9977,0.0190,1.1948,0.7016,335.9398,24.8393,8.2585,
44503675300,28.0116,0.0190,1.1947,0.7015,335.7896,24.6956,8.4788,
44517553400,28.0256,0.0191,1.1946,0.7014,335.7077,24.7179,8.5362,
44531771800,28.0399,0.0191,1.1944,0.7013,335.6612,24.7389,8.5816,
44545516700,28.0535,0.0190,1.1943,0.7012,335.6409,24.7838,8.5566,
44559418100,28.0673,0.0190,1.1943,0.7011,335.6240,24.8360,8.5298,
44573200400,28.0813,0.0189,1.1942,0.7009,335.6033,24.9273,8.4858,
44587200500,28.0952,0.0190,1.1941,0.7008,335.5860,24.9630,8.4867,
44601226300,28.1092,0.0191,1.1940,0.7006,335.5734,24.9979,8.4889,
44614913100,28.1230,0.0191,1.1939,0.7003,335.5318,25.0208,8.4860,
44628931000,28.1369,0.0193,1.1938,0.7000,335.4810,25.0502,8.4835,
44642862800,28.1508,0.0193,1.1939,0.6996,335.3043,25.1114,8.4652,
44656829900,28.1648,0.0194,1.1940,0.6991,335.0805,25.1890,8.4429,
44670752900,28.1788,0.0195,1.1940,0.6987,334.8414,25.2723,8.4201,
44684564700,28.1926,0.0196,1.1941,0.6984,334.7786,25.3404,8.3844,
44698596500,28.2066,0.0198,1.1941,0.6981,334.7352,25.3908,8.3581,
44712804800,28.2208,0.0198,1.1942,0.6977,334.7288,25.4410,8.3236,
44726608000,28.2345,0.0199,1.1943,0.6973,334.7245,25.4963,8.2854,
44740504800,28.2485,0.0199,1.1943,0.6970,334.7224,25.5644,8.2381,
44754102300,28.2622,0.0198,1.1944,0.6967,334.7650,25.6324,8.1604,
44768131900,28.2761,0.0197,1.1945,0.6964,334.8276,25.7226,8.0554,
44782164300,28.2901,0.0195,1.1946,0.6957,334.8854,25.8304,7.9635,
44795903500,28.3040,0.0192,1.1946,0.6951,334.9523,25.9459,7.8651,
44809946900,28.3179,0.0190,1.1947,0.6945,334.9590,26.0470,7.7519,
44824051600,28.3321,0.0188,1.1947,0.6940,334.9662,26.1492,7.6358,
44837964800,28.3459,0.0187,1.1948,0.6935,334.9742,26.2541,7.5149,
44851650600,28.3598,0.0188,1.1948,0.6929,334.9120,26.3344,7.4575,
44865672600,28.3736,0.0189,1.1949,0.6924,334.8415,26.4209,7.3963,
44879569100,28.3876,0.0190,1.1949,0.6919,334.7594,26.5171,7.3291,
44893382900,28.4015,0.0189,1.1951,0.6914,334.5098,26.5169,7.2915,
44907425700,28.4154,0.0189,1.1953,0.6908,334.1851,26.5092,7.2488,
44921919300,28.4299,0.0188,1.1956,0.6905,333.1796,26.4193,7.1890,
44934975900,28.4431,0.0188,1.1959,0.6902,332.1507,26.3157,7.1395,
44949642000,28.4575,0.0173,1.1969,0.6888,328.2402,26.7934,5.6616,
44963163400,28.4711,0.0158,1.1980,0.6872,325.2360,27.2363,4.4748,
44977240200,28.4852,0.0148,1.1979,0.6844,321.6794,28.0385,2.2801,
44990932100,28.4990,0.0140,1.1978,0.6820,319.0832,28.7381,0.6211,
45004955200,28.5128,0.0132,1.1977,0.6800,317.0436,29.3610,359.2791,
45019069300,28.5271,0.0133,1.1956,0.6772,313.0816,30.0806,357.0188,
45033465500,28.5415,0.0132,1.1938,0.6747,309.9652,30.9393,355.0063,
45046651400,28.5546,0.0143,1.1911,0.6743,305.4938,27.6748,357.0496,
45060710200,28.5686,0.0152,1.1887,0.6738,302.0683,25.4250,358.3466,
45074223100,28.5824,0.0159,1.1866,0.6732,299.2492,23.8035,359.1767,
45088599700,28.5966,0.0178,1.1827,0.6752,296.2100,18.4468,3.4653,
45102304200,28.6103,0.0193,1.1793,0.6766,293.6743,13.9540,7.0775,
45116071700,28.6241,0.0253,1.1756,0.6789,291.8782,6.7890,14.0541,
45130538700,28.6384,0.0297,1.1725,0.6804,290.2961,0.2135,20.3099,
45144130400,28.6521,0.0310,1.1733,0.6810,291.1872,358.6547,21.8982,
45157947900,28.6659,0.0320,1.1735,0.6813,291.5736,356.8364,23.6468,
45171981500,28.6800,0.0330,1.1736,0.6816,291.7202,354.5756,25.7672,
45185769100,28.6937,0.0329,1.1742,0.6818,292.0677,355.1910,25.1880,
45199728100,28.7077,0.0329,1.1749,0.6821,292.3467,355.5152,24.8695,
45213592900,28.7217,0.0322,1.1759,0.6817,293.1818,355.7966,24.3187,
45227622200,28.7355,0.0313,1.1769,0.6813,293.9062,355.6754,24.1249,
45241653600,28.7497,0.0307,1.1778,0.6810,294.4510,355.2665,24.2199,
45255480300,28.7636,0.0301,1.1779,0.6806,295.2338,357.3913,22.1295,
45269378500,28.7774,0.0296,1.1780,0.6804,295.9200,358.9822,20.5252,
45283402900,28.7913,0.0283,1.1785,0.6792,297.1864,1.7655,17.8920,
45297186100,28.8052,0.0269,1.1789,0.6780,298.2225,3.6992,16.0403,
45310966800,28.8191,0.0245,1.1793,0.6771,298.4009,4.6559,15.4171,
45325036800,28.8330,0.0225,1.1797,0.6762,298.5368,5.3065,14.9903,
45339206900,28.8471,0.0208,1.1799,0.6755,298.6527,5.8125,14.6559,
45352653300,28.8608,0.0206,1.1799,0.6755,298.8117,6.4456,14.3298,
45366765700,28.8748,0.0204,1.1798,0.6755,298.9776,7.0678,14.0095,
45380798900,28.8888,0.0203,1.1797,0.6755,299.0198,7.0495,14.1244,
45394862600,28.9029,0.0202,1.1796,0.6756,299.0515,7.0357,14.2055,
45408672600,28.9166,0.0201,1.1796,0.6756,299.0599,7.0280,14.2410,
45422570000,28.9305,0.0201,1.1796,0.6756,299.0693,7.0193,14.2787,
45436629300,28.9446,0.0200,1.1796,0.6756,299.0800,7.0097,14.3189,
45450399600,28.9585,0.0199,1.1794,0.6756,299.1465,6.9982,14.4139,
45464320900,28.9723,0.0199,1.1793,0.6757,299.2458,6.9817,14.5512,
45478252100,28.9862,0.0199,1.1791,0.6757,299.3664,6.9627,14.7129,
45492093800,29.0002,0.0199,1.1790,0.6756,299.3904,6.9311,14.8333,
45506140500,29.0140,0.0200,1.1790,0.6756,299.4118,6.9028,14.9397,
45519961900,29.0280,0.0200,1.1788,0.6756,299.3898,6.9016,15.0006,
45533851300,29.0420,0.0200,1.1787,0.6755,299.3654,6.9008,15.0635,
45547883300,29.0559,0.0199,1.1786,0.6755,299.3411,6.9220,15.0560,
45561810600,29.0697,0.0198,1.1784,0.6754,299.3146,6.9455,15.0451,
45575431000,29.0836,0.0197,1.1782,0.6754,299.2858,6.9714,15.0308,
45589500000,29.0974,0.0198,1.1769,0.6754,299.2999,7.0524,15.0163,
45603429200,29.1114,0.0198,1.1752,0.6754,299.3312,7.2232,14.9825,
45617481700,29.1253,0.0197,1.1743,0.6750,299.4990,7.3744,15.0428,
45631222100,29.1394,0.0196,1.1736,0.6747,299.7097,7.5554,15.1158,
45645260100,29.1532,0.0195,1.1721,0.6740,300.5737,7.7540,15.0606,
45659593900,29.1675,0.0193,1.1706,0.6734,301.5343,7.9547,15.0014,
45673551500,29.1816,0.0192,1.1692,0.6729,302.4429,8.1269,14.9471,
45686931900,29.1949,0.0182,1.1679,0.6726,303.0991,7.5769,15.3010,
45700715600,29.2086,0.0174,1.1667,0.6724,303.7070,7.1094,15.5900,
45714892300,29.2230,0.0162,1.1622,0.6717,305.8847,7.1242,15.6344,
45729097800,29.2370,0.0151,1.1584,0.6712,307.8507,7.1276,15.6714,
45742652600,29.2506,0.0143,1.1552,0.6707,309.4796,7.1226,15.6991,
45756668700,29.2646,0.0111,1.1493,0.6674,310.8419,7.1234,15.6844,
45770819100,29.2789,0.0087,1.1446,0.6650,312.0457,7.1177,15.6746,
45784455500,29.2923,0.0064,1.1421,0.6616,313.6813,7.2342,14.9044,
45798289300,29.3062,0.0047,1.1399,0.6590,315.2117,7.2964,14.2914,
45812187300,29.3203,0.0037,1.1379,0.6550,316.4814,7.1682,14.7247,
45826131000,29.3341,0.0027,1.1359,0.6517,317.6977,7.0729,15.0465,
45840779600,29.3486,0.0017,1.1340,0.6489,318.8947,6.9980,15.2978,
45853911600,29.3620,0.0025,1.1336,0.6461,319.3765,6.0777,16.2795,
45867928400,29.3759,0.0029,1.1329,0.6435,319.9724,5.2817,17.1279,
45881983300,29.3899,0.0039,1.1340,0.6427,319.8658,4.9772,17.3480,
45895687300,29.4037,0.0047,1.1347,0.6417,319.8445,4.7346,17.5255,
45910250100,29.4182,0.0058,1.1351,0.6412,319.6978,4.5146,17.6765,
45923628400,29.4316,0.0067,1.1354,0.6406,319.5753,4.2575,17.8549,
45937550800,29.4454,0.0075,1.1354,0.6398,319.4871,3.9808,18.0485,
45951798700,29.4599,0.0085,1.1352,0.6385,319.5190,3.9254,18.0970,
45965713900,29.4737,0.0094,1.1349,0.6370,319.5530,3.8842,18.1333,
45979227800,29.4872,0.0094,1.1344,0.6364,319.6037,3.8771,18.1328,
45993020600,29.5012,0.0094,1.1338,0.6358,319.7169,3.8639,18.1312,
46007728500,29.5156,0.0094,1.1332,0.6350,319.9119,3.8443,18.1276,
46021177900,29.5291,0.0088,1.1321,0.6345,320.3226,3.5412,18.1582,
46034856300,29.5430,0.0083,1.1309,0.6338,320.8244,3.1896,18.1891,
46049988200,29.5579,0.0074,1.1302,0.6331,321.9549,2.7657,17.8812,
46063414700,29.5713,0.0067,1.1295,0.6323,323.0466,2.3643,17.5831,
46076860700,29.5848,0.0061,1.1297,0.6320,323.9435,2.5941,17.0326,
46091091000,29.5992,0.0055,1.1298,0.6317,324.7429,2.7670,16.5693,
46104958200,29.6129,0.0049,1.1298,0.6313,325.4776,2.9019,16.1638,
46118641500,29.6265,0.0043,1.1301,0.6310,326.0370,3.5538,15.5305,
46132600100,29.6407,0.0038,1.1304,0.6306,326.6094,4.1325,14.9446,
46146888000,29.6548,0.0032,1.1306,0.6301,327.1895,4.6510,14.3987,
46160606300,29.6686,0.0028,1.1309,0.6301,327.5455,5.2424,14.1257,
46174665100,29.6827,0.0025,1.1312,0.6301,327.9226,5.7845,13.8539,
46188616600,29.6965,0.0025,1.1313,0.6302,327.9525,6.3259,13.5494,
46202199800,29.7102,0.0024,1.1314,0.6304,328.0245,6.8482,13.2418,
46215931200,29.7240,0.0023,1.1318,0.6310,327.9540,7.1442,13.0741,
46230008300,29.7379,0.0022,1.1322,0.6317,327.9138,7.4265,12.9062,
46243906400,29.7519,0.0022,1.1322,0.6317,327.9567,7.6359,12.8507,
46257838400,29.7657,0.0023,1.1322,0.6317,328.0160,7.8542,12.7866,
46271774100,29.7799,0.0023,1.1322,0.6317,328.0938,8.0929,12.7112,
46285778300,29.7937,0.0024,1.1320,0.6317,328.2394,8.1068,12.7346,
46299983800,29.8078,0.0025,1.1318,0.6317,328.4234,8.1268,12.7583,
46313511700,29.8217,0.0024,1.1316,0.6317,328.4775,8.0464,12.8662,
46327886800,29.8358,0.0023,1.1313,0.6316,328.5493,7.9462,13.0000,
46341985300,29.8498,0.0022,1.1309,0.6316,328.6438,7.8212,13.1661,
46355510200,29.8636,0.0018,1.1294,0.6306,328.6159,7.7324,13.2815,
46369172200,29.8772,0.0014,1.1278,0.6296,328.5871,7.6377,13.4040,
46383417800,29.8914,0.0000,1.1237,0.6268,328.3343,7.6165,13.5076,
46397406900,29.9053,-0.0012,1.1204,0.6245,327.9533,7.5895,13.6563,
46410938200,29.9190,-0.0041,1.1160,0.6187,327.8970,7.6073,13.6767,
46424830900,29.9328,-0.0063,1.1126,0.6144,327.8656,7.6194,13.6860,
46438733700,29.9467,-0.0080,1.1100,0.6111,327.8402,7.6308,13.6921,
46453096000,29.9611,-0.0124,1.1046,0.6058,327.8757,7.6730,13.6380,
46467070300,29.9750,-0.0158,1.1003,0.6016,327.9235,7.7282,13.5664,
46480415900,29.9884,-0.0185,1.0966,0.5979,328.0351,7.8542,13.4013,
46494297200,30.0024,-0.0249,1.0942,0.5939,328.8232,8.4845,12.5886,
46508559600,30.0163,-0.0300,1.0918,0.5903,329.6932,9.1485,11.7212,
46522400700,30.0304,-0.0343,1.0897,0.5879,330.6912,10.4089,9.8367,
46536548000,30.0445,-0.0379,1.0877,0.5855,331.5698,11.4267,8.2897,
46550077300,30.0582,-0.0403,1.0865,0.5849,331.8955,12.1542,7.1639,
46564487600,30.0724,-0.0425,1.0851,0.5838,332.2044,12.7507,6.2351,
46578021300,30.0860,-0.0436,1.0847,0.5839,332.3752,12.9270,5.8605,
46592252400,30.1003,-0.0448,1.0841,0.5837,332.5416,13.0971,5.5141,
46605963000,30.1139,-0.0463,1.0832,0.5832,332.7216,13.2793,5.1526,
46619880700,30.1278,-0.0470,1.0822,0.5834,332.8542,13.2448,5.0928,
46633852500,30.1420,-0.0480,1.0810,0.5835,332.9895,13.2265,5.0152,
46647929600,30.1559,-0.0482,1.0795,0.5847,333.1080,12.7716,5.1798,
46661923000,30.1699,-0.0487,1.0778,0.5856,333.2963,12.1340,5.3865,
46675313400,30.1834,-0.0494,1.0760,0.5863,333.5176,11.4615,5.5793,
46689601300,30.1976,-0.0486,1.0749,0.5874,333.3395,10.4193,6.4925,
46703717000,30.2116,-0.0481,1.0737,0.5882,333.1997,9.4036,7.3611,
46717178900,30.2252,-0.0462,1.0746,0.5889,332.2352,9.0173,8.6350,
46731110300,30.2392,-0.0443,1.0754,0.5896,331.3499,8.6050,9.8506,
46745025100,30.2530,-0.0385,1.0791,0.5924,329.6231,9.0897,11.0115,
46759219900,30.2672,-0.0342,1.0818,0.5946,328.1631,9.4286,12.0264,
46772777700,30.2809,-0.0312,1.0834,0.5960,326.9776,9.6494,12.8805,
46786939400,30.2948,-0.0281,1.0892,0.5999,326.6474,10.1992,12.5021,
46800815800,30.3087,-0.0256,1.0933,0.6029,326.3329,10.6139,12.2740,
46814492300,30.3226,-0.0221,1.1000,0.6062,326.7620,11.0629,11.8988,
46828585400,30.3365,-0.0193,1.1052,0.6088,327.3459,11.7258,11.3945,
46842792900,30.3507,-0.0169,1.1093,0.6111,327.9153,12.4262,10.9113,
46856515300,30.3645,-0.0150,1.1147,0.6130,329.2481,13.9035,10.0478,
46870573000,30.3787,-0.0132,1.1192,0.6147,330.3622,15.1659,9.3753,
46884308100,30.3923,-0.0097,1.1203,0.6151,331.2868,16.6494,9.1325,
46898615800,30.4065,-0.0068,1.1218,0.6158,332.0332,17.8766,8.9558,
46912260500,30.4204,-0.0027,1.1210,0.6162,332.4926,19.0566,9.6538,
46926008200,30.4340,0.0010,1.1209,0.6168,332.9056,20.1387,10.2262,
46940137200,30.4480,0.0045,1.1213,0.6176,333.2771,21.1272,10.7009,
46954344500,30.4624,0.0053,1.1202,0.6188,332.4181,20.6802,11.7225,
46968359800,30.4763,0.0063,1.1196,0.6200,331.6156,20.3355,12.7787,
46981745900,30.4897,0.0055,1.1184,0.6207,329.9084,19.6023,13.8024,
46995871100,30.5040,0.0050,1.1173,0.6216,328.4648,19.0330,14.7699,
47009608400,30.5175,0.0028,1.1160,0.6227,327.5441,18.3791,15.2961,
47023674700,30.5317,0.0011,1.1149,0.6239,326.7913,17.8958,15.7827,
47037368800,30.5454,-0.0001,1.1142,0.6250,326.1329,17.5105,16.2494,
47051253400,30.5594,-0.0025,1.1136,0.6261,325.8718,17.1308,16.0766,
47065551000,30.5733,-0.0043,1.1133,0.6271,325.5892,16.7831,15.9678,
47079201300,30.5871,-0.0057,1.1130,0.6281,325.2800,16.4478,15.9060,
47092928700,30.6011,-0.0087,1.1130,0.6297,325.2168,15.8096,15.5880,
47107015700,30.6150,-0.0112,1.1131,0.6312,325.1057,15.1714,15.3148,
47121200100,30.6291,-0.0139,1.1132,0.6320,325.3883,14.6694,14.8458,
47135134400,30.6432,-0.0160,1.1132,0.6328,325.5988,14.2016,14.4523,
47148931000,30.6569,-0.0180,1.1138,0.6349,325.8835,13.8544,14.0644,
47162724600,30.6707,-0.0198,1.1142,0.6369,326.1063,13.5305,13.7374,
47177215400,30.6851,-0.0212,1.1150,0.6391,326.2343,13.2583,13.5214,
47190561300,30.6987,-0.0224,1.1157,0.6412,326.3351,13.0019,13.3334,
47204631400,30.7126,-0.0236,1.1163,0.6431,326.4196,12.7495,13.1598,
47218467300,30.7265,-0.0246,1.1179,0.6452,326.2915,12.6791,13.0048,
47232370700,30.7405,-0.0257,1.1193,0.6473,326.1649,12.6001,12.8541,
47247250200,30.7552,-0.0296,1.1230,0.6489,325.7144,12.2567,12.6209,
47260401800,30.7683,-0.0330,1.1261,0.6506,325.2073,11.8592,12.3629,
47274051400,30.7822,-0.0358,1.1286,0.6521,324.7094,11.4593,12.1142,
47288286100,30.7961,-0.0359,1.1289,0.6525,324.8289,11.4099,12.0861,
47302055800,30.8100,-0.0361,1.1292,0.6529,324.8925,11.3755,12.0677,
47316022600,30.8241,-0.0360,1.1297,0.6547,325.1670,11.2120,11.9802,
47329927800,30.8379,-0.0360,1.1304,0.6569,325.5242,10.9797,11.8571,
47344174600,30.8520,-0.0359,1.1322,0.6617,325.8123,10.9791,11.6418,
47357932600,30.8659,-0.0361,1.1340,0.6660,326.0807,10.9707,11.4313,
47371514500,30.8797,-0.0364,1.1355,0.6696,326.3337,10.9558,11.2240,
47385536600,30.8935,-0.0358,1.1368,0.6743,326.6036,10.9935,11.1508,
47399755800,30.9076,-0.0355,1.1381,0.6783,326.8624,11.0257,11.0765,
47413256800,30.9214,-0.0358,1.1404,0.6850,326.9554,10.9562,11.1467,
47427264900,30.9352,-0.0362,1.1424,0.6905,327.0343,10.8940,11.2066,
47441383500,30.9494,-0.0367,1.1441,0.6951,327.1147,10.8278,11.2679,
47455108000,30.9632,-0.0371,1.1456,0.6994,327.0761,10.5219,11.7779,
47469371100,30.9774,-0.0376,1.1471,0.7033,327.0182,10.0761,12.5148,
47483284800,30.9913,-0.0366,1.1472,0.7059,326.7452,9.3448,13.6120,
47496926100,31.0049,-0.0360,1.1475,0.7086,326.4860,8.6282,14.6762,
47510715400,31.0188,-0.0359,1.1491,0.7094,326.5055,8.5402,14.8652,
47524785600,31.0328,-0.0359,1.1507,0.7108,326.5142,8.4776,14.9940,
47538722800,31.0467,-0.0359,1.1524,0.7125,326.5185,8.4255,15.0978,
47552592300,31.0607,-0.0362,1.1537,0.7136,326.5576,8.4647,15.0574,
47567049700,31.0749,-0.0365,1.1550,0.7149,326.5995,8.5063,15.0149,
47580411500,31.0884,-0.0366,1.1556,0.7157,327.4406,9.1508,14.7231,
47594220300,31.1024,-0.0366,1.1564,0.7167,328.4651,9.9133,14.4002,
47608334400,31.1163,-0.0367,1.1572,0.7180,329.4125,10.5983,14.1312,
47622381400,31.1303,-0.0370,1.1574,0.7179,331.0089,11.6265,13.1456,
47636016200,31.1442,-0.0373,1.1576,0.7180,332.3739,12.4609,12.3725,
47650142300,31.1581,-0.0373,1.1576,0.7179,333.2137,13.4533,12.0841,
47664239800,31.1722,-0.0373,1.1576,0.7179,333.9560,14.2693,11.8447,
47678012900,31.1859,-0.0372,1.1576,0.7178,334.0057,14.8752,11.7039,
47691714700,31.1999,-0.0372,1.1576,0.7178,334.1063,15.4211,11.5693,
47705719300,31.2137,-0.0371,1.1576,0.7177,334.2504,15.9673,11.4297,
47719721200,31.2276,-0.0372,1.1575,0.7176,334.1057,15.9998,11.5557,
47733581600,31.2417,-0.0372,1.1574,0.7174,333.9877,16.0518,11.6683,
47747680000,31.2557,-0.0373,1.1573,0.7169,333.8910,16.0493,11.7794,
47761651600,31.2696,-0.0374,1.1573,0.7163,333.8022,16.0609,11.8927,
47775699100,31.2837,-0.0374,1.1573,0.7151,333.7783,16.0583,11.9327,
47789354500,31.2973,-0.0373,1.1573,0.7140,333.7665,16.0607,11.9585,
47803151300,31.3112,-0.0373,1.1574,0.7130,333.7581,16.0669,11.9843,
47817179800,31.3252,-0.0376,1.1579,0.7113,333.8146,16.0669,11.9706,
47831073000,31.3392,-0.0378,1.1584,0.7097,333.8985,16.0702,11.9482,
47845365100,31.3533,-0.0378,1.1586,0.7085,333.9143,16.0666,11.9302,
47859145500,31.3671,-0.0378,1.1588,0.7075,333.9326,16.0646,11.9089,
47872642000,31.3808,-0.0378,1.1590,0.7066,333.9536,16.0641,11.8844,
47886719300,31.3947,-0.0378,1.1591,0.7060,333.9658,16.0367,11.8616,
47900946000,31.4088,-0.0378,1.1593,0.7054,333.9823,16.0021,11.8309,
47914491600,31.4226,-0.0377,1.1592,0.7052,333.9626,15.9740,11.8468,
47928513200,31.4365,-0.0376,1.1592,0.7051,333.9406,15.9447,11.8648,
47942667100,31.4507,-0.0375,1.1591,0.7049,333.9165,15.9145,11.8847,
47956468600,31.4644,-0.0374,1.1590,0.7048,333.9158,15.9019,11.9182,
47970418200,31.4785,-0.0373,1.1589,0.7047,333.9154,15.8900,11.9544,
47984440100,31.4925,-0.0372,1.1588,0.7045,333.8843,15.9021,11.9614,
47998133100,31.5062,-0.0370,1.1587,0.7042,333.8504,15.9171,11.9679,
48012483100,31.5205,-0.0367,1.1584,0.7039,333.8674,15.9287,11.9678,
48026086800,31.5341,-0.0363,1.1581,0.7035,333.8874,15.9424,11.9667,
48040031700,31.5479,-0.0359,1.1578,0.7031,333.9102,15.9582,11.9647,
48053655100,31.5618,-0.0358,1.1578,0.7029,333.8923,15.9543,11.9496,
48067912100,31.5758,-0.0357,1.1578,0.7028,333.8732,15.9503,11.9324,
48081682300,31.5897,-0.0357,1.1579,0.7026,333.8427,15.9631,11.9064,
48095450000,31.6036,-0.0357,1.1580,0.7024,333.8100,15.9774,11.8778,
48109630500,31.6176,-0.0356,1.1582,0.7022,333.7733,15.9942,11.8449,
48123594200,31.6315,-0.0356,1.1583,0.7021,333.6257,16.2492,11.6679,
48137561500,31.6455,-0.0355,1.1585,0.7020,333.4227,16.6119,11.4176,
48151649600,31.6598,-0.0353,1.1587,0.7020,333.4370,16.9433,11.2959,
48165411200,31.6734,-0.0351,1.1589,0.7020,333.4574,17.2805,11.1745,
48179252700,31.6872,-0.0346,1.1590,0.7019,333.4926,17.8422,11.0106,
48192903900,31.7010,-0.0340,1.1591,0.7018,333.5361,18.4286,10.8428,
48207049200,31.7150,-0.0333,1.1592,0.7017,333.5842,18.9961,10.6836,
48220810300,31.7288,-0.0326,1.1595,0.7016,333.6773,19.5484,10.5798,
48234971800,31.7430,-0.0319,1.1598,0.7015,333.7690,20.0712,10.4837,
48248709100,31.7567,-0.0312,1.1601,0.7010,333.5654,20.3426,10.3743,
48262629600,31.7706,-0.0304,1.1603,0.7005,333.3785,20.6053,10.2700,
48276595900,31.7846,-0.0297,1.1605,0.7000,333.1934,20.8780,10.1631,
48290587300,31.7986,-0.0296,1.1602,0.6987,332.9083,21.0017,9.9221,
48304418100,31.8124,-0.0294,1.1598,0.6974,332.5973,21.1483,9.6552,
48318460200,31.8264,-0.0297,1.1590,0.6957,332.0419,20.6154,9.3615,
48332026600,31.8402,-0.0299,1.1582,0.6941,331.4146,20.0272,9.0343,
48346319800,31.8543,-0.0314,1.1554,0.6891,331.0082,17.0135,9.7349,
48360124700,31.8681,-0.0325,1.1531,0.6849,330.6655,14.3608,10.3608,
48373879500,31.8820,-0.0333,1.1514,0.6817,330.4028,12.2680,10.8593,
48387948300,31.8959,-0.0378,1.1488,0.6758,330.8142,9.0800,11.9791,
48402054400,31.9100,-0.0410,1.1468,0.6712,331.1175,6.5428,12.8250,
48415807200,31.9239,-0.0421,1.1411,0.6666,331.1818,5.1873,13.2362,
48430293400,31.9383,-0.0432,1.1367,0.6627,331.2358,3.9428,13.6050,
48443659600,31.9516,-0.0442,1.1332,0.6593,331.2884,2.7063,13.9657,
48457896800,31.9658,-0.0413,1.1267,0.6589,331.2258,2.9574,13.6623,
48471530400,31.9797,-0.0395,1.1214,0.6579,331.1689,3.1183,13.3950,
48485665400,31.9937,-0.0373,1.1178,0.6579,331.0654,3.5781,13.0584,
48499268500,32.0073,-0.0359,1.1147,0.6573,330.9442,4.0382,12.6786,
48513098400,32.0212,-0.0354,1.1152,0.6572,331.1982,4.6750,12.2671,
48527120500,32.0351,-0.0352,1.1154,0.6570,331.4542,5.2046,11.8970,
48541261100,32.0492,-0.0349,1.1154,0.6567,331.6898,5.6047,11.5903,
48555176700,32.0633,-0.0334,1.1180,0.6553,332.1875,5.8429,11.4083,
48568943700,32.0769,-0.0318,1.1204,0.6536,332.6783,6.0226,11.2459,
48583491200,32.0914,-0.0300,1.1241,0.6536,332.9467,6.1895,11.3371,
48597284400,32.1053,-0.0287,1.1267,0.6532,333.1977,6.3137,11.4266,
48610967800,32.1191,-0.0276,1.1284,0.6528,333.4430,6.4091,11.5174,
48624683000,32.1326,-0.0255,1.1313,0.6528,333.4744,6.3773,11.6382,
48639025300,32.1470,-0.0238,1.1336,0.6526,333.5052,6.3415,11.7451,
48652282400,32.1604,-0.0208,1.1357,0.6531,333.1261,6.5848,12.1173,
48666481600,32.1745,-0.0184,1.1373,0.6533,332.6034,6.9021,12.6347,
48680425900,32.1884,-0.0163,1.1393,0.6548,331.1474,8.2321,12.6527,
48694128800,32.2023,-0.0145,1.1410,0.6559,329.8379,9.4290,12.6417,
48708660400,32.2164,-0.0129,1.1424,0.6566,328.7696,10.4056,12.6140,
48722522900,32.2305,-0.0105,1.1446,0.6580,327.5860,12.8264,11.6755,
48735950000,32.2440,-0.0084,1.1465,0.6591,326.6004,14.8192,10.8940,
48750279600,32.2582,-0.0064,1.1477,0.6589,327.0707,17.2851,11.0525,
48763960300,32.2719,-0.0045,1.1487,0.6588,327.3075,19.3592,11.1375,
48777831800,32.2858,-0.0047,1.1488,0.6589,326.6379,19.4824,11.3391,
48791598100,32.2997,-0.0049,1.1489,0.6589,326.0852,19.7204,11.4699,
48805651200,32.3136,-0.0049,1.1490,0.6590,325.5285,20.0668,11.5716,
48819535500,32.3275,-0.0068,1.1486,0.6595,324.9999,19.5949,11.7951,
48833655600,32.3418,-0.0092,1.1483,0.6602,324.3904,19.1835,12.0310,
48847618900,32.3555,-0.0143,1.1457,0.6607,324.0308,18.0247,12.4150,
48861573500,32.3696,-0.0183,1.1438,0.6612,323.6305,16.9552,12.7995,
48875512900,32.3835,-0.0224,1.1415,0.6619,324.0965,15.3950,13.2885,
48889381400,32.3974,-0.0254,1.1398,0.6623,324.4790,14.0337,13.7231,
48903369500,32.4112,-0.0277,1.1386,0.6627,324.7715,12.9149,14.0893,
48916987400,32.4250,-0.0311,1.1381,0.6606,324.9397,11.7699,14.3203,
48930695600,32.4388,-0.0340,1.1376,0.6589,325.0719,10.7814,14.5335,
48945372000,32.4533,-0.0365,1.1372,0.6577,325.1786,9.9111,14.7320,
48959205000,32.4671,-0.0372,1.1360,0.6553,325.1028,9.8961,14.6224,
48973145100,32.4810,-0.0380,1.1349,0.6533,325.0567,9.8638,14.5643,
48987047400,32.4950,-0.0390,1.1332,0.6496,324.6231,10.2148,14.0620,
49000903600,32.5089,-0.0401,1.1316,0.6464,324.0037,10.6858,13.3469,
49014683200,32.5227,-0.0422,1.1287,0.6392,320.8526,13.8345,10.4270,
49028823400,32.5368,-0.0440,1.1265,0.6336,318.4371,16.5229,7.8730,
49042464800,32.5505,-0.0457,1.1246,0.6292,316.7345,18.5777,5.8808,
49057024700,32.5650,-0.0469,1.1176,0.6237,315.3871,26.1705,359.9905,
49070550600,32.5786,-0.0481,1.1123,0.6191,314.6087,31.5880,355.6444,
49084041400,32.5920,-0.0532,1.1064,0.6116,312.9833,35.2291,351.9234,
49098361500,32.6062,-0.0573,1.1015,0.6054,311.8864,38.4685,348.7091,
49112110600,32.6202,-0.0607,1.0973,0.5999,311.0769,41.5363,345.7182,
49126162300,32.6341,-0.0700,1.0949,0.5934,310.0270,46.0238,341.6797,
49140016300,32.6480,-0.0774,1.0923,0.5877,309.3214,50.2477,337.8236,
49153772500,32.6619,-0.0869,1.0848,0.5816,309.7300,53.2516,334.8719,
49167862700,32.6759,-0.0947,1.0786,0.5760,310.0462,56.2730,331.9457,
49181879300,32.6897,-0.1010,1.0686,0.5689,309.9776,56.7759,332.2556,
49195413500,32.7035,-0.1068,1.0604,0.5624,309.9179,57.6944,332.0384,
49209085600,32.7171,-0.1109,1.0498,0.5567,310.1247,57.4769,332.3168,
49223188800,32.7311,-0.1152,1.0409,0.5512,310.3394,57.4299,332.4435,
49237572800,32.7454,-0.1195,1.0330,0.5459,310.5971,57.5524,332.4334,
49251545900,32.7596,-0.1216,1.0208,0.5401,311.9514,56.6374,333.3730,
49265480400,32.7735,-0.1244,1.0104,0.5345,313.3379,56.0568,334.0078,
49279190400,32.7872,-0.1319,1.0052,0.5267,318.5862,54.3041,335.6822,
49293037100,32.8011,-0.1385,0.9995,0.5196,322.3424,53.5428,336.4242,
49307321000,32.8152,-0.1444,0.9935,0.5130,324.9887,53.2695,336.7125,
49321236200,32.8292,-0.1504,0.9881,0.5070,328.8410,52.7942,338.9414,
49334839400,32.8429,-0.1561,0.9824,0.5011,331.8209,52.6872,340.2606,
49349317600,32.8572,-0.1666,0.9765,0.5013,334.3889,52.0976,339.9361,
49363236500,32.8712,-0.1755,0.9705,0.4998,336.6765,51.7462,339.7509,
49376717900,32.8846,-0.1875,0.9696,0.5015,340.8806,50.7181,337.9609,
49390638500,32.8987,-0.1979,0.9672,0.5015,344.3035,49.9597,336.7414,
49404663200,32.9125,-0.2072,0.9638,0.5003,347.1631,49.3877,335.8768,
49418773800,32.9267,-0.2195,0.9726,0.5057,350.5580,47.0041,333.4383,
49432391900,32.9405,-0.2305,0.9776,0.5086,353.2786,45.3516,331.7233,
49446198400,32.9542,-0.2405,0.9801,0.5101,355.5950,44.1072,330.4158,
49460213200,32.9681,-0.2459,0.9906,0.5189,359.5704,42.7042,328.3488,
49473711600,32.9818,-0.2520,0.9975,0.5248,2.5839,41.5165,326.7610,
49488189900,32.9961,-0.2491,1.0018,0.5323,7.0088,40.6097,325.4504,
49501681500,33.0097,-0.2493,1.0048,0.5377,10.2664,39.7232,324.3017,
49515555300,33.0236,-0.2441,0.9989,0.5391,14.6869,37.5523,322.6378,
49529290300,33.0373,-0.2414,0.9940,0.5406,17.8638,35.8836,321.2226,
49543269900,33.0512,-0.2405,0.9905,0.5419,20.3821,34.4775,319.9519,
49556731600,33.0647,-0.2371,0.9814,0.5440,22.3613,32.2385,317.4785,
49570962800,33.0790,-0.2356,0.9746,0.5459,24.1984,30.2948,315.3839,
49584967700,33.0929,-0.2378,0.9618,0.5462,25.3866,29.1821,313.8815,
49598900200,33.1069,-0.2401,0.9519,0.5467,26.6831,27.9542,312.3687,
49612405700,33.1205,-0.2409,0.9448,0.5447,28.1589,26.0660,314.7051,
49626715000,33.1346,-0.2421,0.9385,0.5436,29.9323,24.0663,316.2129,
49640618700,33.1485,-0.2437,0.9328,0.5430,31.6945,22.1902,316.9341,
49654327800,33.1624,-0.2472,0.9329,0.5427,31.1790,21.5696,317.1103,
49668202400,33.1761,-0.2502,0.9319,0.5427,31.0992,20.8500,317.1290,
49682299900,33.1902,-0.2519,0.9367,0.5394,30.7325,20.8316,317.0235,
49695821600,33.2039,-0.2541,0.9403,0.5362,30.4774,20.7007,316.8826,
49709972900,33.2179,-0.2562,0.9424,0.5339,30.2982,20.4583,316.6983,
49724664300,33.2326,-0.2575,0.9452,0.5276,29.5209,21.4569,316.4004,
49738075100,33.2459,-0.2590,0.9466,0.5231,28.7903,22.4186,315.9893,
49751761900,33.2599,-0.2592,0.9487,0.5167,28.4250,25.1972,315.8343,
49765711000,33.2736,-0.2599,0.9498,0.5119,28.2733,27.2230,315.6377,
49779544100,33.2875,-0.2609,0.9504,0.5082,28.2636,28.6235,315.4412,
49793181900,33.3012,-0.2624,0.9526,0.5057,28.6957,29.3532,314.8799,
49807594000,33.3156,-0.2639,0.9540,0.5034,29.0856,29.9589,314.4138,
49821400300,33.3294,-0.2652,0.9556,0.5017,29.6372,31.1226,313.4937,
49835043200,33.3432,-0.2666,0.9569,0.4999,30.1748,32.1524,312.6839,
49849315900,33.3572,-0.2682,0.9582,0.4983,30.7600,32.8106,312.2109,
49863169200,33.3711,-0.2699,0.9594,0.4966,31.2881,33.4095,311.7786,
49876971900,33.3849,-0.2716,0.9604,0.4947,31.7938,33.9850,311.3625,
49890994500,33.3991,-0.2724,0.9601,0.4937,31.7358,34.3869,311.2588,
49905012400,33.4129,-0.2732,0.9600,0.4925,31.7382,34.7843,311.1267,
49918873500,33.4268,-0.2747,0.9574,0.4902,31.6336,34.9052,311.2206,
49932553800,33.4407,-0.2764,0.9550,0.4877,31.5622,35.0290,311.2839,
49946743100,33.4547,-0.2775,0.9525,0.4850,31.3558,35.1976,311.2906,
49961086800,33.4690,-0.2787,0.9505,0.4826,31.1196,35.4335,311.2769,
49974245100,33.4824,-0.2798,0.9488,0.4803,30.8793,35.7195,311.2398,
49988053600,33.4960,-0.2810,0.9472,0.4781,30.5603,35.9722,311.1208,
50002438000,33.5104,-0.2821,0.9458,0.4760,30.2576,36.2502,310.9817,
50016563300,33.5245,-0.2829,0.9457,0.4743,29.7984,36.5102,310.7090,
50030028800,33.5381,-0.2837,0.9455,0.4726,29.3654,36.7881,310.4245,
50043958800,33.5519,-0.2847,0.9453,0.4708,28.9726,37.0697,310.1416,
50058233600,33.5662,-0.2853,0.9449,0.4688,28.7415,37.1959,309.9462,
50072290000,33.5803,-0.2861,0.9445,0.4667,28.5400,37.3233,309.7621,
50086197600,33.5942,-0.2870,0.9441,0.4635,28.4495,37.3608,309.7943,
50100299300,33.6083,-0.2880,0.9437,0.4603,28.3818,37.3941,309.8127,
50113794700,33.6219,-0.2898,0.9441,0.4557,28.3451,37.3819,309.8290,
50127918700,33.6358,-0.2914,0.9444,0.4515,28.3019,37.3698,309.8455,
50141952600,33.6499,-0.2928,0.9444,0.4480,28.2458,37.3566,309.8643,
50155847100,33.6640,-0.2950,0.9444,0.4417,28.2244,37.3456,309.8750,
50169641600,33.6776,-0.2968,0.9443,0.4366,28.2019,37.3351,309.8847,
50183796700,33.6917,-0.2996,0.9444,0.4306,28.1506,37.2997,309.9360,
50197294600,33.7052,-0.3019,0.9445,0.4255,28.0741,37.2480,310.0116,
50211566400,33.7196,-0.3054,0.9425,0.4190,28.0598,37.2861,310.0331,
50225594600,33.7335,-0.3083,0.9410,0.4133,28.0457,37.3298,310.0549,
50239469800,33.7474,-0.3108,0.9399,0.4081,28.0319,37.3790,310.0767,
50253256400,33.7614,-0.3153,0.9415,0.4007,27.8891,37.5543,310.0475,
50267723600,33.7757,-0.3190,0.9426,0.3942,27.6824,37.8155,309.9959,
50281046900,33.7890,-0.3231,0.9429,0.3864,27.2741,38.2277,309.7076,
50295123000,33.8031,-0.3266,0.9431,0.3795,26.8551,38.6605,309.3922,
50309002000,33.8170,-0.3299,0.9432,0.3731,26.4706,39.0670,309.0853,
50322770900,33.8307,-0.3330,0.9442,0.3662,26.3360,39.1141,309.0327,
50336980700,33.8449,-0.3360,0.9448,0.3598,26.2409,39.1520,308.9895,
50350914600,33.8589,-0.3379,0.9462,0.3509,25.9955,39.2984,308.9511,
50364743400,33.8727,-0.3401,0.9471,0.3430,25.7105,39.4727,308.8986,
50378815200,33.8868,-0.3424,0.9479,0.3356,25.4063,39.6628,308.8349,
50392637800,33.9007,-0.3448,0.9496,0.3281,25.5509,39.9122,309.0264,
50406496400,33.9144,-0.3473,0.9510,0.3210,25.7572,40.2859,309.3039,
50420605400,33.9286,-0.3502,0.9515,0.3129,26.4264,41.1149,309.8009,
50434231900,33.9423,-0.3530,0.9520,0.3053,27.1031,41.9882,310.3183,
50448539700,33.9564,-0.3545,0.9504,0.2960,27.5808,42.3840,310.6364,
50462300100,33.9702,-0.3562,0.9494,0.2875,27.9806,42.7315,310.9057,
50475949200,33.9841,-0.3582,0.9487,0.2793,28.3364,43.0537,311.1478,
50490137300,33.9981,-0.3599,0.9426,0.2671,28.3580,43.0532,311.1200,
50504135800,34.0121,-0.3619,0.9382,0.2562,28.3705,43.0567,311.1090,
50517914400,34.0258,-0.3658,0.9338,0.2426,28.3347,43.0657,311.0629,
50531979200,34.0401,-0.3693,0.9304,0.2305,28.2732,43.0865,310.9823,
50545910900,34.0538,-0.3734,0.9272,0.2184,27.9533,43.2852,310.7726,
50560259600,34.0681,-0.3770,0.9244,0.2072,27.5601,43.5480,310.5180,
50573810100,34.0818,-0.3804,0.9220,0.1965,27.1681,43.8280,310.2666,
50587519800,34.0955,-0.3853,0.9240,0.1836,26.7221,44.4609,309.8008,
50601117600,34.1091,-0.3896,0.9250,0.1716,26.3110,45.0675,309.3681,
50615139500,34.1232,-0.3919,0.9254,0.1620,26.2734,46.0754,309.8105,
50629685500,34.1376,-0.3945,0.9253,0.1522,26.2237,47.0276,310.2106,
50643259700,34.1512,-0.3972,0.9250,0.1424,26.1652,47.9233,310.5717,
50656872800,34.1648,-0.3982,0.9281,0.1330,26.6583,49.0676,310.8128,
50670784300,34.1789,-0.3998,0.9302,0.1234,27.0891,50.1687,311.0543,
50684749900,34.1926,-0.3998,0.9373,0.1159,27.3600,51.0889,311.0656,
50699364900,34.2073,-0.4005,0.9423,0.1077,27.5922,51.9400,311.0953,
50712453500,34.2205,-0.4018,0.9461,0.0992,27.7973,52.7440,311.1382,
50726399400,34.2343,-0.4034,0.9481,0.0909,27.8404,53.9277,311.0476,
50740415000,34.2483,-0.4052,0.9499,0.0823,27.8943,55.0670,310.9837,
50753998700,34.2621,-0.4065,0.9467,0.0754,27.4850,55.7448,310.9662,
50768085000,34.2760,-0.4081,0.9449,0.0678,27.1501,56.4060,310.9543,
50782053000,34.2900,-0.4097,0.9428,0.0628,26.6399,57.1540,310.9691,
50795660200,34.3037,-0.4115,0.9415,0.0568,26.1749,57.9199,310.9807,
50810059500,34.3180,-0.4133,0.9407,0.0500,25.7537,58.6856,310.9887,
50823581800,34.3315,-0.4154,0.9412,0.0456,24.6827,59.3155,310.5956,
50837985800,34.3460,-0.4175,0.9417,0.0402,23.7174,59.9812,310.2417,
50851304200,34.3593,-0.4180,0.9406,0.0370,23.3188,60.3741,310.1812,
50865442500,34.3734,-0.4189,0.9398,0.0327,22.9675,60.7588,310.1226,
50879592300,34.3875,-0.4192,0.9398,0.0297,22.4674,61.0409,310.0172,
50892896500,34.4010,-0.4199,0.9397,0.0257,21.9617,61.3689,309.9069,
50907380400,34.4153,-0.4208,0.9397,0.0206,21.4477,61.7372,309.7908,
50921355500,34.4293,-0.4218,0.9412,0.0172,21.1935,62.4065,309.1768,
50934903700,34.4430,-0.4229,0.9424,0.0130,20.9082,63.1178,308.5707,
50949260300,34.4572,-0.4249,0.9458,0.0110,21.2215,64.5720,307.9392,
50963210400,34.4711,-0.4269,0.9487,0.0080,21.4544,65.9087,307.3688,
50976495700,34.4845,-0.4287,0.9511,0.0043,21.6160,67.0805,306.8755,
50990426700,34.4985,-0.4277,0.9491,0.0014,22.7790,67.9037,307.3850,
51004700600,34.5127,-0.4270,0.9475,-0.0022,23.7669,68.7579,307.7953,
51018483500,34.5264,-0.4269,0.9437,-0.0073,23.9829,68.9333,307.7970,
51032481500,34.5406,-0.4271,0.9408,-0.0125,24.1518,69.1272,307.7862,
51046249200,34.5542,-0.4261,0.9368,-0.0186,24.1209,69.0834,307.8419,
51060474700,34.5684,-0.4256,0.9339,-0.0243,24.0577,69.0104,307.9592,
51074242800,34.5823,-0.4255,0.9316,-0.0297,23.9559,68.9177,308.1533,
51088017900,34.5959,-0.4261,0.9281,-0.0362,23.9360,69.2350,308.2483,
51101931300,34.6099,-0.4268,0.9253,-0.0422,23.9009,69.9331,308.4354,
51115608000,34.6237,-0.4280,0.9260,-0.0482,23.4664,70.9067,308.7308,
51129814200,34.6377,-0.4290,0.9260,-0.0539,23.0369,71.9134,309.0041,
51144036900,34.6520,-0.4299,0.9258,-0.0595,22.6513,72.8574,309.2333,
51157967500,34.6659,-0.4281,0.9247,-0.0645,22.7979,73.2296,309.7803,
51171592800,34.6797,-0.4269,0.9237,-0.0696,22.9151,73.6114,310.2681,
51185694500,34.6936,-0.4271,0.9223,-0.0747,23.1012,74.1001,310.5899,
51199583800,34.7075,-0.4273,0.9210,-0.0798,23.2734,74.6215,310.9118,
51213532300,34.7216,-0.4258,0.9213,-0.0834,23.3214,75.7001,309.8676,
51227328500,34.7353,-0.4247,0.9213,-0.0873,23.3868,76.9199,308.7575,
51241383400,34.7493,-0.4239,0.9210,-0.0917,23.4558,78.0301,307.8057,
51254886700,34.7630,-0.4208,0.9230,-0.0960,22.9634,78.6052,306.6632,
51268966800,34.7769,-0.4185,0.9244,-0.1006,22.5898,79.1742,305.7081,
51283246200,34.7912,-0.4154,0.9254,-0.1076,22.8448,79.1924,305.5617,
51296896400,34.8048,-0.4130,0.9261,-0.1140,23.0181,79.2529,305.4213,
51310583500,34.8187,-0.4096,0.9215,-0.1230,23.1583,79.2811,305.7066,
51324668200,34.8326,-0.4068,0.9182,-0.1309,23.4833,79.3952,306.3464,
51338853500,34.8468,-0.4045,0.9157,-0.1382,23.8576,79.5818,307.0637,
51352578300,34.8606,-0.4009,0.9134,-0.1462,23.6937,79.5947,307.3910,
51366772300,34.8748,-0.3979,0.9115,-0.1536,23.5543,79.6303,307.6608,
51381005600,34.8889,-0.3935,0.9131,-0.1616,22.9389,79.8599,308.4177,
51394335700,34.9025,-0.3897,0.9139,-0.1692,22.2851,80.1262,309.1982,
51408803000,34.9167,-0.3864,0.9142,-0.1764,21.6810,80.3913,309.8978,
51422295900,34.9303,-0.3810,0.9137,-0.1849,21.5759,80.6139,310.3193,
51435983800,34.9441,-0.3764,0.9132,-0.1929,21.4730,80.8137,310.6705,
51450101200,34.9580,-0.3710,0.9108,-0.2044,21.4473,80.8566,310.5247,
51464641100,34.9725,-0.3662,0.9089,-0.2146,21.3698,80.9828,310.1539,
51478337300,34.9863,-0.3620,0.9073,-0.2240,21.2504,81.1756,309.6526,
51492148300,35.0002,-0.3594,0.9060,-0.2350,21.3745,81.6005,309.8715,
51505867300,35.0138,-0.3565,0.9048,-0.2451,21.5067,82.1081,310.1320,
51520130600,35.0280,-0.3535,0.9114,-0.2526,22.7539,83.6777,310.7779,
51533510200,35.0416,-0.3504,0.9159,-0.2603,23.9061,85.2158,311.4386,
51547831500,35.0558,-0.3483,0.9222,-0.2646,24.8305,85.6021,312.0847,
51561783400,35.0697,-0.3459,0.9267,-0.2700,25.5816,85.9782,312.6292,
51575546300,35.0836,-0.3434,0.9302,-0.2761,26.2359,86.3544,313.1202,
51589652500,35.0976,-0.3425,0.9348,-0.2796,26.0753,86.7621,313.0988,
51603529100,35.1115,-0.3410,0.9385,-0.2842,25.9455,87.2122,313.1043,
51617296900,35.1253,-0.3393,0.9435,-0.2885,25.8801,87.1566,313.0951,
51631286900,35.1393,-0.3373,0.9477,-0.2934,25.7561,87.0542,313.0854,
51644967400,35.1529,-0.3337,0.9483,-0.2971,25.1771,86.5111,312.8701,
51659039600,35.1670,-0.3303,0.9494,-0.3014,24.5296,85.9148,312.6480,
51672597800,35.1807,-0.3271,0.9509,-0.3064,23.9472,85.3881,312.4651,
51686731300,35.1946,-0.3227,0.9512,-0.3095,23.6209,84.1508,311.8161,
51701056800,35.2090,-0.3186,0.9521,-0.3134,23.3205,83.0470,311.2479,
51714707600,35.2228,-0.3160,0.9513,-0.3174,23.4495,82.5172,311.4397,
51728633800,35.2366,-0.3133,0.9512,-0.3219,23.5589,82.0430,311.5983,
51742829500,35.2507,-0.3104,0.9516,-0.3267,23.6591,81.5870,311.7404,
51756570900,35.2645,-0.3085,0.9514,-0.3284,23.9570,81.2804,311.4904,
51770204700,35.2783,-0.3063,0.9516,-0.3309,24.2556,80.9490,311.2379,
51784175100,35.2921,-0.3055,0.9479,-0.3352,24.3988,80.5048,310.9678,
51798449400,35.3063,-0.3040,0.9452,-0.3399,24.5400,80.0459,310.6989,
51812063700,35.3202,-0.3038,0.9424,-0.3440,24.5059,79.3848,310.2416,
51826043400,35.3340,-0.3030,0.9405,-0.3482,24.4681,78.7031,309.7816,
51840020500,35.3480,-0.3018,0.9390,-0.3525,24.4285,78.0357,309.3412,
51853951800,35.3620,-0.3013,0.9374,-0.3548,23.7953,77.3878,309.0319,
51867621900,35.3756,-0.3004,0.9360,-0.3575,23.1756,76.7278,308.7240,
51881900200,35.3899,-0.2993,0.9348,-0.3606,22.6014,76.0943,308.4348,
51895669500,35.4038,-0.2978,0.9331,-0.3648,22.0950,75.4855,309.4189,
51909798600,35.4176,-0.2962,0.9316,-0.3691,21.5909,74.8365,310.3319,
51923504400,35.4315,-0.2935,0.9305,-0.3725,21.5362,74.5574,310.4138,
51937397000,35.4454,-0.2910,0.9295,-0.3761,21.4765,74.3213,310.4766,
51951349500,35.4595,-0.2866,0.9298,-0.3819,21.6350,73.2111,310.7581,
51965324200,35.4732,-0.2829,0.9298,-0.3871,21.7726,72.0300,311.0479,
51979160600,35.4871,-0.2797,0.9305,-0.3936,21.7074,70.9969,310.4221,
51992914800,35.5010,-0.2767,0.9309,-0.3994,21.6257,70.0312,309.8870,
52007048900,35.5150,-0.2739,0.9310,-0.4049,21.5314,69.1099,309.4159,
52021163200,35.5291,-0.2718,0.9296,-0.4083,20.7768,68.1987,308.7999,
52034531100,35.5426,-0.2697,0.9285,-0.4118,20.0704,67.2952,308.2408,
52048212000,35.5562,-0.2680,0.9274,-0.4164,19.7337,66.5354,307.9581,
52062812900,35.5708,-0.2662,0.9265,-0.4211,19.4172,65.8150,307.7001,
52076676800,35.5846,-0.2642,0.9256,-0.4258,19.1060,65.1037,307.4537,
52090349900,35.5984,-0.2636,0.9250,-0.4334,18.7946,64.3030,306.7629,
52104596200,35.6126,-0.2626,0.9244,-0.4401,18.4654,63.4873,306.1101,
52118678100,35.6267,-0.2595,0.9276,-0.4469,18.6636,62.9421,306.4832,
52132362500,35.6404,-0.2566,0.9297,-0.4532,18.8381,62.3122,306.8314,
52145737200,35.6537,-0.2552,0.9286,-0.4619,19.1876,62.0079,307.6964,
52160262200,35.6682,-0.2536,0.9278,-0.4697,19.5041,61.6445,308.5060,
52174088800,35.6822,-0.2519,0.9271,-0.4768,19.7741,61.2555,309.2170,
52187882000,35.6958,-0.2506,0.9266,-0.4876,20.0803,61.0382,310.1226,
52201761100,35.7097,-0.2492,0.9261,-0.4971,20.3453,60.7883,310.9199,
52215790400,35.7239,-0.2501,0.9266,-0.5063,20.1961,60.7288,311.2726,
52229758900,35.7377,-0.2502,0.9268,-0.5149,20.0803,60.6427,311.5839,
52244194100,35.7521,-0.2522,0.9325,-0.5211,19.9256,60.6405,311.4875,
52257462900,35.7654,-0.2532,0.9366,-0.5276,19.6509,60.6188,311.3282,
52271110300,35.7792,-0.2536,0.9397,-0.5342,19.2752,60.5686,311.1252,
52285238700,35.7932,-0.2539,0.9409,-0.5380,19.3268,60.5823,311.1848,
52299679700,35.8076,-0.2538,0.9420,-0.5424,19.3986,60.5965,311.2709,
52313375200,35.8215,-0.2536,0.9434,-0.5437,19.4224,60.5416,311.3724,
52327427500,35.8354,-0.2533,0.9447,-0.5460,19.4539,60.4522,311.5213,
52340814900,35.8488,-0.2529,0.9462,-0.5493,19.4895,60.3318,311.7067,
52355092100,35.8631,-0.2515,0.9451,-0.5514,19.4053,59.7637,312.6100,
52369343200,35.8772,-0.2502,0.9444,-0.5543,19.3200,59.1551,313.5496,
52383049100,35.8910,-0.2492,0.9451,-0.5559,19.0134,58.6819,313.7294,
52397029800,35.9050,-0.2482,0.9458,-0.5582,18.7591,58.2747,313.8955,
52410632100,35.9187,-0.2474,0.9450,-0.5588,18.5405,57.7879,313.6886,
52424301500,35.9323,-0.2466,0.9444,-0.5598,18.3188,57.2948,313.5021,
52438405200,35.9464,-0.2456,0.9439,-0.5614,18.0919,56.7906,313.3315,
52452345000,35.9604,-0.2448,0.9440,-0.5614,17.8827,56.0579,313.5495,
52466358700,35.9743,-0.2439,0.9443,-0.5617,17.6684,55.3093,313.7716,
52480831100,35.9888,-0.2420,0.9444,-0.5602,17.4978,54.4943,314.3314,
52494215000,36.0023,-0.2399,0.9445,-0.5591,17.3370,53.7199,314.8461,
52507820000,36.0158,-0.2379,0.9448,-0.5585,17.1902,53.0066,315.3068,
52522251500,36.0301,-0.2355,0.9458,-0.5559,17.2805,52.3755,316.1162,
52535698300,36.0438,-0.2333,0.9467,-0.5541,17.3487,51.7663,316.8441,
52549867400,36.0579,-0.2314,0.9475,-0.5529,17.4003,51.1863,317.4971,
52563791200,36.0718,-0.2312,0.9484,-0.5523,17.6293,51.3438,317.8509,
52578224600,36.0861,-0.2314,0.9488,-0.5522,17.8357,51.4899,317.9590,
52591855200,36.1000,-0.2314,0.9491,-0.5522,18.0374,51.6056,318.0873,
52605349300,36.1133,-0.2314,0.9495,-0.5522,18.2520,51.7035,318.2453,
52619670400,36.1276,-0.2316,0.9496,-0.5522,18.3083,51.8176,318.2318,
52633108000,36.1412,-0.2317,0.9497,-0.5524,18.3600,51.9128,318.2274,
52647670000,36.1556,-0.2318,0.9496,-0.5524,18.3816,51.8855,318.0635,
52661672300,36.1696,-0.2320,0.9495,-0.5524,18.4163,51.8210,317.7856,
52675715900,36.1838,-0.2321,0.9494,-0.5525,18.4566,51.7215,317.4444,
52689740600,36.1976,-0.2323,0.9490,-0.5522,18.2991,51.6068,317.0020,
52702737200,36.2107,-0.2325,0.9482,-0.5518,18.1298,51.4707,316.5490,
52717019000,36.2250,-0.2323,0.9465,-0.5504,18.0658,51.2720,316.4352,
52731226000,36.2393,-0.2321,0.9448,-0.5490,18.0058,51.0839,316.3366,
52745051200,36.2530,-0.2313,0.9439,-0.5468,18.0117,50.8908,316.3802,
52759503800,36.2675,-0.2305,0.9430,-0.5449,18.0190,50.6319,316.4424,
52772844700,36.2810,-0.2298,0.9423,-0.5433,18.0275,50.3176,316.5219,
52786919900,36.2949,-0.2283,0.9426,-0.5418,18.0043,50.0469,316.5849,
52800505500,36.3084,-0.2269,0.9427,-0.5405,17.9811,49.7729,316.6519,
52814602200,36.3227,-0.2253,0.9426,-0.5397,17.9442,49.7749,316.6579,
52829190100,36.3372,-0.2239,0.9425,-0.5389,17.9165,49.7758,316.6632,
52842862300,36.3508,-0.2225,0.9423,-0.5381,17.8863,49.7762,316.6696,
52856636800,36.3645,-0.2205,0.9413,-0.5377,17.8931,49.7628,316.6880,
52870312200,36.3784,-0.2186,0.9403,-0.5373,17.9011,49.7478,316.7083,
52884025700,36.3920,-0.2169,0.9388,-0.5360,17.9047,49.7755,316.7348,
52898198300,36.4062,-0.2153,0.9376,-0.5349,17.9089,49.8058,316.7635,
52912052000,36.4201,-0.2144,0.9379,-0.5343,17.9059,49.8211,316.7737,
52926099700,36.4340,-0.2136,0.9382,-0.5337,17.9026,49.8371,316.7840,
52939898700,36.4479,-0.2126,0.9384,-0.5331,17.8990,49.8538,316.7943,
52953484500,36.4616,-0.2121,0.9391,-0.5326,17.8870,49.8534,316.7688,
52967922800,36.4758,-0.2114,0.9397,-0.5320,17.8741,49.8520,316.7402,
52982061000,36.4900,-0.2113,0.9399,-0.5320,17.9022,49.8544,316.7150,
52995654300,36.5038,-0.2111,0.9400,-0.5320,17.9336,49.8564,316.6875,
53009640000,36.5176,-0.2111,0.9400,-0.5321,17.9607,49.8582,316.6574,
53023323500,36.5313,-0.2110,0.9401,-0.5323,17.9946,49.8600,316.6200,
53037367700,36.5454,-0.2110,0.9401,-0.5324,18.0399,49.8615,316.5703,
53051049200,36.5592,-0.2109,0.9396,-0.5327,18.2007,49.8559,316.5770,
53064735100,36.5727,-0.2107,0.9386,-0.5332,18.4314,49.8465,316.5909,
53079619800,36.5875,-0.2110,0.9380,-0.5336,18.5126,49.8471,316.6498,
53092808400,36.6009,-0.2113,0.9375,-0.5340,18.5850,49.8472,316.7071,
53107116400,36.6151,-0.2115,0.9369,-0.5343,18.6593,49.8470,316.7702,
53121268600,36.6293,-0.2114,0.9352,-0.5341,18.7319,49.8628,316.8972,
53134464600,36.6425,-0.2114,0.9335,-0.5340,18.8152,49.8816,317.0522,
53148442600,36.6564,-0.2116,0.9324,-0.5337,18.7869,49.8662,317.1158,
53162377100,36.6704,-0.2118,0.9314,-0.5334,18.7547,49.8498,317.1805,
53176717200,36.6847,-0.2120,0.9305,-0.5332,18.7116,49.8289,317.2598,
53190157200,36.6982,-0.2122,0.9304,-0.5331,18.6889,49.8036,317.2592,
53204676200,36.7126,-0.2123,0.9303,-0.5330,18.6632,49.7762,317.2574,
53218473900,36.7264,-0.2123,0.9304,-0.5332,18.6556,49.7741,317.2621,
53232231200,36.7403,-0.2124,0.9305,-0.5334,18.6472,49.7726,317.2663,
53246341400,36.7542,-0.2125,0.9306,-0.5335,18.6593,49.7872,317.2298,
53260247100,36.7682,-0.2125,0.9307,-0.5336,18.6728,49.8038,317.1888,
53274313100,36.7824,-0.2126,0.9308,-0.5336,18.6943,49.8306,317.1235,
53287934600,36.7959,-0.2129,0.9313,-0.5340,18.6533,50.0228,316.9329,
53302045600,36.8100,-0.2132,0.9318,-0.5344,18.5991,50.2782,316.6814,
53315435100,36.8235,-0.2135,0.9320,-0.5347,18.5477,50.5612,316.4574,
53329831100,36.8378,-0.2138,0.9322,-0.5349,18.4974,50.8403,316.2381,
53343935000,36.8519,-0.2141,0.9324,-0.5352,18.4495,51.1088,316.0285,
53357575200,36.8655,-0.2141,0.9324,-0.5355,18.5031,51.2181,315.8760,
53371424200,36.8795,-0.2142,0.9323,-0.5357,18.5496,51.3169,315.7404,
53385490900,36.8935,-0.2143,0.9324,-0.5362,18.5411,51.3084,315.6993,
53400181500,36.9081,-0.2144,0.9325,-0.5368,18.5348,51.3029,315.6705,
53413006000,36.9211,-0.2148,0.9327,-0.5378,18.5393,51.2971,315.6708,
53427423300,36.9354,-0.2152,0.9331,-0.5388,18.5441,51.2911,315.6718,
53441194700,36.9492,-0.2155,0.9333,-0.5398,18.5494,51.2852,315.6735,
53455299900,36.9634,-0.2155,0.9334,-0.5402,18.5620,51.3113,315.6792,
53469223200,36.9771,-0.2154,0.9335,-0.5406,18.5756,51.3402,315.6858,
53483124700,36.9911,-0.2155,0.9335,-0.5408,18.5910,51.3521,315.6642,
53496634100,37.0046,-0.2157,0.9336,-0.5410,18.6074,51.3647,315.6408,
53510726900,37.0188,-0.2157,0.9335,-0.5412,18.6877,51.4150,315.5552,
53525060100,37.0330,-0.2158,0.9335,-0.5414,18.8171,51.4952,315.4173,
53538792000,37.0468,-0.2159,0.9335,-0.5416,18.9726,51.5908,315.2515,
53552339000,37.0605,-0.2160,0.9336,-0.5417,19.1135,51.5256,314.9547,
53566705800,37.0747,-0.2161,0.9336,-0.5419,19.2615,51.4526,314.6382,
53580695500,37.0886,-0.2162,0.9339,-0.5421,19.3315,51.3293,314.1168,
53594260100,37.1024,-0.2163,0.9342,-0.5422,19.3994,51.1988,313.5788,
53607944200,37.1159,-0.2165,0.9345,-0.5424,19.4612,51.0697,313.0587,
53621822600,37.1298,-0.2166,0.9344,-0.5425,19.4461,51.0877,312.2455,
53636117300,37.1442,-0.2168,0.9342,-0.5426,19.4307,51.1001,311.4574,
53649906200,37.1579,-0.2169,0.9340,-0.5426,19.3229,51.1446,311.3499,
53663737700,37.1717,-0.2171,0.9337,-0.5427,19.2497,51.1732,311.2680,
53678020600,37.1860,-0.2173,0.9333,-0.5428,19.1869,51.1966,311.1916,
53691965500,37.2000,-0.2174,0.9331,-0.5427,19.1667,51.1938,311.2044,
53705830700,37.2138,-0.2175,0.9328,-0.5427,19.1446,51.1904,311.2161,
53719861800,37.2279,-0.2175,0.9327,-0.5428,19.1010,51.1961,311.2562,
53733411200,37.2416,-0.2175,0.9326,-0.5428,19.0133,51.2073,311.3336,
53747926400,37.2558,-0.2174,0.9323,-0.5428,18.9276,51.1736,311.4847,
53761725000,37.2697,-0.2172,0.9318,-0.5427,18.8249,51.1302,311.6663,
53775549400,37.2837,-0.2169,0.9312,-0.5426,18.7157,51.0809,311.8598,
53789883300,37.2979,-0.2164,0.9295,-0.5425,18.3235,51.0327,312.2924,
53803878900,37.3118,-0.2158,0.9278,-0.5424,17.9111,50.9770,312.7436,
53817471300,37.3255,-0.2160,0.9266,-0.5426,17.3235,50.8349,313.0052,
53831657100,37.3398,-0.2161,0.9256,-0.5428,16.7792,50.6997,313.2450,
53845479800,37.3534,-0.2162,0.9247,-0.5429,16.2843,50.5736,313.4611,
53859514900,37.3674,-0.2163,0.9233,-0.5427,15.9261,50.4886,313.9920,
53873385400,37.3815,-0.2165,0.9219,-0.5425,15.5790,50.4016,314.4876,
53887376400,37.3953,-0.2170,0.9212,-0.5425,15.5374,50.4387,314.5208,
53901127400,37.4091,-0.2175,0.9206,-0.5425,15.5139,50.4547,314.5387,
53915042400,37.4231,-0.2179,0.9200,-0.5425,15.4931,50.4665,314.5541,
53929146300,37.4371,-0.2182,0.9199,-0.5425,15.5095,50.5210,314.5031,
53943078300,37.4510,-0.2184,0.9198,-0.5425,15.5550,50.6854,314.3499,
53956938900,37.4649,-0.2186,0.9198,-0.5425,15.6693,51.0458,314.0233,
53970439500,37.4785,-0.2189,0.9199,-0.5426,15.7890,51.4356,313.6717,
53984749400,37.4927,-0.2190,0.9199,-0.5426,15.8559,51.8765,313.5080,
53998742100,37.5067,-0.2192,0.9198,-0.5426,15.9120,52.2746,313.3636,
54012847300,37.5210,-0.2193,0.9197,-0.5427,15.9103,52.4168,313.3734,
54026910000,37.5348,-0.2195,0.9197,-0.5429,15.9071,52.5201,313.3817,
54040458100,37.5484,-0.2198,0.9196,-0.5430,15.9031,52.6091,313.3896,
54054093300,37.5622,-0.2201,0.9196,-0.5430,15.8841,52.7391,313.4754,
54068338900,37.5763,-0.2205,0.9196,-0.5430,15.8585,52.9023,313.5843,
54082252900,37.5902,-0.2211,0.9193,-0.5430,15.8437,52.9689,313.6985,
54096079400,37.6042,-0.2217,0.9189,-0.5430,15.8269,53.0383,313.8214,
54110061800,37.6180,-0.2223,0.9185,-0.5429,15.8073,53.1142,313.9597,
54123896600,37.6319,-0.2225,0.9185,-0.5428,15.8163,53.2140,313.9840,
54138045700,37.6460,-0.2227,0.9184,-0.5428,15.8261,53.3241,314.0099,
54151719400,37.6598,-0.2230,0.9180,-0.5428,15.8202,53.4098,313.9662,
54165789200,37.6738,-0.2234,0.9174,-0.5429,15.8124,53.5145,313.9087,
54179763500,37.6877,-0.2237,0.9168,-0.5430,15.7680,53.8047,313.7263,
54193558000,37.7016,-0.2240,0.9163,-0.5431,15.7155,54.1435,313.5055,
54207520300,37.7155,-0.2243,0.9157,-0.5432,15.6620,54.4845,313.2758,
54221496800,37.7295,-0.2250,0.9154,-0.5435,15.4897,54.5660,313.1887,
54236111200,37.7443,-0.2256,0.9151,-0.5437,15.3387,54.6359,313.1099,
54249524500,37.7574,-0.2262,0.9148,-0.5438,15.3390,54.6573,313.1260,
54263275400,37.7713,-0.2267,0.9145,-0.5439,15.3397,54.6804,313.1433,
54277129900,37.7851,-0.2272,0.9143,-0.5440,15.3406,54.7048,313.1616,
54290850100,37.7990,-0.2273,0.9140,-0.5442,15.3200,54.6964,313.1768,
54305184900,37.8131,-0.2274,0.9137,-0.5443,15.2978,54.6863,313.1927,
54318946800,37.8269,-0.2273,0.9136,-0.5442,15.2743,54.6897,313.2391,
54332780800,37.8409,-0.2272,0.9135,-0.5441,15.2351,54.6948,313.3175,
54346814800,37.8548,-0.2271,0.9133,-0.5440,15.1817,54.7405,313.4245,
54361083900,37.8689,-0.2269,0.9129,-0.5440,15.1180,54.7961,313.5527,
54377696600,37.8857,-0.2267,0.9124,-0.5439,15.0478,54.8586,313.6945,
54391495200,37.8996,-0.2264,0.9121,-0.5435,15.0712,54.8477,313.7167,
54405596100,37.9135,-0.2261,0.9117,-0.5432,15.0976,54.8353,313.7391,
54419758000,37.9276,-0.2257,0.9114,-0.5428,15.1164,54.8329,313.7210,
54433446400,37.9416,-0.2253,0.9111,-0.5424,15.1370,54.8303,313.6991,
54447510200,37.9554,-0.2249,0.9108,-0.5420,15.1594,54.8275,313.6737,
54461605900,37.9696,-0.2247,0.9110,-0.5416,15.1690,54.8878,313.6682,
54484768800,37.9925,-0.2244,0.9114,-0.5411,15.1894,55.0202,313.6546,
54500483700,38.0085,-0.2243,0.9121,-0.5411,15.1640,55.0273,313.6334,
54513825200,38.0219,-0.2241,0.9128,-0.5410,15.2417,54.9960,313.6495,
54527778700,38.0358,-0.2239,0.9140,-0.5409,15.2851,54.9775,313.6588,
54541584500,38.0495,-0.2236,0.9150,-0.5407,15.3581,54.9450,313.6747,
54555527700,38.0636,-0.2234,0.9160,-0.5411,15.3618,54.6787,313.7257,
54569519300,38.0775,-0.2231,0.9169,-0.5415,15.3660,54.2703,313.8040,
54583259500,38.0913,-0.2229,0.9173,-0.5412,15.3429,54.0229,313.9310,
54597541900,38.1054,-0.2226,0.9176,-0.5410,15.3195,53.7827,314.0548,
54611174900,38.1193,-0.2226,0.9179,-0.5409,15.1936,53.7073,314.0477,
54625280500,38.1333,-0.2225,0.9181,-0.5409,15.0721,53.6362,314.0406,
54639141500,38.1471,-0.2224,0.9184,-0.5408,14.9347,53.5573,314.0323,
54653251200,38.1613,-0.2224,0.9185,-0.5407,14.8655,53.4809,314.0476,
54667180900,38.1752,-0.2224,0.9187,-0.5405,14.7964,53.4053,314.0629,
54680956700,38.1889,-0.2224,0.9188,-0.5404,14.7717,53.4116,314.0666,
54694647700,38.2028,-0.2225,0.9190,-0.5402,14.7454,53.4196,314.0704,
54708657500,38.2166,-0.2225,0.9191,-0.5401,14.7174,53.4292,314.0743,
54722696400,38.2307,-0.2226,0.9192,-0.5398,14.7476,53.4572,314.0755,
54736780600,38.2447,-0.2227,0.9194,-0.5393,14.7816,53.4883,314.0766,
54750189000,38.2583,-0.2228,0.9196,-0.5388,14.8193,53.5223,314.0776,
54764608400,38.2725,-0.2227,0.9195,-0.5379,14.8730,53.7087,314.1504,
54778782000,38.2868,-0.2225,0.9194,-0.5369,14.9496,53.9739,314.2539,
54792311300,38.3004,-0.2225,0.9195,-0.5366,14.9549,54.0993,314.4207,
54806298100,38.3143,-0.2225,0.9195,-0.5365,14.9596,54.2267,314.5923,
54820372600,38.3282,-0.2224,0.9195,-0.5362,14.9871,54.2723,314.6966,
54833860700,38.3420,-0.2222,0.9195,-0.5359,15.0129,54.3131,314.7935,
54847885900,38.3558,-0.2221,0.9195,-0.5355,15.0394,54.3535,314.8923,
54862007800,38.3700,-0.2219,0.9195,-0.5357,15.0116,54.3281,314.9105,
54875686500,38.3837,-0.2218,0.9195,-0.5358,14.9813,54.2997,314.9291,
54889742100,38.3977,-0.2217,0.9195,-0.5359,14.9782,54.2733,314.9562,
54903392200,38.4114,-0.2217,0.9195,-0.5360,14.9748,54.2380,314.9908,
54917596700,38.4256,-0.2218,0.9195,-0.5360,14.9883,54.1958,314.9649,
54931322500,38.4394,-0.2218,0.9194,-0.5361,15.0041,54.1486,314.9339,
54945529600,38.4535,-0.2219,0.9194,-0.5362,15.0319,54.0684,314.8780,
54959373300,38.4674,-0.2220,0.9194,-0.5362,15.0848,54.1019,314.8883,
54973524700,38.4817,-0.2220,0.9194,-0.5363,15.1815,54.1654,314.9063,
54987166000,38.4951,-0.2221,0.9193,-0.5362,15.2472,54.2373,314.8713,
55001284500,38.5093,-0.2222,0.9193,-0.5362,15.3293,54.3306,314.8247,
55014964900,38.5231,-0.2222,0.9192,-0.5362,15.3790,54.3620,314.8305,
55028894200,38.5369,-0.2223,0.9192,-0.5361,15.4203,54.3886,314.8353,
55043136800,38.5510,-0.2223,0.9191,-0.5361,15.4602,54.4147,314.8401,
55057027000,38.5650,-0.2223,0.9191,-0.5361,15.5499,54.4739,314.9261,
55070858400,38.5790,-0.2223,0.9190,-0.5361,15.6720,54.5557,315.0475,
55084947600,38.5929,-0.2223,0.9188,-0.5361,15.7874,54.4533,315.1786,
55098646000,38.6066,-0.2222,0.9185,-0.5361,15.9293,54.3176,315.3441,
55112311300,38.6204,-0.2222,0.9182,-0.5361,16.0853,54.1589,315.5303,
55126252000,38.6343,-0.2222,0.9180,-0.5365,16.0595,54.2655,316.0030,
55140242800,38.6482,-0.2223,0.9177,-0.5370,16.0238,54.3793,316.5290,
55153832900,38.6619,-0.2228,0.9176,-0.5373,16.0164,54.4097,317.0973,
55168221700,38.6762,-0.2234,0.9174,-0.5377,16.0039,54.4348,317.6405,
55182065300,38.6900,-0.2244,0.9164,-0.5376,16.1260,55.0553,319.4073,
55195725400,38.7039,-0.2255,0.9154,-0.5376,16.2158,55.6262,321.0446,
55210025500,38.7179,-0.2263,0.9153,-0.5370,16.5660,56.4296,322.6563,
55223969700,38.7319,-0.2271,0.9153,-0.5365,16.8273,57.0975,324.0142,
55238082200,38.7461,-0.2278,0.9153,-0.5360,17.0273,57.6637,325.1804,
55251627800,38.7598,-0.2292,0.9154,-0.5355,17.4790,58.2997,325.1912,
55265884400,38.7737,-0.2306,0.9156,-0.5349,17.8933,58.9123,325.2972,
55279512100,38.7875,-0.2322,0.9155,-0.5339,17.9833,59.0959,324.8373,
55293259500,38.8014,-0.2338,0.9154,-0.5330,18.0910,59.3231,324.4046,
55307310700,38.8153,-0.2352,0.9154,-0.5322,18.2109,59.5815,324.0190,
55321507000,38.8294,-0.2368,0.9155,-0.5322,18.1262,59.4270,323.7724,
55335140200,38.8433,-0.2384,0.9157,-0.5321,18.0546,59.3036,323.5673,
55349203300,38.8572,-0.2398,0.9152,-0.5323,17.7512,59.3494,323.2772,
55363246300,38.8712,-0.2411,0.9148,-0.5324,17.4121,59.4242,322.9693,
55377216800,38.8851,-0.2424,0.9144,-0.5325,17.0764,59.5200,322.6794,
55391085100,38.8992,-0.2435,0.9126,-0.5321,16.8595,59.5110,322.8043,
55405179400,38.9132,-0.2447,0.9110,-0.5317,16.6377,59.5117,322.9388,
55419043300,38.9271,-0.2460,0.9088,-0.5310,16.4644,59.4560,323.2365,
55432831300,38.9408,-0.2473,0.9069,-0.5304,16.2604,59.3992,323.5964,
55446895400,38.9548,-0.2478,0.9065,-0.5304,16.1904,59.5314,323.8193,
55461292600,38.9693,-0.2482,0.9063,-0.5304,16.1244,59.6640,324.0349,
55474927500,38.9831,-0.2486,0.9060,-0.5303,16.0569,59.8066,324.2601,
55488864300,38.9968,-0.2491,0.9059,-0.5303,15.9506,59.7505,324.3560,
55502534200,39.0105,-0.2497,0.9059,-0.5302,15.8414,59.6961,324.4570,
55516483000,39.0245,-0.2509,0.9058,-0.5307,15.7644,59.6372,324.4604,
55530454000,39.0386,-0.2524,0.9058,-0.5312,15.6873,59.5799,324.4641,
55545107500,39.0529,-0.2538,0.9057,-0.5317,15.6028,59.5185,324.4682,
55558508100,39.0665,-0.2543,0.9052,-0.5314,15.5955,59.4988,324.4457,
55572331100,39.0805,-0.2548,0.9048,-0.5310,15.5884,59.4786,324.4211,
55586247700,39.0942,-0.2548,0.9023,-0.5297,15.4240,60.6961,321.5404,
55600354100,39.1082,-0.2548,0.8996,-0.5283,15.3300,61.9393,318.6596,
55614497000,39.1226,-0.2550,0.8972,-0.5271,15.3087,62.8979,316.4812,
55628517700,39.1365,-0.2567,0.8986,-0.5267,14.4544,66.8203,307.6418,
55641690700,39.1497,-0.2591,0.9003,-0.5261,14.2806,69.0632,302.6919,
55655753700,39.1638,-0.2609,0.9003,-0.5257,14.9220,70.9711,298.7886,
55670221100,39.1782,-0.2625,0.9003,-0.5253,15.3672,72.2568,296.0843,
55683807100,39.1918,-0.2629,0.8994,-0.5248,14.9163,71.8679,296.1683,
55697509500,39.2054,-0.2633,0.8986,-0.5243,14.6937,71.7706,295.9597,
55711246600,39.2193,-0.2641,0.8982,-0.5236,14.4525,71.2351,296.7132,
55725153500,39.2331,-0.2650,0.8977,-0.5228,14.0651,70.4147,297.7606,
55739004500,39.2470,-0.2659,0.8973,-0.5221,13.7450,69.7854,298.4584,
55753334400,39.2615,-0.2660,0.8974,-0.5213,13.5127,67.9831,301.8948,
55766998300,39.2748,-0.2661,0.8975,-0.5206,13.3966,66.7620,304.1432,
55780659300,39.2887,-0.2663,0.8998,-0.5207,12.8947,65.6386,305.5472,
55794519400,39.3027,-0.2666,0.9028,-0.5209,12.5600,64.8556,306.4927,
55808595800,39.3165,-0.2669,0.9055,-0.5211,12.3106,64.2551,307.1953,
55822646800,39.3305,-0.2654,0.9094,-0.5206,12.5259,63.4042,307.7144,
55836369100,39.3443,-0.2643,0.9127,-0.5203,12.6816,62.6496,308.1953,
55850178400,39.3583,-0.2617,0.9171,-0.5206,12.8573,61.6160,308.5370,
55864356900,39.3723,-0.2597,0.9206,-0.5207,13.0002,60.6559,308.8893,
55878077000,39.3860,-0.2582,0.9235,-0.5208,13.1185,59.7642,309.2438,
55891765700,39.3999,-0.2566,0.9227,-0.5204,14.1221,58.7496,310.1264,
55906090300,39.4141,-0.2552,0.9223,-0.5201,14.9854,57.7842,310.9302,
55919968000,39.4280,-0.2531,0.9234,-0.5184,15.9627,57.0511,310.6741,
55933948400,39.4420,-0.2510,0.9246,-0.5167,16.7858,56.3435,310.5259,
55947829900,39.4558,-0.2499,0.9268,-0.5154,17.3087,55.8737,310.0174,
55961656400,39.4696,-0.2487,0.9288,-0.5143,17.7979,55.3790,309.6117,
55975338900,39.4835,-0.2476,0.9308,-0.5133,18.2765,54.8517,309.2676,
55989530000,39.4974,-0.2471,0.9304,-0.5129,18.7946,54.5796,308.9358,
56003762700,39.5117,-0.2466,0.9303,-0.5126,19.3045,54.2595,308.6392,
56017253300,39.5252,-0.2459,0.9302,-0.5123,19.3476,54.0857,308.5549,
56030978300,39.5391,-0.2450,0.9302,-0.5120,19.4017,53.9176,308.4880,
56044922800,39.5528,-0.2447,0.9299,-0.5118,19.3814,53.9025,308.4584,
56059093500,39.5670,-0.2445,0.9297,-0.5117,19.3656,53.8805,308.4288,
56072896000,39.5810,-0.2441,0.9296,-0.5115,19.3525,53.8506,308.3967,
56086768600,39.5948,-0.2435,0.9292,-0.5112,19.3124,53.7777,308.3515,
56100896500,39.6088,-0.2429,0.9289,-0.5108,19.2588,53.6588,308.2848,
56114549800,39.6227,-0.2424,0.9291,-0.5106,19.2424,53.5992,308.2975,
56128543400,39.6365,-0.2419,0.9294,-0.5105,19.2288,53.5281,308.3143,
56142491600,39.6505,-0.2413,0.9297,-0.5102,19.2168,53.4335,308.3383,
56156391300,39.6643,-0.2404,0.9302,-0.5097,19.3208,53.2029,308.5935,
56170036400,39.6781,-0.2395,0.9309,-0.5091,19.4688,52.9011,308.9285,
56184078900,39.6921,-0.2383,0.9316,-0.5086,19.5575,52.6042,309.3290,
56198153400,39.7061,-0.2372,0.9323,-0.5081,19.6553,52.3146,309.7202,
56211774500,39.7198,-0.2360,0.9331,-0.5070,19.5889,51.7831,310.3460,
56225730000,39.7337,-0.2348,0.9338,-0.5060,19.5413,51.2732,310.9473,
56239530100,39.7475,-0.2337,0.9345,-0.5050,19.5116,50.8107,311.4933,
56253248600,39.7614,-0.2324,0.9352,-0.5043,19.3422,50.4968,311.5030,
56267589400,39.7754,-0.2312,0.9359,-0.5036,19.2079,50.2264,311.5304,
56281159100,39.7891,-0.2302,0.9354,-0.5027,18.8722,50.1146,311.5087,
56295386100,39.8035,-0.2293,0.9350,-0.5019,18.5043,49.9795,311.4998,
56309050800,39.8171,-0.2283,0.9346,-0.5010,18.1169,49.8255,311.5047,
56323089000,39.8310,-0.2273,0.9349,-0.4999,17.1239,49.3334,311.2131,
56336909400,39.8449,-0.2263,0.9353,-0.4988,16.1416,48.8405,310.9541,
56350670500,39.8588,-0.2253,0.9358,-0.4983,15.4290,48.2269,310.6692,
56364797900,39.8727,-0.2243,0.9364,-0.4979,14.8004,47.6915,310.4428,
56378900800,39.8868,-0.2232,0.9361,-0.4976,14.6319,47.2550,310.3854,
56392890900,39.9010,-0.2222,0.9360,-0.4973,14.4644,46.8643,310.3378,
56406876700,39.9148,-0.2211,0.9358,-0.4969,14.2862,46.4795,310.2944,
56420531500,39.9285,-0.2193,0.9358,-0.4968,14.6227,46.1201,310.2372,
56434252600,39.9423,-0.2174,0.9358,-0.4967,14.9919,45.6793,310.1672,
56448562100,39.9566,-0.2152,0.9362,-0.4960,15.7745,44.8351,310.1974,
56462240300,39.9702,-0.2131,0.9366,-0.4954,16.5102,43.9873,310.2141,
56476378000,39.9844,-0.2117,0.9366,-0.4946,17.0943,43.5786,310.5488,
56490273500,39.9983,-0.2104,0.9366,-0.4939,17.5924,43.1985,310.8289,
56504063500,40.0120,-0.2092,0.9367,-0.4933,18.0353,42.8349,311.0734,
56518151900,40.0261,-0.2083,0.9360,-0.4927,18.3143,42.7512,311.5089,
56531669900,40.0398,-0.2073,0.9353,-0.4922,18.5854,42.6454,311.9120,
56546165700,40.0541,-0.2063,0.9347,-0.4917,18.8576,42.5200,312.3002,
56560128700,40.0681,-0.2062,0.9340,-0.4913,18.8818,42.5126,312.5692,
56573906900,40.0820,-0.2061,0.9333,-0.4909,18.9173,42.4893,312.8188,
56587899300,40.0959,-0.2061,0.9331,-0.4908,18.9325,42.4782,312.8963,
56601740800,40.1096,-0.2061,0.9330,-0.4908,18.9499,42.4630,312.9626,
56615434900,40.1236,-0.2061,0.9326,-0.4908,18.9487,42.3755,313.0201,
56629496600,40.1374,-0.2062,0.9321,-0.4908,18.9521,42.2530,313.0992,
56643806700,40.1517,-0.2062,0.9315,-0.4909,18.9619,42.0952,313.1998,
56657525700,40.1654,-0.2060,0.9310,-0.4911,18.9596,41.8454,313.2708,
56671577600,40.1797,-0.2059,0.9305,-0.4912,18.9627,41.5638,313.3514,
56685218700,40.1932,-0.2058,0.9299,-0.4914,18.8503,41.3509,313.4715,
56699210700,40.2072,-0.2057,0.9293,-0.4916,18.7409,41.1317,313.5949,
56713030600,40.2211,-0.2056,0.9288,-0.4917,18.6346,40.9078,313.7211,
56727593000,40.2355,-0.2057,0.9287,-0.4920,18.5760,40.7793,313.8043,
56741310600,40.2493,-0.2057,0.9286,-0.4922,18.5244,40.6595,313.8815,
56754933900,40.2630,-0.2058,0.9286,-0.4923,18.5389,40.6161,313.8865,
56769109800,40.2770,-0.2059,0.9285,-0.4925,18.5493,40.5861,313.8900,
56782687500,40.2907,-0.2061,0.9285,-0.4927,18.5718,40.5639,313.8856,
56796853400,40.3048,-0.2063,0.9284,-0.4930,18.5967,40.5397,313.8809,
56810363500,40.3185,-0.2065,0.9286,-0.4934,18.5985,40.5398,313.8539,
56824472700,40.3324,-0.2068,0.9288,-0.4938,18.5998,40.5408,313.8245,
56838624900,40.3466,-0.2071,0.9290,-0.4942,18.6006,40.5428,313.7925,
56852116600,40.3603,-0.2073,0.9291,-0.4946,18.6187,40.5384,313.7646,
56866313700,40.3743,-0.2076,0.9293,-0.4951,18.6380,40.5341,313.7349,
56880543500,40.3884,-0.2079,0.9294,-0.4955,18.6584,40.5300,313.7036,
56894335900,40.4025,-0.2081,0.9295,-0.4958,18.6778,40.5231,313.6712,
56908042200,40.4160,-0.2084,0.9295,-0.4960,18.6980,40.5161,313.6373,
56921879600,40.4299,-0.2087,0.9295,-0.4963,18.7024,40.5083,313.6115,
56936032000,40.4441,-0.2091,0.9295,-0.4966,18.7062,40.5005,313.5853,
56949741700,40.4577,-0.2093,0.9295,-0.4968,18.7172,40.4852,313.5708,
56963645300,40.4716,-0.2096,0.9295,-0.4970,18.7283,40.4692,313.5570,
56977604000,40.4856,-0.2098,0.9292,-0.4972,18.7268,40.4735,313.5497,
56991718800,40.4998,-0.2100,0.9290,-0.4974,18.7242,40.4792,313.5437,
57005907400,40.5139,-0.2102,0.9287,-0.4976,18.7204,40.4863,313.5388,
57019318200,40.5273,-0.2104,0.9285,-0.4978,18.6880,40.5086,313.5559,
57033309200,40.5414,-0.2106,0.9284,-0.4980,18.6519,40.5335,313.5760,
57047476200,40.5554,-0.2109,0.9280,-0.4982,18.6188,40.5895,313.6258,
57061366200,40.5693,-0.2113,0.9276,-0.4985,18.5635,40.6842,313.7115,
57074951700,40.5831,-0.2117,0.9272,-0.4987,18.4914,40.8081,313.8256,
57089368300,40.5974,-0.2122,0.9265,-0.4989,18.4363,40.8963,313.8972,
57103240100,40.6112,-0.2127,0.9258,-0.4991,18.3822,40.9834,313.9691,
57117154700,40.6251,-0.2130,0.9252,-0.4995,18.3611,41.1144,314.0668,
57130526900,40.6387,-0.2134,0.9247,-0.4998,18.3392,41.2611,314.1770,
57144816100,40.6528,-0.2137,0.9242,-0.5001,18.3171,41.4197,314.2968,
57158722000,40.6667,-0.2141,0.9239,-0.5003,18.3532,41.6021,314.3497,
57172433400,40.6805,-0.2146,0.9237,-0.5006,18.3947,41.7992,314.4059,
57186721800,40.6947,-0.2147,0.9237,-0.5007,18.4336,41.8963,314.4407,
57200581000,40.7086,-0.2148,0.9236,-0.5008,18.4696,41.9814,314.4708,
57214188800,40.7222,-0.2149,0.9237,-0.5008,18.5021,42.0636,314.4559,
57228354200,40.7363,-0.2150,0.9237,-0.5009,18.5390,42.1530,314.4374,
57242266900,40.7502,-0.2151,0.9237,-0.5009,18.5809,42.2508,314.4147,
57256032200,40.7642,-0.2152,0.9238,-0.5010,18.6222,42.2602,314.3989,
57270057400,40.7780,-0.2152,0.9239,-0.5011,18.6594,42.2668,314.3841,
57283917000,40.7919,-0.2152,0.9240,-0.5012,18.6931,42.3040,314.4009,
57297737900,40.8057,-0.2152,0.9241,-0.5013,18.7366,42.3515,314.4235,
57311641600,40.8198,-0.2151,0.9242,-0.5014,18.7640,42.3602,314.4495,
57325687800,40.8336,-0.2150,0.9244,-0.5015,18.7923,42.3676,314.4778,
57339638500,40.8476,-0.2149,0.9245,-0.5016,18.8228,42.3739,314.5092,
57353406600,40.8616,-0.2148,0.9247,-0.5016,18.8197,42.5104,314.6307,
57367408300,40.8754,-0.2146,0.9249,-0.5017,18.8086,42.7255,314.8234,
57381539500,40.8894,-0.2145,0.9250,-0.5017,18.8185,42.9781,314.9497,
57395296800,40.9034,-0.2144,0.9250,-0.5017,18.8240,43.2440,315.0807,
57409232700,40.9172,-0.2144,0.9251,-0.5018,18.8250,43.5115,315.2106,
57423227400,40.9312,-0.2143,0.9251,-0.5017,18.7484,43.6665,315.1445,
57436998600,40.9449,-0.2142,0.9252,-0.5017,18.6645,43.8279,315.0709,
57450730200,40.9589,-0.2142,0.9252,-0.5017,18.5702,44.0266,314.7564,
57464812100,40.9728,-0.2141,0.9253,-0.5017,18.4602,44.2502,314.3890,
57478761000,40.9868,-0.2140,0.9251,-0.5018,18.3539,44.3746,314.1812,
57492559000,41.0006,-0.2138,0.9250,-0.5019,18.2570,44.4829,313.9918,
57506741400,41.0147,-0.2137,0.9249,-0.5020,18.1640,44.5829,313.8098,
57520317300,41.0283,-0.2135,0.9248,-0.5020,18.1142,44.6148,313.6979,
57534262900,41.0424,-0.2134,0.9247,-0.5020,18.0692,44.6419,313.5969,
57548581100,41.0565,-0.2132,0.9245,-0.5022,18.0539,44.6789,313.6237,
57562384900,41.0704,-0.2129,0.9243,-0.5025,18.0371,44.7189,313.6531,
57576113500,41.0842,-0.2126,0.9241,-0.5028,18.0142,44.7724,313.6931,
57590022400,41.0980,-0.2124,0.9240,-0.5030,17.9809,44.7961,313.7205,
57604207500,41.1122,-0.2123,0.9239,-0.5032,17.9412,44.8232,313.7527,
57618107800,41.1261,-0.2122,0.9241,-0.5034,17.8524,44.8673,313.7131,
57631818500,41.1399,-0.2121,0.9243,-0.5035,17.7195,44.9311,313.6498,
57645897200,41.1539,-0.2120,0.9244,-0.5037,17.5062,45.1158,313.3832,
57659883600,41.1678,-0.2119,0.9245,-0.5039,17.2589,45.3319,313.0592,
57673552900,41.1817,-0.2118,0.9247,-0.5041,17.0134,45.5486,312.7231,
57687575100,41.1956,-0.2118,0.9249,-0.5042,16.9693,45.5448,312.5569,
57701491800,41.2095,-0.2117,0.9251,-0.5042,16.9359,45.5411,312.4238,
57715246100,41.2233,-0.2115,0.9252,-0.5042,16.9722,45.5821,312.4362,
57729290700,41.2373,-0.2113,0.9253,-0.5042,17.0270,45.6432,312.4540,
57743464100,41.2514,-0.2110,0.9253,-0.5042,17.1191,45.7449,312.4828,
57757170700,41.2652,-0.2104,0.9260,-0.5043,17.2805,45.8984,312.7010,
57771197000,41.2792,-0.2096,0.9268,-0.5044,17.4879,46.0955,312.9831,
57784896600,41.2929,-0.2085,0.9284,-0.5042,17.6817,46.1273,313.1376,
57799094800,41.3071,-0.2074,0.9300,-0.5041,17.8684,46.1555,313.2855,
57812330600,41.3204,-0.2062,0.9310,-0.5038,18.2640,46.0766,313.4180,
57826447900,41.3344,-0.2051,0.9319,-0.5036,18.6970,45.9864,313.5590,
57840769400,41.3487,-0.2042,0.9327,-0.5034,19.1300,45.8926,313.6962,
57854472800,41.3626,-0.2035,0.9332,-0.5032,19.2724,45.9270,313.7484,
57868156000,41.3761,-0.2028,0.9337,-0.5031,19.3835,45.9509,313.7878,
57881967000,41.3899,-0.2024,0.9341,-0.5030,19.3679,45.9606,313.7715,
57896320500,41.4043,-0.2021,0.9344,-0.5029,19.3511,45.9705,313.7532,
57909918200,41.4180,-0.2017,0.9348,-0.5028,19.3331,45.9806,313.7333,
57923911700,41.4319,-0.2017,0.9348,-0.5029,19.2551,46.0483,313.6724,
57937863700,41.4458,-0.2017,0.9348,-0.5029,19.1089,46.1747,313.5571,
57951675300,41.4598,-0.2017,0.9347,-0.5030,19.0211,46.3133,313.5030,
57965730100,41.4737,-0.2016,0.9346,-0.5031,18.9345,46.4518,313.4494,
57979789300,41.4878,-0.2016,0.9345,-0.5030,18.8751,46.5912,313.3898,
57993575600,41.5016,-0.2015,0.9345,-0.5029,18.8177,46.7301,313.3307,
58007528100,41.5155,-0.2014,0.9344,-0.5029,18.7620,46.8691,313.2717,
58021447200,41.5294,-0.2015,0.9347,-0.5028,18.7369,46.9150,313.2191,
58035264200,41.5434,-0.2015,0.9349,-0.5027,18.7170,46.9524,313.1752,
58049415200,41.5573,-0.2015,0.9351,-0.5027,18.6551,47.1161,312.9853,
58063386800,41.5714,-0.2015,0.9352,-0.5026,18.5816,47.3174,312.7497,
58077153500,41.5851,-0.2015,0.9354,-0.5026,18.5075,47.5272,312.5020,
58091137400,41.5993,-0.2015,0.9356,-0.5025,18.3853,47.6555,312.2831,
58104966900,41.6129,-0.2014,0.9358,-0.5025,18.2724,47.7753,312.0770,
58118786900,41.6268,-0.2014,0.9358,-0.5024,18.1840,47.8973,312.0757,
58132481800,41.6406,-0.2013,0.9358,-0.5023,18.1062,48.0052,312.0747,
58146716200,41.6547,-0.2012,0.9358,-0.5022,18.1163,48.0496,312.0858,
58160822200,41.6687,-0.2011,0.9358,-0.5021,18.1257,48.0866,312.0954,
58174487000,41.6826,-0.2010,0.9357,-0.5021,18.1365,48.1260,312.1060,
58188489600,41.6965,-0.2008,0.9359,-0.5019,18.1607,48.1338,312.1091,
58202760000,41.7107,-0.2006,0.9361,-0.5016,18.1873,48.1408,312.1124,
58216208800,41.7243,-0.2003,0.9363,-0.5016,18.2323,48.1400,312.0993,
58230400400,41.7383,-0.2001,0.9367,-0.5016,18.2945,48.1371,312.0807,
58244116800,41.7521,-0.1996,0.9369,-0.5016,18.3422,48.1256,312.0363,
58258010200,41.7660,-0.1992,0.9372,-0.5015,18.4008,48.1093,311.9795,
58271928600,41.7800,-0.1987,0.9375,-0.5015,18.4701,48.0876,311.9100,
58285965700,41.7940,-0.1985,0.9377,-0.5016,18.4655,48.0796,311.8445,
58299833400,41.8078,-0.1984,0.9378,-0.5016,18.4571,48.0692,311.7658,
58313955400,41.8221,-0.1982,0.9379,-0.5017,18.4435,48.0553,311.6668,
58328023600,41.8359,-0.1981,0.9377,-0.5018,18.4399,48.0676,311.6487,
58342089500,41.8501,-0.1980,0.9376,-0.5019,18.4349,48.0808,311.6304,
58355451000,41.8635,-0.1979,0.9376,-0.5018,18.4412,48.0537,311.6394,
58369624900,41.8776,-0.1978,0.9376,-0.5018,18.4474,48.0238,311.6506,
58383916500,41.8918,-0.1977,0.9376,-0.5017,18.4840,48.0276,311.6833,
58397645600,41.9056,-0.1976,0.9375,-0.5017,18.5256,48.0325,311.7221,
58411402000,41.9195,-0.1974,0.9375,-0.5016,18.6010,48.0422,311.7948,
58425309800,41.9333,-0.1973,0.9375,-0.5016,18.5766,48.0462,311.8323,
58439529200,41.9475,-0.1971,0.9375,-0.5015,18.5489,48.0507,311.8730,
58453179100,41.9613,-0.1970,0.9373,-0.5015,18.4535,48.0490,311.9424,
58467103500,41.9751,-0.1968,0.9372,-0.5015,18.3094,48.0463,312.0436,
58480982800,41.9890,-0.1967,0.9371,-0.5014,18.0827,47.9186,312.0599,
58494815000,42.0029,-0.1966,0.9369,-0.5013,17.8123,47.7649,312.0745,
58508835800,42.0168,-0.1964,0.9367,-0.5013,17.5221,47.5988,312.0856,
58522712400,42.0307,-0.1963,0.9366,-0.5011,17.2124,47.3867,311.9015,
58536611400,42.0446,-0.1961,0.9365,-0.5010,16.8927,47.1685,311.7090,
58550380800,42.0584,-0.1960,0.9364,-0.5008,16.7436,47.0193,311.5109,
58564385900,42.0724,-0.1958,0.9362,-0.5007,16.6041,46.8799,311.3239,
58578422400,42.0864,-0.1954,0.9359,-0.5000,16.4991,46.7001,311.2177,
58592290200,42.1004,-0.1950,0.9356,-0.4994,16.3938,46.5194,311.1103,
58606440800,42.1144,-0.1946,0.9353,-0.4987,16.2851,46.3330,310.9989,
58620675700,42.1286,-0.1941,0.9349,-0.4979,16.3124,46.1583,310.8861,
58634063900,42.1422,-0.1937,0.9345,-0.4971,16.3412,45.9737,310.7663,
58648072300,42.1560,-0.1926,0.9344,-0.4951,16.4720,45.6984,310.6423,
58662042800,42.1699,-0.1915,0.9343,-0.4931,16.6207,45.3862,310.5012,
58675749000,42.1839,-0.1906,0.9342,-0.4914,16.7762,45.0601,310.3530,
58689818900,42.1978,-0.1893,0.9351,-0.4893,17.0468,44.3965,310.3354,
58703633300,42.2116,-0.1882,0.9358,-0.4875,17.3254,43.7151,310.3133,
58717551100,42.2255,-0.1875,0.9368,-0.4860,17.5820,43.0080,310.5428,
58731310700,42.2394,-0.1869,0.9376,-0.4848,17.8238,42.3528,310.7482,
58745415100,42.2534,-0.1864,0.9374,-0.4840,17.8770,41.7939,310.9926,
58759300200,42.2673,-0.1860,0.9373,-0.4832,17.9338,41.2823,311.2106,
58772949000,42.2810,-0.1855,0.9372,-0.4825,17.9934,40.8031,311.4101,
58787375400,42.2953,-0.1853,0.9369,-0.4818,17.8507,40.0369,311.4080,
58801022400,42.3089,-0.1850,0.9366,-0.4810,17.7241,39.2847,311.4174,
58814932700,42.3231,-0.1845,0.9351,-0.4791,17.4664,38.6388,311.1052,
58829244200,42.3371,-0.1840,0.9337,-0.4771,17.2309,38.0162,310.8292,
58843194200,42.3511,-0.1833,0.9331,-0.4756,17.2459,37.6049,310.5077,
58856940600,42.3649,-0.1827,0.9326,-0.4741,17.2574,37.2030,310.2152,
58870826800,42.3789,-0.1821,0.9321,-0.4728,17.2662,36.7916,309.9332,
58885029300,42.3929,-0.1818,0.9325,-0.4717,17.4822,36.6755,309.7667,
58898924300,42.4069,-0.1816,0.9329,-0.4706,17.6980,36.5393,309.5953,
58912824300,42.4209,-0.1813,0.9333,-0.4694,17.9273,36.3754,309.4083,
58927028700,42.4351,-0.1814,0.9336,-0.4683,18.3001,36.0867,309.2630,
58941022100,42.4490,-0.1815,0.9338,-0.4671,18.6919,35.7632,309.1024,
58954625600,42.4628,-0.1805,0.9351,-0.4654,19.8768,35.5457,309.1800,
58968847700,42.4769,-0.1796,0.9364,-0.4637,21.0401,35.3072,309.2426,
58982653600,42.4907,-0.1789,0.9368,-0.4616,22.9711,34.7769,309.8148,
58997179400,42.5051,-0.1783,0.9372,-0.4596,24.6040,34.3184,310.2683,
59010697400,42.5188,-0.1769,0.9375,-0.4579,25.5620,34.4784,310.9200,
59024606800,42.5326,-0.1757,0.9377,-0.4562,26.3876,34.5757,311.4410,
59038513800,42.5465,-0.1746,0.9380,-0.4546,27.1519,34.6373,311.8943,
59052587000,42.5606,-0.1745,0.9375,-0.4538,27.8607,34.6242,312.3162,
59066604000,42.5746,-0.1743,0.9370,-0.4530,28.5706,34.6041,312.7202,
59080550600,42.5886,-0.1743,0.9365,-0.4530,28.9374,34.9459,313.7000,
59094302000,42.6025,-0.1742,0.9359,-0.4528,29.3602,35.2633,314.6544,
59108341900,42.6163,-0.1742,0.9355,-0.4529,29.0872,35.2674,314.8530,
59122196400,42.6302,-0.1742,0.9351,-0.4529,28.8853,35.2703,315.0487,
59135929300,42.6441,-0.1741,0.9346,-0.4528,28.7011,35.2727,315.2794,
59150107800,42.6581,-0.1743,0.9339,-0.4531,28.4833,35.1827,315.3406,
59164225000,42.6722,-0.1745,0.9331,-0.4533,28.2814,35.0903,315.4196,
59178075800,42.6860,-0.1751,0.9316,-0.4539,28.1635,34.9594,315.3449,
59191768800,42.6999,-0.1757,0.9301,-0.4544,28.0600,34.8306,315.2797,
59205869500,42.7139,-0.1762,0.9288,-0.4548,27.9637,34.6972,315.2192,
59220160900,42.7281,-0.1760,0.9288,-0.4548,27.7048,34.4024,314.9734,
59233844300,42.7420,-0.1758,0.9288,-0.4548,27.4231,34.0687,314.7041,
59247774700,42.7557,-0.1758,0.9287,-0.4552,27.4478,33.5798,314.4508,
59261555500,42.7696,-0.1757,0.9284,-0.4557,27.4854,33.0716,314.1945,
59275256200,42.7834,-0.1754,0.9278,-0.4567,27.4264,33.0516,314.1617,
59289305600,42.7973,-0.1751,0.9271,-0.4577,27.4011,33.0428,314.1478,
59303810300,42.8118,-0.1748,0.9265,-0.4587,27.3753,33.0337,314.1339,
59317234300,42.8253,-0.1747,0.9255,-0.4604,27.3480,33.0402,314.1508,
59330925700,42.8390,-0.1747,0.9246,-0.4619,27.3202,33.0478,314.1706,
59345057400,42.8531,-0.1746,0.9234,-0.4626,27.2540,33.1231,314.1998,
59358934200,42.8669,-0.1745,0.9223,-0.4632,27.1303,33.2704,314.2572,
59372785800,42.8809,-0.1744,0.9213,-0.4637,26.9746,33.4633,314.3326,
59386917800,42.8949,-0.1746,0.9213,-0.4643,26.9197,33.6147,314.3810,
59400474700,42.9085,-0.1747,0.9213,-0.4648,26.8708,33.7618,314.4283,
59414485000,42.9226,-0.1752,0.9210,-0.4661,26.8463,34.1263,314.6337,
59428622500,42.9366,-0.1757,0.9206,-0.4676,26.8233,34.5545,314.8767,
59442795100,42.9507,-0.1761,0.9203,-0.4691,26.8043,35.0008,315.1313,
59456469700,42.9645,-0.1764,0.9203,-0.4694,26.6969,35.1925,315.1486,
59470177600,42.9783,-0.1766,0.9202,-0.4697,26.6048,35.3646,315.1654,
59484482100,42.9925,-0.1772,0.9206,-0.4694,26.5142,35.3318,314.9088,
59498246300,43.0062,-0.1781,0.9210,-0.4689,26.3922,35.2867,314.5540,
59511991200,43.0202,-0.1792,0.9220,-0.4680,26.3915,35.2053,314.2182,
59525958800,43.0340,-0.1804,0.9229,-0.4672,26.3950,35.1204,313.8722,
59539984400,43.0480,-0.1814,0.9237,-0.4665,26.4022,35.0338,313.5234,
59553906600,43.0620,-0.1824,0.9240,-0.4653,26.1480,34.9039,312.7608,
59567765800,43.0758,-0.1834,0.9243,-0.4642,25.8899,34.7733,311.9790,
59581764400,43.0898,-0.1835,0.9242,-0.4643,25.6503,34.9802,311.8196,
59595615200,43.1037,-0.1837,0.9241,-0.4643,25.4450,35.1566,311.6748,
59609766200,43.1177,-0.1837,0.9245,-0.4643,24.8604,35.3532,311.7821,
59623442900,43.1315,-0.1837,0.9251,-0.4644,24.2017,35.5703,311.8930,
59637324000,43.1453,-0.1838,0.9260,-0.4645,23.5402,35.7843,311.9949,
59651623500,43.1598,-0.1844,0.9266,-0.4644,23.4861,35.6575,312.0744,
59665336000,43.1733,-0.1851,0.9272,-0.4643,23.4377,35.5632,312.1342,
59678842200,43.1868,-0.1853,0.9285,-0.4641,23.2817,35.5076,312.2229,
59692808800,43.2010,-0.1855,0.9299,-0.4639,23.0909,35.4459,312.3258,
59706942100,43.2150,-0.1857,0.9312,-0.4638,22.8735,35.3812,312.4379,
59721074100,43.2290,-0.1862,0.9325,-0.4638,22.8735,35.3435,312.4570,
59734867700,43.2430,-0.1866,0.9337,-0.4639,22.8720,35.3206,312.4687,
59748545700,43.2565,-0.1871,0.9342,-0.4638,22.8933,35.3168,312.4999,
59762439000,43.2704,-0.1876,0.9347,-0.4638,22.9156,35.3139,312.5337,
59775973800,43.2840,-0.1881,0.9352,-0.4637,22.9399,35.3117,312.5716,
59790170200,43.2981,-0.1884,0.9364,-0.4640,22.9244,35.3162,312.5941,
59804412000,43.3124,-0.1887,0.9378,-0.4642,22.9063,35.3219,312.6175,
59818393800,43.3264,-0.1890,0.9384,-0.4643,22.9199,35.2951,312.6470,
59832116400,43.3402,-0.1893,0.9390,-0.4643,22.9391,35.2567,312.6881,
59846682800,43.3546,-0.1893,0.9397,-0.4646,22.9404,35.2649,312.6984,
59860182000,43.3682,-0.1893,0.9406,-0.4648,22.9410,35.2752,312.7078,
59873925900,43.3821,-0.1893,0.9414,-0.4651,22.9410,35.2874,312.7163,
59887948100,43.3958,-0.1893,0.9414,-0.4651,22.9984,35.2444,312.7299,
59901992600,43.4100,-0.1894,0.9414,-0.4652,23.1645,35.1204,312.7652,
59915686200,43.4238,-0.1893,0.9413,-0.4653,23.1667,35.0893,312.7661,
59929844500,43.4378,-0.1891,0.9413,-0.4654,23.1670,35.0625,312.7655,
59943565100,43.4515,-0.1892,0.9414,-0.4654,23.1376,35.0160,312.7341,
59957571000,43.4656,-0.1892,0.9416,-0.4653,23.0849,34.9388,312.6784,
59971510400,43.4796,-0.1893,0.9417,-0.4653,22.9999,34.8222,312.5894,
59985770600,43.4937,-0.1894,0.9417,-0.4653,22.8223,34.8405,312.5431,
59999589800,43.5075,-0.1895,0.9417,-0.4653,22.5788,34.8722,312.4794,
60012942200,43.5211,-0.1896,0.9418,-0.4654,22.4168,34.8925,312.4623,
60027016400,43.5350,-0.1898,0.9418,-0.4655,22.2562,34.9169,312.4456,
60040918500,43.5489,-0.1899,0.9419,-0.4656,22.0913,34.9458,312.4285,
60054629400,43.5627,-0.1899,0.9420,-0.4657,22.0893,34.9369,312.4235,
60068617700,43.5766,-0.1900,0.9421,-0.4659,22.0878,34.9282,312.4181,
60082493200,43.5905,-0.1899,0.9421,-0.4661,22.0753,34.9696,312.4449,
60096375400,43.6044,-0.1897,0.9420,-0.4665,22.0622,35.0160,312.4745,
60110162500,43.6182,-0.1896,0.9418,-0.4671,21.9682,35.0531,312.5093,
60124300800,43.6323,-0.1894,0.9416,-0.4679,21.8109,35.1142,312.5665,
60138000500,43.6460,-0.1892,0.9414,-0.4687,21.6121,35.1900,312.6372,
60151885300,43.6600,-0.1895,0.9406,-0.4697,21.0719,35.3141,312.8487,
60165689500,43.6736,-0.1897,0.9398,-0.4706,20.4796,35.4449,313.0770,
60179653300,43.6876,-0.1902,0.9385,-0.4720,19.8689,35.6782,312.9923,
60193120300,43.7013,-0.1907,0.9373,-0.4734,19.2908,35.8976,312.9084,
60207583000,43.7156,-0.1911,0.9362,-0.4745,18.7559,36.0996,312.8276,
60221659700,43.7296,-0.1914,0.9354,-0.4751,18.3398,36.1616,312.7112,
60234996200,43.7431,-0.1917,0.9347,-0.4757,17.9562,36.2219,312.6046,
60249189800,43.7571,-0.1919,0.9340,-0.4762,17.5871,36.2825,312.5027,
60262974700,43.7710,-0.1923,0.9334,-0.4775,17.1369,36.7339,312.2478,
60276943100,43.7849,-0.1926,0.9325,-0.4787,16.9689,37.1731,312.1856,
60290327800,43.7984,-0.1928,0.9316,-0.4799,16.8001,37.5836,312.1246,
60304664500,43.8126,-0.1931,0.9308,-0.4810,16.6286,37.9764,312.0637,
60318306700,43.8263,-0.1933,0.9302,-0.4820,16.6352,38.2965,312.0487,
60332447800,43.8405,-0.1935,0.9296,-0.4829,16.6318,38.6016,312.0327,
60346488000,43.8545,-0.1933,0.9284,-0.4836,16.6723,38.7736,312.1504,
60360164200,43.8681,-0.1932,0.9272,-0.4842,16.7060,38.9429,312.2629,
60374228600,43.8823,-0.1930,0.9261,-0.4849,16.7370,39.1260,312.3818,
60388124900,43.8960,-0.1928,0.9253,-0.4854,16.7527,39.2308,312.4770,
60401851200,43.9098,-0.1927,0.9246,-0.4860,16.7652,39.3343,312.5690,
60416037500,43.9242,-0.1927,0.9239,-0.4863,16.7856,39.4517,312.6358,
60430273600,43.9383,-0.1927,0.9232,-0.4867,16.8053,39.5790,312.7066,
60444281400,43.9522,-0.1927,0.9225,-0.4871,16.8247,39.7182,312.7823,
60457766300,43.9657,-0.1926,0.9220,-0.4873,16.7885,39.8492,312.8037,
60471767800,43.9799,-0.1925,0.9215,-0.4875,16.7464,39.9932,312.8253,
60485857300,43.9939,-0.1926,0.9212,-0.4876,16.7825,40.2675,312.8486,
60499915000,44.0078,-0.1926,0.9209,-0.4876,16.8233,40.5831,312.8732,
60513691700,44.0218,-0.1926,0.9208,-0.4877,16.8220,40.9284,312.9058,
60527381000,44.0353,-0.1927,0.9207,-0.4878,16.8192,41.2720,312.9362,
60541645600,44.0496,-0.1928,0.9206,-0.4878,16.8151,41.6056,312.9639,
60555541400,44.0636,-0.1929,0.9207,-0.4879,16.7816,41.7531,312.9143,
60569157700,44.0771,-0.1931,0.9207,-0.4880,16.7516,41.8827,312.8697,
60583064200,44.0911,-0.1932,0.9209,-0.4880,16.7097,42.0499,312.8066,
60597295300,44.1053,-0.1934,0.9210,-0.4881,16.6641,42.2299,312.7377,
60610842600,44.1189,-0.1936,0.9212,-0.4882,16.6031,42.4814,312.7844,
60625210000,44.1332,-0.1938,0.9214,-0.4883,16.5371,42.7501,312.8356,
60639036000,44.1471,-0.1941,0.9216,-0.4884,16.4682,43.0279,312.8896,
60652941800,44.1611,-0.1943,0.9218,-0.4887,16.4769,43.3439,313.0057,
60667198700,44.1751,-0.1945,0.9219,-0.4889,16.4852,43.6664,313.1259,
60680524600,44.1885,-0.1946,0.9219,-0.4891,16.5160,43.8437,313.1797,
60694750200,44.2029,-0.1947,0.9219,-0.4892,16.5436,44.0019,313.2285,
60708327400,44.2163,-0.1947,0.9219,-0.4894,16.5704,44.1551,313.2762,
60722347000,44.2303,-0.1948,0.9219,-0.4895,16.5475,44.2426,313.3143,
60736478000,44.2445,-0.1948,0.9219,-0.4896,16.5259,44.3235,313.3498,
60749975100,44.2581,-0.1949,0.9220,-0.4897,16.4024,44.4275,313.3261,
60764018400,44.2720,-0.1950,0.9222,-0.4898,16.2347,44.5654,313.2924,
60778321600,44.2862,-0.1951,0.9223,-0.4899,16.0391,44.7229,313.2513,
60792071100,44.3002,-0.1953,0.9224,-0.4900,15.9291,44.8044,313.1469,
60805903000,44.3139,-0.1955,0.9225,-0.4902,15.8218,44.8820,313.0437,
60820139400,44.3281,-0.1957,0.9227,-0.4902,15.6940,44.9273,312.8999,
60834255800,44.3423,-0.1959,0.9229,-0.4903,15.5591,44.9731,312.7469,
60848096100,44.3560,-0.1962,0.9231,-0.4904,15.4197,45.0187,312.5875,
60861601100,44.3696,-0.1962,0.9233,-0.4904,15.3771,45.0829,312.5603,
60875169400,44.3833,-0.1962,0.9234,-0.4904,15.3429,45.1337,312.5382,
60889150600,44.3971,-0.1962,0.9237,-0.4905,15.3250,45.1445,312.5240,
60903271300,44.4113,-0.1962,0.9241,-0.4906,15.3060,45.1554,312.5087,
60917594800,44.4255,-0.1963,0.9253,-0.4909,15.3115,45.1682,312.4932,
60931030300,44.4392,-0.1965,0.9266,-0.4911,15.3184,45.1813,312.4768,
60945273900,44.4531,-0.1967,0.9278,-0.4913,15.3267,45.1945,312.4595,
60959389000,44.4674,-0.1969,0.9291,-0.4914,15.3365,45.2124,312.4496,
60972889000,44.4810,-0.1972,0.9303,-0.4915,15.3475,45.2308,312.4395,
60986889700,44.4949,-0.1974,0.9306,-0.4915,15.3993,45.2778,312.4150,
61001009700,44.5089,-0.1975,0.9309,-0.4915,15.4964,45.3631,312.3711,
61014524600,44.5227,-0.1975,0.9310,-0.4914,15.5573,45.4050,312.3906,
61028871100,44.5369,-0.1975,0.9312,-0.4913,15.6180,45.4448,312.4121,
61042507600,44.5505,-0.1976,0.9313,-0.4912,15.6696,45.4778,312.4031,
61056465500,44.5644,-0.1977,0.9314,-0.4911,15.7238,45.5110,312.3940,
61070253900,44.5784,-0.1978,0.9315,-0.4909,15.7821,45.5455,312.3843,
61084303300,44.5923,-0.1979,0.9316,-0.4908,15.8027,45.5674,312.3859,
61098209500,44.6062,-0.1980,0.9316,-0.4906,15.8236,45.5896,312.3881,
61112069700,44.6201,-0.1982,0.9317,-0.4905,15.8446,45.6121,312.3909,
61126126100,44.6341,-0.1984,0.9318,-0.4904,15.8602,45.6357,312.3772,
61140133600,44.6481,-0.1986,0.9319,-0.4904,15.8754,45.6597,312.3627,
61154151600,44.6623,-0.1989,0.9326,-0.4904,15.8827,45.6483,312.3575,
61168204500,44.6761,-0.1993,0.9334,-0.4903,15.8890,45.6340,312.3524,
61182228300,44.6902,-0.1994,0.9334,-0.4903,15.9060,45.6507,312.3594,
61195588100,44.7037,-0.1994,0.9333,-0.4902,15.9232,45.6679,312.3677,
61209817000,44.7178,-0.1995,0.9333,-0.4901,15.9406,45.6857,312.3773,
61224148900,44.7321,-0.1995,0.9333,-0.4900,15.9732,45.6804,312.3788,
61237469900,44.7455,-0.1995,0.9332,-0.4898,16.0072,45.6736,312.3806,
61251152200,44.7593,-0.1994,0.9331,-0.4897,16.0325,45.6792,312.3782,
61265646400,44.7736,-0.1994,0.9330,-0.4896,16.0582,45.6846,312.3757,
61279424200,44.7873,-0.1994,0.9330,-0.4895,16.0767,45.6821,312.3480,
61292999700,44.8011,-0.1994,0.9329,-0.4894,16.0949,45.6786,312.3176,
61307122400,44.8151,-0.1994,0.9329,-0.4893,16.1128,45.6742,312.2848,
61321009800,44.8290,-0.1994,0.9328,-0.4892,16.1532,45.6611,312.2654,
61334815000,44.8429,-0.1994,0.9328,-0.4891,16.2086,45.6419,312.2387,
61349264000,44.8573,-0.1994,0.9327,-0.4891,16.2149,45.6278,312.2026,
61363115600,44.8711,-0.1995,0.9327,-0.4890,16.2193,45.6125,312.1642,
61376665700,44.8846,-0.1995,0.9326,-0.4889,16.2530,45.6143,312.1677,
61390434800,44.8985,-0.1995,0.9325,-0.4889,16.2880,45.6169,312.1736,
61404460900,44.9125,-0.1996,0.9325,-0.4888,16.3244,45.6202,312.1817,
61418502900,44.9265,-0.1995,0.9324,-0.4888,16.3416,45.6252,312.1798,
61432670700,44.9408,-0.1995,0.9323,-0.4887,16.3582,45.6310,312.1789,
61446805400,44.9547,-0.1994,0.9324,-0.4887,16.3681,45.6280,312.1765,
61460204900,44.9682,-0.1994,0.9326,-0.4887,16.3769,45.6247,312.1749,
61473979900,44.9821,-0.1993,0.9327,-0.4887,16.3845,45.6212,312.1739,
61488283900,44.9963,-0.1992,0.9327,-0.4886,16.4081,45.6315,312.1611,
61502018200,45.0099,-0.1991,0.9326,-0.4885,16.4321,45.6428,312.1479,
61515711000,45.0238,-0.1991,0.9326,-0.4884,16.4473,45.6523,312.1179,
61530692900,45.0387,-0.1991,0.9326,-0.4884,16.4620,45.6625,312.0859,
61543942800,45.0519,-0.1991,0.9326,-0.4883,16.4763,45.6733,312.0519,
61557650100,45.0656,-0.1989,0.9326,-0.4883,16.4883,45.6875,312.0482,
61571093700,45.0792,-0.1988,0.9325,-0.4882,16.4998,45.7026,312.0453,
61585357700,45.0933,-0.1986,0.9323,-0.4883,16.4832,45.7130,312.0606,
61599428800,45.1074,-0.1985,0.9321,-0.4884,16.4636,45.7237,312.0783,
61613335000,45.1214,-0.1984,0.9319,-0.4885,16.4581,45.7467,312.0927,
61627374100,45.1354,-0.1983,0.9317,-0.4885,16.4515,45.7712,312.1089,
61641103800,45.1491,-0.1982,0.9316,-0.4886,16.4437,45.7971,312.1268,
61655350200,45.1634,-0.1981,0.9311,-0.4886,16.4323,45.8332,312.1515,
61669049500,45.1770,-0.1980,0.9306,-0.4886,16.4196,45.8714,312.1782,
61683287900,45.1912,-0.1980,0.9305,-0.4886,16.4433,45.9119,312.1807,
61697127600,45.2051,-0.1980,0.9304,-0.4886,16.4762,45.9657,312.1832,
61710836000,45.2189,-0.1980,0.9304,-0.4885,16.4904,46.0094,312.1798,
61724772500,45.2326,-0.1980,0.9305,-0.4885,16.5057,46.0555,312.1751,
61738977200,45.2469,-0.1980,0.9306,-0.4884,16.5225,46.1056,312.1689,
61752577000,45.2607,-0.1980,0.9308,-0.4885,16.5857,46.1386,312.1205,
61766513300,45.2744,-0.1980,0.9311,-0.4887,16.6716,46.1788,312.0528,
61780411300,45.2883,-0.1979,0.9310,-0.4887,16.7732,46.1977,312.0384,
61794449500,45.3026,-0.1979,0.9310,-0.4887,16.8857,46.2143,312.0228,
61808654800,45.3166,-0.1978,0.9310,-0.4887,17.0101,46.2282,312.0060,
61822533400,45.3305,-0.1978,0.9310,-0.4887,17.0356,46.2230,311.9878,
61836218500,45.3443,-0.1977,0.9310,-0.4888,17.0580,46.2165,311.9711,
61850216500,45.3581,-0.1976,0.9311,-0.4888,17.0633,46.2185,311.9705,
61863948000,45.3719,-0.1976,0.9312,-0.4889,17.0673,46.2197,311.9705,
61878089300,45.3861,-0.1975,0.9313,-0.4889,17.0702,46.2199,311.9711,
61891832500,45.3999,-0.1974,0.9312,-0.4890,17.0771,46.2492,311.9977,
61905738800,45.4137,-0.1973,0.9311,-0.4890,17.0834,46.2802,312.0270,
61919677600,45.4276,-0.1972,0.9309,-0.4890,17.1040,46.3147,312.0498,
61933422400,45.4415,-0.1970,0.9308,-0.4889,17.1254,46.3510,312.0744,
61947598800,45.4554,-0.1969,0.9307,-0.4888,17.1609,46.3727,312.0673,
61961420300,45.4694,-0.1968,0.9306,-0.4887,17.2047,46.3979,312.0572,
61975040100,45.4832,-0.1967,0.9305,-0.4885,17.2619,46.4294,312.0424,
61989490900,45.4974,-0.1966,0.9306,-0.4884,17.2715,46.4577,312.0020,
62003208000,45.5111,-0.1965,0.9307,-0.4883,17.2815,46.4921,311.9483,
62017136300,45.5251,-0.1964,0.9309,-0.4883,17.2926,46.4913,311.9190,
62031227300,45.5393,-0.1962,0.9312,-0.4884,17.3033,46.4884,311.8873,
62045329800,45.5533,-0.1960,0.9313,-0.4884,17.3115,46.5033,311.8687,
62059280400,45.5672,-0.1958,0.9314,-0.4885,17.3190,46.5182,311.8495,
62073236600,45.5813,-0.1955,0.9315,-0.4885,17.3260,46.5333,311.8298,
62086684500,45.5946,-0.1954,0.9315,-0.4887,17.3001,46.5552,311.8249,
62100549000,45.6085,-0.1953,0.9315,-0.4888,17.2708,46.5779,311.8208,
62114457900,45.6225,-0.1952,0.9313,-0.4889,17.2532,46.6125,311.8151,
62128743500,45.6367,-0.1951,0.9311,-0.4890,17.2326,46.6510,311.8096,
62142769800,45.6507,-0.1950,0.9309,-0.4892,17.2047,46.7013,311.8035,
62156793100,45.6648,-0.1950,0.9311,-0.4892,17.1768,46.7249,311.8184,
62170328100,45.6784,-0.1949,0.9312,-0.4892,17.1468,46.7486,311.8354,
62184518400,45.6925,-0.1948,0.9312,-0.4893,17.1554,46.7608,311.8358,
62198417600,45.7064,-0.1947,0.9312,-0.4895,17.1657,46.7721,311.8363,
62212272100,45.7204,-0.1946,0.9313,-0.4896,17.1778,46.7825,311.8371,
62226050500,45.7339,-0.1944,0.9313,-0.4897,17.1925,46.8069,311.8708,
62240316100,45.7483,-0.1942,0.9313,-0.4897,17.2089,46.8318,311.9074,
62253286100,45.7614,-0.1941,0.9312,-0.4899,17.2515,46.8456,311.9248,
62267700900,45.7757,-0.1940,0.9311,-0.4900,17.3152,46.8639,311.9498,
62281758400,45.7896,-0.1937,0.9310,-0.4901,17.3393,46.8769,311.9723,
62296390400,45.8044,-0.1934,0.9309,-0.4901,17.3643,46.8893,311.9959,
62309932300,45.8180,-0.1930,0.9308,-0.4902,17.3905,46.9012,312.0205,
62323853100,45.8318,-0.1927,0.9307,-0.4903,17.4866,46.8803,312.0330,
62337892700,45.8458,-0.1924,0.9307,-0.4903,17.6304,46.8449,312.0491,
62351160500,45.8593,-0.1923,0.9307,-0.4904,17.8109,46.8362,312.0408,
62365111600,45.8731,-0.1921,0.9307,-0.4904,18.0086,46.8237,312.0281,
62379044400,45.8870,-0.1920,0.9307,-0.4904,18.4325,46.8818,311.9647,
62392890300,45.9009,-0.1919,0.9306,-0.4904,18.8945,46.9433,311.8904,
62406890900,45.9149,-0.1918,0.9306,-0.4904,19.3456,47.0017,311.8131,
62421218100,45.9291,-0.1917,0.9305,-0.4905,19.6550,47.1202,311.7574,
62434785700,45.9429,-0.1917,0.9304,-0.4905,19.9349,47.2264,311.7043,
62448996400,45.9569,-0.1915,0.9303,-0.4905,20.0010,47.2592,311.6823,
62462669100,45.9706,-0.1913,0.9302,-0.4905,20.0457,47.2811,311.6666,
62476441300,45.9844,-0.1911,0.9301,-0.4905,20.0819,47.2986,311.6532,
62490423400,45.9985,-0.1910,0.9298,-0.4905,20.0959,47.3127,311.6628,
62504417700,46.0123,-0.1908,0.9293,-0.4904,20.1108,47.3278,311.6730,
62518537800,46.0264,-0.1907,0.9293,-0.4905,20.1135,47.3441,311.6852,
62532217600,46.0403,-0.1906,0.9293,-0.4905,20.1159,47.3612,311.6981,
62546143500,46.0541,-0.1906,0.9293,-0.4906,20.1179,47.3792,311.7115,
62560282800,46.0682,-0.1905,0.9292,-0.4906,20.1218,47.4170,311.7466,
62573971700,46.0821,-0.1904,0.9292,-0.4907,20.1254,47.4573,311.7840,
62587954400,46.0959,-0.1903,0.9290,-0.4907,20.1444,47.5019,311.8733,
62601842400,46.1098,-0.1903,0.9289,-0.4907,20.1708,47.5634,311.9999,
62616040400,46.1241,-0.1903,0.9288,-0.4907,20.2793,47.7082,312.2207,
62629832700,46.1378,-0.1903,0.9287,-0.4907,20.4064,47.8758,312.4773,
62643824100,46.1517,-0.1903,0.9286,-0.4906,20.5387,48.0488,312.7432,
62657485900,46.1655,-0.1903,0.9285,-0.4905,20.7547,48.1526,312.9076,
62671755200,46.1798,-0.1903,0.9284,-0.4905,20.9682,48.2530,313.0674,
62685480700,46.1934,-0.1903,0.9285,-0.4904,21.0012,48.2982,313.0945,
62699517400,46.2075,-0.1904,0.9285,-0.4903,21.0197,48.3232,313.1089,
62713499900,46.2216,-0.1904,0.9287,-0.4903,21.0288,48.3303,313.1082,
62727126400,46.2350,-0.1904,0.9288,-0.4902,21.0380,48.3368,313.1064,
62740887100,46.2488,-0.1904,0.9290,-0.4902,21.0475,48.3428,313.1034,
62754793100,46.2629,-0.1904,0.9289,-0.4902,21.0368,48.3434,313.0826,
62768873100,46.2768,-0.1905,0.9289,-0.4902,21.0245,48.3432,313.0592,
62782944600,46.2909,-0.1906,0.9289,-0.4904,20.9968,48.3395,313.0381,
62797170900,46.3051,-0.1907,0.9289,-0.4905,20.9663,48.3348,313.0150,
62810514700,46.3186,-0.1908,0.9290,-0.4907,20.9331,48.3291,312.9901,
62824660500,46.3326,-0.1908,0.9291,-0.4908,20.9256,48.3207,312.9682,
62838664300,46.3466,-0.1909,0.9292,-0.4909,20.9180,48.3112,312.9450,
62852404700,46.3605,-0.1909,0.9292,-0.4910,20.9325,48.3079,312.9484,
62866429200,46.3744,-0.1909,0.9293,-0.4911,20.9489,48.3043,312.9531,
62880348400,46.3883,-0.1909,0.9293,-0.4911,20.9671,48.3002,312.9591,
62894041700,46.4021,-0.1910,0.9294,-0.4912,20.9974,48.3165,312.9654,
62908208300,46.4162,-0.1910,0.9294,-0.4912,21.0378,48.3472,312.9675,
62922377900,46.4303,-0.1911,0.9294,-0.4911,21.1034,48.3971,312.9714,
62936602000,46.4444,-0.1912,0.9295,-0.4911,21.1981,48.4698,312.9779,
62949940500,46.4580,-0.1913,0.9297,-0.4911,21.3248,48.5210,312.9255,
62963625400,46.4716,-0.1914,0.9299,-0.4910,21.4699,48.5785,312.8644,
62977939500,46.4859,-0.1914,0.9300,-0.4910,21.5287,48.6072,312.8433,
62991647600,46.4997,-0.1915,0.9301,-0.4910,21.5742,48.6292,312.8266,
63005747900,46.5136,-0.1916,0.9303,-0.4910,21.6141,48.6483,312.8118,
63019264800,46.5272,-0.1920,0.9310,-0.4912,21.6227,48.6813,312.8075,
63033465300,46.5416,-0.1926,0.9319,-0.4914,21.6302,48.7162,312.8033,
63047461400,46.5554,-0.1931,0.9328,-0.4917,21.6367,48.7530,312.7993,
63061397900,46.5693,-0.1933,0.9332,-0.4918,21.6589,48.8169,312.7989,
63075255700,46.5834,-0.1935,0.9335,-0.4919,21.6855,48.8982,312.7992,
63089390100,46.5973,-0.1937,0.9338,-0.4920,21.7372,49.0033,312.7796,
63103115200,46.6111,-0.1939,0.9341,-0.4921,21.7943,49.1215,312.7575,
63116802000,46.6247,-0.1939,0.9341,-0.4921,21.8703,49.1888,312.7193,
63130583400,46.6387,-0.1939,0.9341,-0.4922,21.9457,49.2532,312.6808,
63144742400,46.6526,-0.1939,0.9341,-0.4922,22.0216,49.3160,312.6414,
63158592200,46.6665,-0.1939,0.9341,-0.4923,22.0327,49.3113,312.5916,
63172367200,46.6804,-0.1938,0.9341,-0.4924,22.0414,49.3050,312.5469,
63186393200,46.6944,-0.1938,0.9341,-0.4925,22.0284,49.2905,312.5125,
63200250500,46.7082,-0.1937,0.9340,-0.4926,22.0131,49.2734,312.4763,
63214433800,46.7226,-0.1936,0.9339,-0.4927,21.9955,49.2724,312.4436,
63228321500,46.7362,-0.1935,0.9337,-0.4927,21.9756,49.2707,312.4098,
63242950900,46.7508,-0.1934,0.9335,-0.4927,21.9529,49.2684,312.3735,
63256513000,46.7645,-0.1934,0.9335,-0.4928,21.9528,49.2581,312.3541,
63269696300,46.7778,-0.1934,0.9334,-0.4929,21.9528,49.2466,312.3351,
63283955300,46.7919,-0.1933,0.9333,-0.4928,21.9653,49.2652,312.3434,
63297849300,46.8058,-0.1933,0.9330,-0.4928,21.9791,49.2855,312.3545,
63311525800,46.8196,-0.1932,0.9331,-0.4928,21.9866,49.2814,312.3495,
63325498300,46.8335,-0.1931,0.9331,-0.4928,21.9944,49.2762,312.3454,
63339621200,46.8475,-0.1931,0.9332,-0.4928,22.0027,49.2702,312.3420,
63353399400,46.8615,-0.1930,0.9332,-0.4929,21.9897,49.2743,312.3348,
63367650900,46.8756,-0.1929,0.9332,-0.4930,21.9751,49.2786,312.3279,
63381253400,46.8892,-0.1929,0.9331,-0.4930,21.9806,49.2822,312.3199,
63395165700,46.9032,-0.1929,0.9330,-0.4930,21.9867,49.2859,312.3121,
63409091900,46.9171,-0.1930,0.9329,-0.4930,21.9934,49.2896,312.3045,
63423069700,46.9310,-0.1931,0.9330,-0.4931,21.9711,49.3030,312.2816,
63437279200,46.9453,-0.1932,0.9330,-0.4932,21.9468,49.3172,312.2576,
63450876700,46.9589,-0.1932,0.9329,-0.4933,21.9379,49.3283,312.2410,
63464791300,46.9728,-0.1932,0.9329,-0.4933,21.9288,49.3399,312.2241,
63478835000,46.9868,-0.1932,0.9327,-0.4934,21.9557,49.3578,312.1962,
63492513100,47.0006,-0.1932,0.9325,-0.4934,21.9904,49.3795,312.1627,
63506995100,47.0148,-0.1932,0.9323,-0.4935,22.0474,49.4132,312.1108,
63521858500,47.0298,-0.1933,0.9323,-0.4936,22.0499,49.4203,312.0842,
63534321600,47.0424,-0.1933,0.9324,-0.4936,22.0526,49.4271,312.0567,
63548356300,47.0563,-0.1933,0.9323,-0.4937,22.0556,49.4445,312.0389,
63562357400,47.0702,-0.1933,0.9323,-0.4938,22.0587,49.4627,312.0213,
63576397800,47.0844,-0.1934,0.9322,-0.4940,22.0335,49.4786,312.0031,
63590009100,47.0981,-0.1936,0.9322,-0.4942,22.0055,49.4950,311.9850,
63604077800,47.1120,-0.1937,0.9322,-0.4943,21.9748,49.5119,311.9670,
63618226500,47.1262,-0.1938,0.9321,-0.4944,21.9569,49.5333,311.9545,
63631698100,47.1398,-0.1938,0.9320,-0.4945,21.9378,49.5555,311.9426,
63645833300,47.1538,-0.1939,0.9319,-0.4945,21.9385,49.5688,311.9287,
63659827600,47.1678,-0.1939,0.9319,-0.4946,21.9403,49.5818,311.9152,
63673571600,47.1816,-0.1939,0.9318,-0.4946,21.9430,49.5945,311.9020,
63687569400,47.1956,-0.1940,0.9319,-0.4946,21.9657,49.5829,311.8782,
63701553000,47.2095,-0.1940,0.9320,-0.4946,21.9910,49.5688,311.8536,
63715564600,47.2237,-0.1940,0.9320,-0.4946,22.0264,49.5683,311.8340,
63729479100,47.2374,-0.1939,0.9319,-0.4946,22.0648,49.5671,311.8142,
63743269600,47.2513,-0.1939,0.9319,-0.4946,22.1186,49.5647,311.7885,
63757374300,47.2653,-0.1939,0.9317,-0.4946,22.1252,49.5631,311.7849,
63770986800,47.2791,-0.1939,0.9316,-0.4946,22.1316,49.5610,311.7826,
63785074000,47.2930,-0.1938,0.9314,-0.4946,22.0948,49.5589,311.7859,
63799134000,47.3071,-0.1938,0.9312,-0.4946,22.0539,49.5563,311.7908,
63812823100,47.3209,-0.1938,0.9310,-0.4945,22.0280,49.5609,311.8115,
63827313400,47.3353,-0.1938,0.9309,-0.4945,21.9999,49.5659,311.8351,
63840813000,47.3487,-0.1938,0.9308,-0.4945,21.9699,49.5711,311.8615,
63854824600,47.3629,-0.1937,0.9307,-0.4945,21.9708,49.5649,311.8782,
63869075600,47.3770,-0.1937,0.9305,-0.4944,21.9727,49.5580,311.8965,
63882475700,47.3905,-0.1936,0.9304,-0.4943,21.9756,49.5504,311.9162,
63897024400,47.4049,-0.1937,0.9304,-0.4943,21.9676,49.5500,311.9389,
63910717300,47.4188,-0.1937,0.9304,-0.4942,21.9596,49.5495,311.9631,
63924184900,47.4322,-0.1937,0.9306,-0.4942,21.9754,49.5537,311.9604,
63938095000,47.4461,-0.1937,0.9308,-0.4941,21.9931,49.5584,311.9567,
63951903600,47.4600,-0.1937,0.9309,-0.4940,21.9884,49.5523,311.9456,
63965978900,47.4739,-0.1937,0.9310,-0.4940,21.9835,49.5456,311.9330,
63980034300,47.4880,-0.1938,0.9310,-0.4940,21.9781,49.5383,311.9188,
63993810900,47.5019,-0.1939,0.9311,-0.4939,21.9390,49.5577,311.8987,
64007751100,47.5156,-0.1940,0.9311,-0.4938,21.8885,49.5830,311.8723,
64021656900,47.5296,-0.1940,0.9310,-0.4938,21.7992,49.7036,311.8571,
64035459600,47.5436,-0.1941,0.9308,-0.4938,21.6798,49.8681,311.8371,
64049522400,47.5575,-0.1941,0.9306,-0.4937,21.6210,50.0193,311.8349,
64063518200,47.5714,-0.1941,0.9304,-0.4937,21.5646,50.1712,311.8336,
64077342700,47.5853,-0.1941,0.9302,-0.4936,21.5941,50.2502,311.8041,
64091186000,47.5993,-0.1941,0.9300,-0.4936,21.6263,50.3264,311.7751,
64105165700,47.6131,-0.1940,0.9299,-0.4935,21.6648,50.4086,311.7433,
64119693500,47.6276,-0.1940,0.9300,-0.4934,21.6925,50.4032,311.7269,
64133017700,47.6411,-0.1939,0.9300,-0.4932,21.7233,50.3957,311.7094,
64147014400,47.6550,-0.1939,0.9300,-0.4932,21.7450,50.3861,311.7091,
64160987000,47.6689,-0.1939,0.9300,-0.4931,21.7684,50.3746,311.7096,
64174860800,47.6829,-0.1939,0.9299,-0.4930,21.7937,50.3611,311.7108,
64189066600,47.6971,-0.1939,0.9300,-0.4929,21.8136,50.3402,311.6815,
64202707800,47.7107,-0.1939,0.9301,-0.4928,21.8346,50.3170,311.6501,
64216569900,47.7245,-0.1938,0.9303,-0.4927,21.8086,50.3048,311.6356,
64230965400,47.7389,-0.1938,0.9304,-0.4926,21.7791,50.2917,311.6210,
64244558800,47.7525,-0.1937,0.9306,-0.4925,21.7461,50.2777,311.6062,
64258758900,47.7667,-0.1937,0.9304,-0.4925,21.6840,50.2772,311.6093,
64272491400,47.7806,-0.1937,0.9303,-0.4926,21.5674,50.2770,311.6173,
64286265400,47.7941,-0.1937,0.9302,-0.4926,21.2716,50.1289,311.6619,
64300406800,47.8084,-0.1936,0.9301,-0.4925,20.9069,49.9453,311.7221,
64314256900,47.8224,-0.1934,0.9301,-0.4925,20.8072,49.8833,311.7536,
64328385000,47.8363,-0.1932,0.9300,-0.4925,20.7334,49.8367,311.7791,
64342263500,47.8502,-0.1930,0.9299,-0.4924,20.6703,49.7963,311.8025,
64355714100,47.8638,-0.1926,0.9296,-0.4923,20.6663,49.7748,311.8419,
64369760000,47.8777,-0.1920,0.9292,-0.4921,20.6632,49.7515,311.8862,
64383933800,47.8919,-0.1914,0.9292,-0.4914,20.6807,49.7125,311.9044,
64398893900,47.9068,-0.1908,0.9292,-0.4907,20.7054,49.6614,311.9279,
64411684700,47.9198,-0.1900,0.9293,-0.4901,20.7356,49.6272,311.9055,
64426165900,47.9341,-0.1892,0.9293,-0.4895,20.7780,49.5813,311.8730,
64439382200,47.9473,-0.1885,0.9294,-0.4890,20.8394,49.5172,311.8247,
64453300400,47.9613,-0.1882,0.9293,-0.4888,20.9401,49.4552,311.8272,
64467097500,47.9751,-0.1878,0.9292,-0.4886,21.0626,49.3830,311.8299,
64480989300,47.9889,-0.1876,0.9290,-0.4884,21.0747,49.3681,311.8587,
64494806000,48.0029,-0.1875,0.9288,-0.4881,21.0848,49.3561,311.8854,
64509406400,48.0173,-0.1872,0.9286,-0.4879,21.0945,49.3447,311.9143,
64522793100,48.0307,-0.1869,0.9281,-0.4878,21.0039,49.3681,312.1308,
64537002800,48.0449,-0.1866,0.9275,-0.4878,20.8533,49.4107,312.4773,
64550456400,48.0586,-0.1866,0.9274,-0.4879,20.7436,49.4506,312.6563,
64564699400,48.0726,-0.1865,0.9272,-0.4880,20.6389,49.4910,312.8202,
64578812000,48.0867,-0.1866,0.9273,-0.4883,20.6451,49.5236,312.8301,
64592665300,48.1008,-0.1867,0.9275,-0.4887,20.6519,49.5600,312.8394,
64606365100,48.1143,-0.1868,0.9276,-0.4894,20.6594,49.6002,312.8482,
64620471200,48.1283,-0.1870,0.9279,-0.4902,20.7175,49.6453,312.7704,
64634418400,48.1425,-0.1871,0.9281,-0.4911,20.8382,49.7378,312.6049,
64648192100,48.1561,-0.1872,0.9285,-0.4918,21.0231,49.8461,312.3369,
64662164300,48.1701,-0.1873,0.9289,-0.4923,21.2271,49.9628,312.0365,
64676130100,48.1842,-0.1873,0.9293,-0.4929,21.4318,50.0770,311.7310,
64690100800,48.1981,-0.1874,0.9291,-0.4929,21.4033,50.2183,311.4931,
64704195200,48.2122,-0.1876,0.9289,-0.4930,21.3775,50.3517,311.2632,
64718211700,48.2261,-0.1877,0.9288,-0.4930,21.3470,50.4617,311.1905,
64731810200,48.2398,-0.1878,0.9287,-0.4930,21.3205,50.5586,311.1243,
64746064500,48.2539,-0.1879,0.9284,-0.4926,21.2986,50.5684,311.1064,
64759839400,48.2678,-0.1881,0.9279,-0.4920,21.2797,50.5764,311.0906,
64773433500,48.2815,-0.1883,0.9273,-0.4913,21.2594,50.5845,311.0731,
64787464100,48.2953,-0.1881,0.9262,-0.4903,21.2593,50.5641,311.0766,
64801662400,48.3096,-0.1880,0.9253,-0.4893,21.2597,50.5412,311.0806,
64815128100,48.3232,-0.1877,0.9244,-0.4883,21.2444,50.4915,311.0775,
64829768100,48.3377,-0.1874,0.9236,-0.4874,21.2218,50.4166,311.0728,
64843916500,48.3518,-0.1872,0.9229,-0.4866,21.1864,50.2969,311.0656,
64857116000,48.3650,-0.1869,0.9228,-0.4856,21.0825,50.0583,311.1820,
64870644500,48.3787,-0.1867,0.9228,-0.4846,20.9588,49.7712,311.3247,
64885139300,48.3930,-0.1866,0.9227,-0.4841,20.9913,49.6036,311.5486,
64899323000,48.4072,-0.1866,0.9226,-0.4837,21.0264,49.4407,311.7713,
64912836600,48.4209,-0.1867,0.9228,-0.4831,20.9883,49.2570,311.9116,
64926719400,48.4347,-0.1867,0.9231,-0.4823,20.9532,49.0831,312.0460,
64941076200,48.4490,-0.1867,0.9233,-0.4816,20.9201,48.9146,312.1777,
64954662700,48.4627,-0.1867,0.9236,-0.4808,20.9272,48.7457,312.2839,
64968457500,48.4764,-0.1866,0.9239,-0.4800,20.9349,48.5800,312.3889,
64982669200,48.4906,-0.1864,0.9239,-0.4791,20.8824,48.4120,312.3774,
64996495300,48.5045,-0.1862,0.9240,-0.4782,20.8300,48.2451,312.3656,
65010344700,48.5184,-0.1860,0.9239,-0.4771,20.7993,48.1418,312.2840,
65024849300,48.5328,-0.1859,0.9237,-0.4761,20.7675,48.0350,312.1974,
65038087900,48.5460,-0.1857,0.9236,-0.4751,20.7316,47.9154,312.0983,
65051922500,48.5600,-0.1857,0.9238,-0.4742,20.6996,47.8081,311.9702,
65065931100,48.5738,-0.1857,0.9239,-0.4732,20.6645,47.6916,311.8277,
65080347000,48.5883,-0.1857,0.9250,-0.4715,20.6159,47.5260,311.7497,
65093658000,48.6018,-0.1858,0.9260,-0.4698,20.5632,47.3475,311.6667,
65107537900,48.6155,-0.1859,0.9269,-0.4683,20.5074,47.1595,311.5804,
65121881100,48.6298,-0.1856,0.9273,-0.4667,20.4149,47.0029,311.4224,
65135283100,48.6434,-0.1854,0.9277,-0.4653,20.3174,46.8411,311.2577,
65149637200,48.6576,-0.1852,0.9279,-0.4641,20.1767,46.5757,311.1802,
65163253000,48.6712,-0.1849,0.9281,-0.4630,20.0249,46.2920,311.1010,
65177487900,48.6854,-0.1850,0.9278,-0.4623,19.9648,46.1338,311.0468,
65191031200,48.6992,-0.1850,0.9276,-0.4616,19.9134,45.9980,311.0016,
65205648900,48.7136,-0.1850,0.9273,-0.4608,19.8657,45.8715,310.9605,
65219303600,48.7273,-0.1850,0.9277,-0.4604,19.8168,45.5884,310.9156,
65233313600,48.7414,-0.1849,0.9280,-0.4599,19.7622,45.2660,310.8669,
65247098900,48.7551,-0.1849,0.9284,-0.4594,19.7070,44.9339,310.8189,
65260863900,48.7689,-0.1849,0.9293,-0.4590,19.6611,44.7880,310.7025,
65274545500,48.7827,-0.1849,0.9303,-0.4585,19.6210,44.6595,310.6007,
65288702300,48.7966,-0.1851,0.9319,-0.4580,19.5995,44.4866,310.6384,
65302701800,48.8107,-0.1852,0.9333,-0.4575,19.5756,44.2855,310.6850,
65316502900,48.8245,-0.1852,0.9337,-0.4572,19.5658,44.0779,310.6124,
65330920500,48.8390,-0.1852,0.9341,-0.4570,19.5565,43.8653,310.5380,
65344175100,48.8521,-0.1852,0.9341,-0.4569,19.4972,43.7449,310.4873,
65358232600,48.8662,-0.1851,0.9341,-0.4569,19.4407,43.6331,310.4399,
65371936800,48.8801,-0.1850,0.9342,-0.4568,19.3830,43.5215,310.3925,
65385809500,48.8937,-0.1851,0.9344,-0.4567,19.3245,43.4132,310.3476,
65400234000,48.9080,-0.1852,0.9345,-0.4566,19.2634,43.3020,310.3014,
65414177700,48.9222,-0.1852,0.9345,-0.4565,19.2616,43.1262,310.2686,
65427895700,48.9358,-0.1853,0.9345,-0.4564,19.2616,42.9266,310.2325,
65441957500,48.9500,-0.1853,0.9345,-0.4563,19.2636,42.7129,310.1950,
65455591600,48.9636,-0.1853,0.9344,-0.4561,19.2219,42.4589,310.2183,
65469582700,48.9776,-0.1852,0.9343,-0.4559,19.1796,42.1939,310.2453,
65483358800,48.9913,-0.1852,0.9341,-0.4558,19.2109,41.9939,310.2918,
65497164800,49.0051,-0.1851,0.9339,-0.4557,19.2431,41.8043,310.3381,
65511306400,49.0194,-0.1851,0.9333,-0.4552,19.2638,41.3961,310.4012,
65525027000,49.0330,-0.1850,0.9326,-0.4546,19.2880,40.9605,310.4703,
65539281000,49.0473,-0.1849,0.9319,-0.4540,19.3137,40.5352,310.5393,
65552916900,49.0610,-0.1848,0.9319,-0.4535,19.3636,40.2534,310.6149,
65567235000,49.0752,-0.1847,0.9319,-0.4530,19.4100,39.9972,310.6843,
65581426300,49.0893,-0.1846,0.9324,-0.4523,19.3680,39.7482,310.7476,
65594778100,49.1029,-0.1845,0.9329,-0.4514,19.3277,39.5020,310.8110,
65608789700,49.1168,-0.1845,0.9335,-0.4505,19.2882,39.2550,310.8753,
65622799500,49.1307,-0.1843,0.9342,-0.4495,19.2897,39.0488,311.0592,
65637175500,49.1452,-0.1841,0.9348,-0.4485,19.2919,38.8347,311.2486,
65650478700,49.1586,-0.1843,0.9353,-0.4482,19.3103,38.7365,311.3547,
65664720100,49.1727,-0.1844,0.9356,-0.4479,19.3267,38.6484,311.4487,
65678449800,49.1864,-0.1845,0.9360,-0.4477,19.3625,38.5225,311.5324,
65691850400,49.2000,-0.1846,0.9363,-0.4475,19.4011,38.3869,311.6217,
65705943800,49.2139,-0.1847,0.9366,-0.4473,19.4426,38.2419,311.7161,
65720122000,49.2281,-0.1847,0.9367,-0.4472,19.4746,38.1035,311.7143,
65734199300,49.2422,-0.1847,0.9367,-0.4472,19.5064,37.9660,311.7117,
65747954000,49.2560,-0.1847,0.9367,-0.4471,19.5397,37.8216,311.7084,
65761627100,49.2696,-0.1848,0.9367,-0.4470,19.5257,37.7442,311.6507,
65776016300,49.2842,-0.1848,0.9366,-0.4470,19.5112,37.6659,311.5919,
65789866100,49.2977,-0.1848,0.9364,-0.4468,19.5265,37.6089,311.5667,
65803665700,49.3116,-0.1848,0.9362,-0.4466,19.5425,37.5511,311.5413,
65817570200,49.3256,-0.1848,0.9358,-0.4464,19.5331,37.5159,311.5309,
65831143100,49.3393,-0.1848,0.9353,-0.4462,19.5227,37.4792,311.5204,
65845569500,49.3535,-0.1848,0.9348,-0.4459,19.5112,37.4410,311.5098,
65859344500,49.3673,-0.1846,0.9343,-0.4454,19.4814,37.2774,311.4831,
65873218500,49.3813,-0.1844,0.9337,-0.4449,19.4408,37.0590,311.4489,
65887114500,49.3950,-0.1844,0.9334,-0.4446,19.4436,36.8074,311.4817,
65901424800,49.4094,-0.1845,0.9331,-0.4444,19.4476,36.5438,311.5200,
65914919100,49.4230,-0.1845,0.9330,-0.4441,19.3943,36.3698,311.5297,
65929260400,49.4372,-0.1845,0.9328,-0.4439,19.3450,36.2141,311.5403,
65942770000,49.4508,-0.1846,0.9327,-0.4436,19.2974,36.0677,311.5519,
65956593300,49.4645,-0.1847,0.9327,-0.4434,19.1993,35.9113,311.5365,
65970691500,49.4788,-0.1849,0.9327,-0.4432,19.0956,35.7504,311.5214,
65984346900,49.4923,-0.1851,0.9325,-0.4425,18.9136,35.5087,311.3662,
65998267800,49.5062,-0.1852,0.9323,-0.4418,18.7104,35.2453,311.1942,
66012272000,49.5203,-0.1853,0.9320,-0.4412,18.4999,34.9463,310.8864,
66026089000,49.5341,-0.1853,0.9318,-0.4406,18.2849,34.6483,310.5733,
66040049700,49.5480,-0.1854,0.9315,-0.4400,18.0746,34.3638,310.2687,
66054101600,49.5622,-0.1854,0.9314,-0.4397,18.0045,34.0568,310.2660,
66068208500,49.5761,-0.1854,0.9313,-0.4395,17.9341,33.7554,310.2603,
66082209100,49.5902,-0.1853,0.9311,-0.4390,17.8495,33.5115,310.2864,
66095853100,49.6040,-0.1853,0.9309,-0.4384,17.7653,33.2717,310.3102,
66109591100,49.6176,-0.1852,0.9307,-0.4379,17.6806,33.0333,310.3322,
66123608500,49.6315,-0.1854,0.9305,-0.4374,17.6286,32.8513,310.3838,
66137848100,49.6458,-0.1857,0.9303,-0.4369,17.5774,32.6745,310.4326,
66151522600,49.6597,-0.1861,0.9301,-0.4365,17.5690,32.6266,310.4301,
66165584600,49.6735,-0.1865,0.9300,-0.4360,17.5638,32.5976,310.4281,
66179530900,49.6875,-0.1870,0.9298,-0.4356,17.5581,32.5671,310.4256,
66192917900,49.7010,-0.1872,0.9295,-0.4349,17.4935,32.3945,310.2204,
66207129300,49.7151,-0.1874,0.9291,-0.4343,17.3884,32.1202,309.8900,
66221305000,49.7293,-0.1876,0.9287,-0.4337,17.2907,31.6827,309.6024,
66235530100,49.7436,-0.1878,0.9283,-0.4331,17.1894,31.2397,309.3103,
66249210900,49.7572,-0.1879,0.9284,-0.4320,16.9755,30.8737,309.2303,
66263252400,49.7712,-0.1881,0.9284,-0.4310,16.7710,30.5267,309.1556,
66276898500,49.7849,-0.1882,0.9284,-0.4299,16.5741,30.1951,309.0854,
66290763900,49.7988,-0.1882,0.9283,-0.4287,16.5146,29.7165,309.2239,
66304762000,49.8127,-0.1882,0.9283,-0.4276,16.4511,29.2235,309.3643,
66318672900,49.8266,-0.1882,0.9288,-0.4271,16.5453,28.9220,309.5016,
66332241500,49.8404,-0.1883,0.9292,-0.4267,16.6290,28.6405,309.6266,
66346350300,49.8542,-0.1883,0.9297,-0.4262,16.7068,28.3668,309.7454,
66360561700,49.8685,-0.1882,0.9306,-0.4256,16.7639,27.9561,309.6768,
66374256400,49.8824,-0.1881,0.9315,-0.4248,16.8201,27.5343,309.6099,
66388046000,49.8960,-0.1880,0.9327,-0.4239,16.7795,27.2328,309.4720,
66402067100,49.9099,-0.1880,0.9337,-0.4231,16.7401,26.9403,309.3430,
66415779900,49.9239,-0.1882,0.9345,-0.4230,16.6841,26.8909,309.0702,
66429772000,49.9377,-0.1883,0.9352,-0.4229,16.6145,26.8258,308.7345,
66443697900,49.9516,-0.1885,0.9358,-0.4227,16.5344,26.7474,308.3523,
66457596000,49.9655,-0.1885,0.9362,-0.4226,16.5226,26.7433,308.3408,
66471681300,49.9798,-0.1885,0.9366,-0.4225,16.5150,26.7398,308.3331,
66485433900,49.9934,-0.1886,0.9365,-0.4225,16.5273,26.7404,308.3411,
66499592400,50.0076,-0.1886,0.9364,-0.4224,16.5408,26.7404,308.3497,
66513600000,50.0216,-0.1886,0.9363,-0.4223,16.5555,26.7398,308.3587,
66527328800,50.0353,-0.1884,0.9362,-0.4221,16.5736,26.7292,308.3823,
66541198600,50.0492,-0.1882,0.9361,-0.4216,16.5929,26.7173,308.4074,
66555220600,50.0633,-0.1880,0.9360,-0.4215,16.6182,26.6828,308.4147,
66569288500,50.0771,-0.1878,0.9360,-0.4214,16.6519,26.6357,308.4237,
66582882800,50.0909,-0.1875,0.9359,-0.4211,16.7021,26.5164,308.4430,
66597068700,50.1050,-0.1870,0.9359,-0.4207,16.7657,26.3605,308.4662,
66610780100,50.1189,-0.1867,0.9361,-0.4206,16.8528,26.2338,308.4165,
66624939700,50.1328,-0.1863,0.9363,-0.4204,16.9432,26.1015,308.3605,
66638866200,50.1468,-0.1859,0.9366,-0.4203,17.0375,25.9626,308.2981,
66652767000,50.1609,-0.1857,0.9370,-0.4202,17.0428,25.9353,308.2838,
66666841300,50.1747,-0.1854,0.9373,-0.4202,17.0464,25.9130,308.2709,
66680693700,50.1886,-0.1852,0.9382,-0.4207,17.0605,25.9368,308.2433,
66694623600,50.2028,-0.1849,0.9392,-0.4213,17.0751,25.9645,308.2130,
66708760300,50.2167,-0.1847,0.9402,-0.4218,17.0960,26.0082,308.1674,
66722785200,50.2307,-0.1844,0.9408,-0.4223,17.1162,26.0775,308.1477,
66736500500,50.2444,-0.1841,0.9414,-0.4228,17.1405,26.1677,308.1235,
66750643500,50.2588,-0.1838,0.9413,-0.4231,17.1677,26.1966,308.1008,
66764254400,50.2723,-0.1834,0.9412,-0.4234,17.1917,26.2227,308.0807,
66778262200,50.2862,-0.1831,0.9411,-0.4237,17.2162,26.2498,308.0602,
66792175200,50.3002,-0.1827,0.9409,-0.4241,17.2277,26.2334,308.0382,
66806482400,50.3144,-0.1822,0.9407,-0.4244,17.2391,26.2148,308.0151,
66820207600,50.3282,-0.1817,0.9405,-0.4249,17.2395,26.2260,308.0153,
66834611100,50.3427,-0.1813,0.9402,-0.4255,17.2388,26.2381,308.0166,
66848153500,50.3560,-0.1808,0.9399,-0.4258,17.2569,26.2395,308.0155,
66862138600,50.3701,-0.1805,0.9395,-0.4261,17.2759,26.2405,308.0151,
66877942500,50.3859,-0.1801,0.9392,-0.4264,17.2958,26.2412,308.0156,
66891397400,50.3995,-0.1795,0.9391,-0.4266,17.3074,26.2718,308.0391,
66905317000,50.4132,-0.1789,0.9390,-0.4267,17.3191,26.3048,308.0652,
66918762800,50.4268,-0.1786,0.9390,-0.4268,17.3269,26.3198,308.0742,
66932328100,50.4405,-0.1784,0.9389,-0.4269,17.3343,26.3352,308.0838,
66946197500,50.4542,-0.1782,0.9386,-0.4269,17.3543,26.3568,308.0972,
66960027200,50.4680,-0.1780,0.9382,-0.4270,17.3752,26.3792,308.1115,
66973580200,50.4817,-0.1778,0.9376,-0.4270,17.3970,26.4025,308.1266,
66988344900,50.4962,-0.1777,0.9368,-0.4270,17.3897,26.4028,308.1341,
67001330900,50.5093,-0.1775,0.9359,-0.4270,17.3805,26.4017,308.1416,
67015059500,50.5231,-0.1774,0.9353,-0.4270,17.3667,26.4078,308.1524,
67029143300,50.5371,-0.1772,0.9346,-0.4271,17.3509,26.4134,308.1636,
67043032300,50.5510,-0.1771,0.9340,-0.4271,17.3333,26.4186,308.1751,
67056805400,50.5647,-0.1770,0.9335,-0.4274,17.3336,26.4443,308.2214,
67070457400,50.5785,-0.1770,0.9330,-0.4278,17.3339,26.4715,308.2711,
67084674300,50.5927,-0.1768,0.9325,-0.4280,17.3287,26.4794,308.2957,
67098563300,50.6065,-0.1766,0.9321,-0.4282,17.3230,26.4867,308.3209,
67112016600,50.6201,-0.1765,0.9316,-0.4284,17.3168,26.4934,308.3464,
67126006200,50.6340,-0.1765,0.9313,-0.4289,17.2929,26.5137,308.3469,
67139892300,50.6479,-0.1765,0.9310,-0.4294,17.2671,26.5345,308.3456,
67153939400,50.6621,-0.1765,0.9308,-0.4301,17.2040,26.5555,308.3203,
67167508300,50.6755,-0.1766,0.9306,-0.4307,17.0826,26.5935,308.2680,
67181804800,50.6896,-0.1767,0.9305,-0.4313,16.9810,26.6285,308.2031,
67195544000,50.7037,-0.1768,0.9304,-0.4318,16.8717,26.6644,308.1293,
67209268500,50.7173,-0.1772,0.9302,-0.4326,16.8016,26.7726,308.0118,
67223479700,50.7315,-0.1776,0.9300,-0.4334,16.7264,26.8954,307.8745,
67237115500,50.7450,-0.1780,0.9298,-0.4342,16.6503,27.0264,307.7243,
67251177400,50.7593,-0.1784,0.9295,-0.4347,16.6599,27.3594,307.5352,
67264986000,50.7730,-0.1788,0.9293,-0.4352,16.6782,27.7201,307.3285,
67278871800,50.7869,-0.1790,0.9296,-0.4360,16.6810,28.0296,307.3388,
67293058700,50.8011,-0.1793,0.9299,-0.4369,16.6876,28.3150,307.3488,
67306860800,50.8148,-0.1792,0.9299,-0.4376,16.6963,28.5278,307.3961,
67321100700,50.8290,-0.1791,0.9300,-0.4382,16.7068,28.7287,307.4415,
67334593400,50.8427,-0.1791,0.9301,-0.4389,16.7193,28.9289,307.4875,
67349223200,50.8570,-0.1790,0.9301,-0.4394,16.6978,28.9846,307.5080,
67362657700,50.8706,-0.1789,0.9302,-0.4398,16.6832,29.0233,307.5225,
67376654300,50.8846,-0.1788,0.9302,-0.4402,16.6706,29.0573,307.5355,
67390428000,50.8986,-0.1787,0.9302,-0.4404,16.6423,29.1294,307.5475,
67404396700,50.9123,-0.1786,0.9303,-0.4405,16.6057,29.2237,307.5629,
67418154200,50.9262,-0.1787,0.9304,-0.4406,16.5701,29.2703,307.5735,
67432248700,50.9404,-0.1787,0.9305,-0.4407,16.5366,29.3132,307.5834,
67446167200,50.9542,-0.1788,0.9307,-0.4408,16.4909,29.3819,307.6412,
67460542200,50.9685,-0.1788,0.9309,-0.4409,16.4340,29.4666,307.7153,
67474185700,50.9823,-0.1789,0.9312,-0.4411,16.3690,29.5625,307.8021,
67487807800,50.9958,-0.1791,0.9317,-0.4411,16.3022,29.6606,307.8343,
67502094500,51.0101,-0.1794,0.9322,-0.4411,16.2337,29.7604,307.8668,
67516208400,51.0242,-0.1793,0.9324,-0.4409,16.2024,29.8215,307.9212,
67529807500,51.0378,-0.1793,0.9326,-0.4408,16.1744,29.8768,307.9725,
67543594200,51.0516,-0.1793,0.9327,-0.4407,16.1145,29.9273,308.0002,
67558002100,51.0660,-0.1793,0.9328,-0.4405,16.0481,29.9810,308.0296,
67571572100,51.0796,-0.1793,0.9330,-0.4404,15.9754,30.0376,308.0607,
67585704900,51.0937,-0.1792,0.9332,-0.4404,15.9265,30.0882,308.0825,
67599512300,51.1075,-0.1791,0.9333,-0.4404,15.8797,30.1358,308.1026,
67613247000,51.1214,-0.1791,0.9334,-0.4404,15.8201,30.1669,308.1100,
67627096800,51.1350,-0.1790,0.9335,-0.4403,15.7566,30.1979,308.1165,
67641242500,51.1492,-0.1790,0.9336,-0.4402,15.6884,30.2292,308.1220,
67655053400,51.1631,-0.1790,0.9338,-0.4403,15.6472,30.2775,308.1153,
67668869600,51.1769,-0.1789,0.9340,-0.4405,15.6052,30.3272,308.1066,
67683150300,51.1911,-0.1789,0.9342,-0.4406,15.5700,30.4515,308.1094,
67697006000,51.2050,-0.1790,0.9345,-0.4407,15.5302,30.6052,308.1115,
67710621500,51.2187,-0.1790,0.9346,-0.4407,15.4939,30.6922,308.1480,
67724456300,51.2324,-0.1790,0.9348,-0.4407,15.4629,30.7698,308.1820,
67738707000,51.2466,-0.1790,0.9350,-0.4406,15.4343,30.8440,308.2158,
67752087500,51.2602,-0.1790,0.9352,-0.4406,15.4300,30.8669,308.2290,
67766086400,51.2741,-0.1789,0.9356,-0.4405,15.4269,30.8894,308.2428,
67780005700,51.2880,-0.1787,0.9360,-0.4402,15.4068,30.8924,308.2856,
67793847100,51.3019,-0.1786,0.9363,-0.4398,15.3842,30.8933,308.3359,
67808073500,51.3161,-0.1783,0.9365,-0.4394,15.3699,30.9208,308.4656,
67821718900,51.3297,-0.1780,0.9367,-0.4390,15.3541,30.9540,308.6405,
67835515600,51.3436,-0.1776,0.9369,-0.4386,15.3393,30.9882,308.8423,
67849667000,51.3576,-0.1776,0.9370,-0.4385,15.2772,31.0412,309.0742,
67863632700,51.3716,-0.1775,0.9371,-0.4384,15.2145,31.0927,309.3149,
67878226200,51.3862,-0.1774,0.9372,-0.4383,15.1535,31.1411,309.5560,
67891219200,51.3993,-0.1773,0.9372,-0.4384,15.1673,31.2098,309.7326,
67905246200,51.4132,-0.1773,0.9372,-0.4384,15.1820,31.2728,309.8981,
67919503000,51.4275,-0.1772,0.9372,-0.4384,15.1327,31.3361,309.9398,
67932872300,51.4410,-0.1771,0.9373,-0.4384,15.0858,31.3958,309.9780,
67947151600,51.4551,-0.1771,0.9373,-0.4383,15.0139,31.4340,309.9709,
67961037700,51.4689,-0.1771,0.9374,-0.4382,14.9179,31.4832,309.9583,
67974921700,51.4830,-0.1771,0.9375,-0.4381,14.7987,31.5422,309.9394,
67988894000,51.4968,-0.1770,0.9375,-0.4378,14.7061,31.5235,309.9161,
68003101700,51.5111,-0.1770,0.9375,-0.4376,14.6087,31.5009,309.8892,
68017115600,51.5250,-0.1769,0.9375,-0.4372,14.5614,31.4777,309.8716,
68030763400,51.5388,-0.1769,0.9374,-0.4367,14.5190,31.4548,309.8543,
68044683700,51.5526,-0.1769,0.9375,-0.4359,14.4841,31.4276,309.8415,
68058551500,51.5665,-0.1770,0.9376,-0.4350,14.4468,31.3964,309.8268,
68072198800,51.5802,-0.1771,0.9376,-0.4342,14.4052,31.3594,309.8095,
68086257300,51.5942,-0.1770,0.9376,-0.4338,14.3874,31.3528,309.8076,
68100723700,51.6087,-0.1770,0.9376,-0.4335,14.3701,31.3462,309.8057,
68114261700,51.6224,-0.1770,0.9375,-0.4334,14.3481,31.3751,309.8245,
68128100100,51.6360,-0.1770,0.9374,-0.4333,14.3260,31.4074,309.8453,
68142271400,51.6503,-0.1770,0.9374,-0.4333,14.3040,31.4429,309.8680,
68155954700,51.6641,-0.1770,0.9371,-0.4333,14.2964,31.4919,309.8991,
68170307400,51.6783,-0.1770,0.9369,-0.4333,14.2884,31.5620,309.9434,
68184201900,51.6921,-0.1769,0.9367,-0.4334,14.2871,31.7108,310.0391,
68198020400,51.7060,-0.1768,0.9364,-0.4335,14.2897,31.8968,310.1588,
68211530000,51.7197,-0.1768,0.9365,-0.4337,14.2668,31.9548,310.1996,
68226075200,51.7341,-0.1768,0.9365,-0.4339,14.2509,31.9968,310.2292,
68239908000,51.7478,-0.1767,0.9365,-0.4341,14.2380,32.0317,310.2539,
68253585800,51.7617,-0.1767,0.9364,-0.4344,14.2287,32.0573,310.2744,
68268001700,51.7760,-0.1766,0.9363,-0.4349,14.2197,32.0834,310.2954,
68281638400,51.7896,-0.1764,0.9362,-0.4353,14.2150,32.2092,310.3688,
68295456600,51.8035,-0.1763,0.9361,-0.4357,14.2105,32.3920,310.4745,
68309406000,51.8174,-0.1762,0.9360,-0.4361,14.2077,32.6026,310.5956,
68323391000,51.8314,-0.1762,0.9358,-0.4367,14.2994,32.9185,310.7650,
68337423700,51.8454,-0.1762,0.9357,-0.4373,14.4003,33.2526,310.9435,
68351259800,51.8593,-0.1764,0.9361,-0.4393,14.6561,33.5908,310.9867,
68365283000,51.8733,-0.1767,0.9365,-0.4413,14.9203,33.9308,311.0279,
68379432200,51.8874,-0.1765,0.9364,-0.4437,15.2683,34.4431,311.0261,
68393066900,51.9012,-0.1763,0.9364,-0.4457,15.6155,34.9450,311.0231,
68407104700,51.9150,-0.1762,0.9363,-0.4474,15.9436,35.4116,311.0195,
68421533200,51.9295,-0.1763,0.9361,-0.4495,16.1166,36.1393,311.1233,
68434837300,51.9430,-0.1764,0.9359,-0.4514,16.2889,36.8274,311.2190,
68449020000,51.9570,-0.1771,0.9350,-0.4532,16.4381,37.1788,311.2933,
68462923700,51.9708,-0.1777,0.9343,-0.4550,16.5725,37.4894,311.3563,
68476717800,51.9847,-0.1778,0.9337,-0.4559,16.6977,37.9155,311.4845,
68490877300,51.9990,-0.1779,0.9332,-0.4568,16.8300,38.3558,311.6141,
68504798800,52.0128,-0.1780,0.9327,-0.4576,16.9663,38.8021,311.7433,
68518937600,52.0268,-0.1783,0.9325,-0.4579,17.0997,39.0466,311.8210,
68532371900,52.0405,-0.1787,0.9322,-0.4582,17.2258,39.2809,311.8939,
68546273900,52.0543,-0.1789,0.9323,-0.4585,17.4705,39.8156,311.9806,
68560359300,52.0683,-0.1792,0.9323,-0.4589,17.7371,40.4016,312.0779,
68574098500,52.0821,-0.1795,0.9323,-0.4594,18.0019,40.9877,312.1779,
68588107300,52.0961,-0.1799,0.9316,-0.4600,18.1743,41.4655,312.2710,
68601999600,52.1100,-0.1804,0.9307,-0.4608,18.3386,41.9178,312.3599,
68615844900,52.1240,-0.1810,0.9304,-0.4614,18.2631,42.1667,312.2972,
68629791700,52.1377,-0.1815,0.9301,-0.4621,18.2000,42.4128,312.2417,
68644232700,52.1522,-0.1820,0.9297,-0.4627,18.1421,42.6759,312.1876,
68658146200,52.1660,-0.1827,0.9296,-0.4639,18.0447,42.7850,312.0947,
68671305900,52.1794,-0.1834,0.9294,-0.4651,17.9533,42.9017,312.0054,
68685666800,52.1936,-0.1840,0.9290,-0.4662,17.8611,43.1192,311.8543,
68699540500,52.2075,-0.1846,0.9286,-0.4673,17.7643,43.3695,311.6891,
68713235700,52.2214,-0.1850,0.9278,-0.4677,17.7932,43.6678,311.5837,
68727241400,52.2352,-0.1854,0.9272,-0.4682,17.8268,43.9771,311.4792,
68741882600,52.2498,-0.1858,0.9265,-0.4686,17.8647,44.2941,311.3763,
68754957300,52.2631,-0.1861,0.9261,-0.4685,17.8148,44.5495,311.2227,
68769189500,52.2772,-0.1864,0.9257,-0.4684,17.7703,44.8055,311.0739,
68783001100,52.2910,-0.1866,0.9256,-0.4685,17.5077,45.1296,310.8583,
68797029000,52.3050,-0.1869,0.9254,-0.4687,17.2410,45.4726,310.6347,
68810693800,52.3188,-0.1872,0.9253,-0.4689,16.9854,45.8138,310.4161,
68825066700,52.3331,-0.1875,0.9253,-0.4687,16.8214,45.9074,310.1200,
68838663200,52.3466,-0.1879,0.9253,-0.4685,16.6696,46.0045,309.8473,
68852676500,52.3607,-0.1880,0.9256,-0.4685,16.4968,46.0446,309.7740,
68866180600,52.3742,-0.1883,0.9260,-0.4685,16.3378,46.0874,309.7047,
68880480600,52.3885,-0.1885,0.9265,-0.4685,16.1753,46.1364,309.6320,
68894219900,52.4023,-0.1886,0.9268,-0.4682,16.1090,46.1295,309.6097,
68908210200,52.4161,-0.1886,0.9270,-0.4679,16.1081,46.1085,309.6281,
68922126800,52.4301,-0.1886,0.9272,-0.4677,16.1076,46.0865,309.6482,
68936302200,52.4443,-0.1886,0.9273,-0.4674,16.1075,46.0637,309.6698,
68950093500,52.4582,-0.1885,0.9277,-0.4669,16.1053,46.0225,309.6879,
68963977700,52.4719,-0.1884,0.9281,-0.4663,16.1020,45.9553,309.7173,
68977804100,52.4858,-0.1883,0.9285,-0.4658,16.0983,45.8675,309.7556,
68991633300,52.4997,-0.1880,0.9286,-0.4652,16.1531,45.6944,309.7775,
69005620900,52.5136,-0.1877,0.9286,-0.4647,16.2202,45.4905,309.8014,
69019679800,52.5276,-0.1877,0.9296,-0.4637,16.2905,45.0811,309.7783,
69033371300,52.5415,-0.1877,0.9306,-0.4627,16.3664,44.6454,309.7495,
69047467900,52.5554,-0.1875,0.9305,-0.4621,16.4805,44.4588,309.8044,
69061311200,52.5692,-0.1874,0.9304,-0.4617,16.5810,44.2994,309.8507,
69075198500,52.5833,-0.1873,0.9303,-0.4613,16.6760,44.1527,309.8929,
69088970300,52.5970,-0.1871,0.9302,-0.4608,16.8146,43.9397,309.9310,
69103058700,52.6111,-0.1868,0.9300,-0.4603,16.9615,43.7174,309.9698,
69116753100,52.6247,-0.1868,0.9297,-0.4598,17.0911,43.5805,310.0510,
69130705900,52.6388,-0.1867,0.9293,-0.4593,17.2160,43.4513,310.1284,
69144791100,52.6528,-0.1867,0.9290,-0.4588,17.2465,43.2895,310.1415,
69158400400,52.6664,-0.1866,0.9287,-0.4583,17.2758,43.1300,310.1534,
69172554900,52.6807,-0.1866,0.9284,-0.4578,17.3052,42.9666,310.1646,
69186638300,52.6946,-0.1865,0.9278,-0.4568,17.2944,42.7836,310.1889,
69200639800,52.7086,-0.1863,0.9272,-0.4557,17.2818,42.5906,310.2140,
69214386800,52.7225,-0.1861,0.9267,-0.4546,17.1248,42.3631,310.3110,
69228177000,52.7362,-0.1859,0.9263,-0.4535,16.9471,42.1119,310.4199,
69242561800,52.7505,-0.1857,0.9259,-0.4525,16.7618,41.8554,310.5328,
69256708000,52.7647,-0.1854,0.9259,-0.4520,16.6238,41.4751,310.6035,
69269769500,52.7779,-0.1851,0.9259,-0.4516,16.4850,41.1012,310.6744,
69284187100,52.7921,-0.1849,0.9261,-0.4507,16.4461,40.7911,310.6583,
69297877200,52.8058,-0.1846,0.9264,-0.4497,16.4078,40.5048,310.6440,
69311822500,52.8200,-0.1845,0.9268,-0.4491,16.5151,40.2266,310.7233,
69326125900,52.8341,-0.1843,0.9272,-0.4485,16.6255,39.9383,310.8057,
69340308800,52.8483,-0.1842,0.9275,-0.4479,16.7369,39.6454,310.8895,
69353693500,52.8617,-0.1839,0.9275,-0.4470,16.7426,39.2658,310.9349,
69368065500,52.8760,-0.1836,0.9274,-0.4460,16.7490,38.8850,310.9816,
69381952200,52.8899,-0.1835,0.9274,-0.4452,16.5187,38.5107,311.0715,
69395701000,52.9038,-0.1833,0.9274,-0.4445,16.2862,38.1285,311.1654,
69409730900,52.9175,-0.1831,0.9272,-0.4439,16.0960,37.7666,311.3217,
69423134700,52.9311,-0.1828,0.9271,-0.4433,15.9138,37.4156,311.4741,
69437291600,52.9453,-0.1825,0.9269,-0.4427,15.7400,37.0769,311.6218,
69451036000,52.9592,-0.1822,0.9271,-0.4422,15.7119,36.8900,311.6362,
69464968000,52.9729,-0.1819,0.9272,-0.4416,15.6859,36.7282,311.6509,
69479152100,52.9871,-0.1816,0.9273,-0.4411,15.7180,36.4544,311.6244,
69492668400,53.0008,-0.1814,0.9274,-0.4407,15.7519,36.1421,311.5965,
69506878500,53.0149,-0.1811,0.9276,-0.4402,15.7860,35.8057,311.5685,
69520728100,53.0286,-0.1810,0.9279,-0.4396,15.8035,35.5491,311.4743,
69534675100,53.0428,-0.1809,0.9283,-0.4389,15.8189,35.2969,311.3845,
69549195900,53.0572,-0.1808,0.9287,-0.4383,15.8331,35.0409,311.2957,
69562853500,53.0708,-0.1809,0.9293,-0.4379,15.7812,34.7429,311.2041,
69576673800,53.0846,-0.1809,0.9300,-0.4376,15.7267,34.4311,311.1104,
69590563900,53.0987,-0.1811,0.9302,-0.4377,15.7217,34.3478,311.0706,
69604426600,53.1124,-0.1813,0.9305,-0.4377,15.7179,34.2863,311.0421,
69618443900,53.1263,-0.1815,0.9306,-0.4377,15.7095,34.2388,311.0125,
69631966500,53.1400,-0.1817,0.9308,-0.4377,15.7008,34.1892,310.9822,
69646600100,53.1546,-0.1820,0.9311,-0.4379,15.6513,34.1299,310.9294,
69660298400,53.1683,-0.1823,0.9314,-0.4381,15.5845,34.0516,310.8598,
69674379900,53.1825,-0.1826,0.9317,-0.4384,15.5027,33.9574,310.7762,
69688728500,53.1966,-0.1829,0.9324,-0.4388,15.4718,33.9252,310.6916,
69702366800,53.2103,-0.1833,0.9331,-0.4393,15.4409,33.8940,310.6060,
69716353500,53.2243,-0.1833,0.9333,-0.4396,15.4494,33.9131,310.5423,
69730094200,53.2382,-0.1833,0.9333,-0.4398,15.4615,33.9395,310.4641,
69743797000,53.2517,-0.1832,0.9334,-0.4399,15.4783,33.9750,310.3677,
69757302700,53.2653,-0.1832,0.9335,-0.4401,15.4719,34.0085,310.3646,
69771126000,53.2792,-0.1832,0.9335,-0.4404,15.4654,34.0454,310.3630,
69786103400,53.2941,-0.1832,0.9335,-0.4408,15.4542,34.0951,310.4037,
69799346700,53.3072,-0.1833,0.9335,-0.4413,15.4326,34.1938,310.4878,
69813184500,53.3213,-0.1834,0.9332,-0.4422,15.4534,34.3687,310.6971,
69827183300,53.3352,-0.1836,0.9329,-0.4431,15.4817,34.5885,310.9675,
69841728200,53.3497,-0.1838,0.9326,-0.4439,15.5143,34.8271,311.2679,
69855279700,53.3633,-0.1842,0.9318,-0.4450,15.5858,35.2320,311.4692,
69869118700,53.3771,-0.1845,0.9310,-0.4461,15.6601,35.6453,311.6788,
69883196600,53.3912,-0.1849,0.9304,-0.4467,15.7038,35.9115,311.8319,
69896563100,53.4046,-0.1853,0.9299,-0.4473,15.7444,36.1515,311.9727,
69910399600,53.4185,-0.1856,0.9294,-0.4478,15.7839,36.3797,312.1086,
69924713200,53.4327,-0.1857,0.9292,-0.4480,15.8114,36.8507,312.1954,
69938629000,53.4466,-0.1857,0.9290,-0.4482,15.8419,37.3572,312.2919,
69952342300,53.4605,-0.1855,0.9290,-0.4485,15.7993,37.9248,312.4373,
69966569800,53.4745,-0.1854,0.9289,-0.4488,15.7590,38.4692,312.5785,
69980782700,53.4887,-0.1851,0.9289,-0.4492,15.6958,39.2134,312.7263,
69994144900,53.5023,-0.1849,0.9288,-0.4497,15.6352,39.9247,312.8691,
70008234900,53.5162,-0.1847,0.9288,-0.4502,15.5790,40.5818,313.0023,
70022340300,53.5303,-0.1839,0.9286,-0.4512,15.4136,40.8655,313.0609,
70035984700,53.5441,-0.1831,0.9285,-0.4522,15.2738,41.1222,313.1140,
70050013100,53.5580,-0.1824,0.9288,-0.4530,15.0102,41.3189,313.0177,
70064039300,53.5720,-0.1817,0.9291,-0.4538,14.7317,41.5424,312.9191,
70077780300,53.5857,-0.1809,0.9296,-0.4545,14.3183,41.7333,312.6994,
70091785800,53.5999,-0.1802,0.9300,-0.4552,13.8937,41.9450,312.4760,
70105698600,53.6137,-0.1796,0.9304,-0.4559,13.4807,42.1647,312.2603,
70119550600,53.6275,-0.1785,0.9312,-0.4563,12.7875,42.5144,311.9593,
70133478400,53.6415,-0.1774,0.9320,-0.4567,12.1223,42.8651,311.6678,
70147870600,53.6558,-0.1763,0.9327,-0.4571,11.5150,43.1982,311.3993,
70161691200,53.6697,-0.1729,0.9353,-0.4574,10.7984,43.8464,311.5692,
70175150300,53.6833,-0.1699,0.9377,-0.4578,10.1189,44.4511,311.6976,
70189175900,53.6971,-0.1625,0.9432,-0.4580,7.5456,45.7037,312.4466,
70203102700,53.7111,-0.1570,0.9473,-0.4582,5.3833,46.7418,312.9901,
70216988500,53.7250,-0.1455,0.9578,-0.4586,3.6500,49.2627,316.4427,
70230353000,53.7385,-0.1367,0.9657,-0.4589,2.1350,51.0718,318.8297,
70244882500,53.7528,-0.1296,0.9721,-0.4593,0.8511,52.3957,320.5005,
70258782700,53.7668,-0.1166,0.9886,-0.4622,356.2690,55.7274,321.8705,
70272542700,53.7807,-0.1062,1.0013,-0.4643,352.9652,58.0483,322.8492,
70286743400,53.7947,-0.0924,1.0225,-0.4685,349.7313,60.8610,323.5844,
70300646000,53.8086,-0.0811,1.0392,-0.4717,347.2397,62.8999,324.1491,
70314394400,53.8225,-0.0649,1.0577,-0.4723,344.2674,65.1773,325.7193,
70328500900,53.8365,-0.0514,1.0732,-0.4730,341.8544,66.9330,326.7801,
70342262400,53.8502,-0.0370,1.0893,-0.4732,339.4176,69.7166,326.9325,
70356391700,53.8643,-0.0244,1.1036,-0.4737,337.3144,71.9116,327.0822,
70370061200,53.8782,-0.0128,1.1167,-0.4744,335.3962,73.7929,327.2170,
70384212500,53.8922,-0.0024,1.1266,-0.4749,334.3652,75.1861,326.6840,
70398067300,53.9061,0.0078,1.1367,-0.4756,333.1745,76.6096,326.3073,
70411940800,53.9200,0.0178,1.1469,-0.4763,331.8231,78.1381,325.9860,
70425918500,53.9339,0.0242,1.1518,-0.4763,331.9476,78.2380,326.0670,
70439817100,53.9478,0.0315,1.1583,-0.4765,331.8621,78.4792,326.1153,
70454106800,53.9622,0.0376,1.1548,-0.4757,331.9397,78.3900,326.1126,
70467960100,53.9758,0.0446,1.1550,-0.4752,332.0449,78.2598,326.1038,
70481826000,53.9898,0.0521,1.1575,-0.4751,332.1151,78.1577,326.0897,
70495546900,54.0037,0.0538,1.1554,-0.4762,331.8380,77.3648,326.6129,
70509161500,54.0171,0.0570,1.1556,-0.4772,331.3610,76.4869,327.2786,
70523422200,54.0313,0.0586,1.1483,-0.4778,329.8369,74.8524,328.9488,
70537534900,54.0455,0.0618,1.1440,-0.4785,328.3799,73.5144,330.4643,
70550960700,54.0591,0.0630,1.1361,-0.4772,326.9659,71.9298,331.5708,
70564882800,54.0729,0.0656,1.1315,-0.4764,325.7271,70.7251,332.5337,
70578809500,54.0867,0.0688,1.1291,-0.4759,324.6112,69.7634,333.3966,
70592842300,54.1010,0.0671,1.1291,-0.4754,324.3551,68.9497,334.5450,
70606601700,54.1146,0.0664,1.1292,-0.4751,323.9920,68.2199,335.5886,
70620705600,54.1286,0.0565,1.1306,-0.4728,324.3761,68.1325,335.6906,
70634516300,54.1426,0.0504,1.1319,-0.4711,324.6772,68.0151,335.8430,
70648347800,54.1563,0.0430,1.1313,-0.4697,325.9257,68.4131,335.6074,
70662775300,54.1708,0.0383,1.1312,-0.4687,327.1595,68.7777,335.4533,
70676123900,54.1843,0.0357,1.1313,-0.4679,328.1354,69.0449,335.3990,
70690489100,54.1984,0.0302,1.1295,-0.4665,329.3916,69.2455,334.8695,
70704327200,54.2123,0.0264,1.1284,-0.4654,330.3988,69.3816,334.4960,
70718019300,54.2260,0.0225,1.1254,-0.4659,331.2125,69.7049,334.2934,
70731795000,54.2399,0.0196,1.1234,-0.4661,331.8840,69.9549,334.1565,
70746000400,54.2539,0.0180,1.1195,-0.4672,332.5079,70.2090,334.2471,
70760228700,54.2682,0.0166,1.1164,-0.4679,333.0836,70.4346,334.3413,
70773974100,54.2821,0.0153,1.1141,-0.4683,333.6273,70.6406,334.4387,
70787945700,54.2959,0.0151,1.1123,-0.4688,334.5419,71.6630,334.6355,
70801603000,54.3095,0.0147,1.1108,-0.4692,335.4319,72.6142,334.8481,
70815331100,54.3235,0.0145,1.1110,-0.4698,336.8082,73.6398,335.2382,
70829586900,54.3376,0.0143,1.1111,-0.4703,337.9850,74.5103,335.5926,
70843387600,54.3513,0.0139,1.1112,-0.4709,338.9863,75.2470,335.9091,
70857266100,54.3652,0.0145,1.1115,-0.4720,340.8426,76.4468,336.8549,
70870905300,54.3790,0.0150,1.1119,-0.4734,342.4014,77.4864,337.6555,
70885058000,54.3931,0.0181,1.1101,-0.4755,345.4639,78.2979,339.4490,
70898992900,54.4070,0.0208,1.1084,-0.4775,347.8234,79.0871,340.8304,
70912960000,54.4210,0.0225,1.1075,-0.4781,348.2747,78.7734,341.6230,
70926801400,54.4348,0.0239,1.1068,-0.4786,348.8039,78.6771,342.2881,
70940786000,54.4488,0.0249,1.1061,-0.4791,349.4278,78.6957,342.9489,
70955089800,54.4632,0.0255,1.1054,-0.4799,349.1718,78.2320,343.6526,
70968772900,54.4767,0.0260,1.1047,-0.4806,349.0668,77.8365,344.4391,
70982606800,54.4906,0.0268,1.1043,-0.4812,349.2197,77.6606,344.8076,
70996439500,54.5044,0.0275,1.1039,-0.4818,349.4417,77.5359,345.2053,
71010194200,54.5183,0.0309,1.1030,-0.4825,350.4465,77.7225,345.3655,
71024368300,54.5322,0.0341,1.1020,-0.4833,351.6989,77.9793,345.6310,
71038432300,54.5464,0.0369,1.1012,-0.4840,352.9951,78.2692,345.9645,
71052338800,54.5605,0.0405,1.1009,-0.4836,354.8758,78.7226,345.8870,
71066411500,54.5744,0.0435,1.1005,-0.4833,356.5746,79.1439,345.9193,
71080041300,54.5880,0.0470,1.1005,-0.4830,357.0166,79.3825,346.1420,
71094117000,54.6023,0.0500,1.1004,-0.4828,357.4731,79.6017,346.3533,
71107831100,54.6158,0.0526,1.1002,-0.4827,357.9890,79.8339,346.5816,
71121651000,54.6296,0.0566,1.0982,-0.4825,357.9440,79.8593,346.6423,
71135563500,54.6436,0.0602,1.0965,-0.4823,357.9411,79.8809,346.6840,
71150067900,54.6580,0.0623,1.0953,-0.4819,357.7010,79.7724,346.7168,
71163849900,54.6718,0.0643,1.0943,-0.4815,357.1999,79.5374,346.8123,
71178608800,54.6866,0.0662,1.0934,-0.4813,356.6906,79.2884,346.9409,
71191485100,54.6995,0.0677,1.0938,-0.4796,355.2856,78.7028,346.9875,
71205186400,54.7132,0.0695,1.0941,-0.4781,354.0891,78.1935,347.0645,
71219080900,54.7271,0.0711,1.0955,-0.4761,351.9806,77.5506,346.9727,
71232811600,54.7410,0.0729,1.0966,-0.4744,350.3430,77.0435,346.9412,
71247287700,54.7552,0.0737,1.0982,-0.4734,348.7345,76.8563,346.7376,
71260849000,54.7688,0.0746,1.0995,-0.4725,347.4468,76.6906,346.6020,
71274652200,54.7828,0.0749,1.0999,-0.4725,347.2755,76.9999,346.4832,
71289016500,54.7970,0.0753,1.1001,-0.4724,347.1072,77.2037,346.4021,
71302854600,54.8108,0.0757,1.1004,-0.4723,346.9146,77.3819,346.3287,
71316718200,54.8247,0.0757,1.1005,-0.4722,347.0674,77.5123,346.3164,
71330637000,54.8388,0.0758,1.1006,-0.4721,347.3190,77.7472,346.2948,
71344408200,54.8524,0.0760,1.1007,-0.4719,347.6029,78.0365,346.2693,
71358837800,54.8668,0.0760,1.1008,-0.4718,348.5576,78.3403,346.4629,
71372563700,54.8807,0.0759,1.1009,-0.4716,349.4720,78.6426,346.6603,
71386278400,54.8942,0.0760,1.1008,-0.4714,350.8793,78.7798,347.0167,
71400499900,54.9085,0.0762,1.1007,-0.4711,352.0554,78.9063,347.3239,
71414190600,54.9223,0.0762,1.1006,-0.4710,352.4350,78.8621,347.4207,
71428030100,54.9360,0.0762,1.1005,-0.4708,352.7271,78.8351,347.4984,
71442794600,54.9507,0.0763,1.1004,-0.4706,352.9852,78.8160,347.5692,
71456483200,54.9644,0.0765,1.1002,-0.4706,352.9280,78.8246,347.5191,
71469806300,54.9778,0.0767,1.1000,-0.4706,352.8698,78.8345,347.4661,
71483738800,54.9917,0.0765,1.0999,-0.4707,352.0514,78.8788,346.8843,
71497614500,55.0056,0.0763,1.0999,-0.4709,351.1078,78.9430,346.2058,
71511593400,55.0197,0.0761,1.0998,-0.4711,350.2714,79.0120,345.5968,
71525618500,55.0336,0.0738,1.0991,-0.4719,349.5151,78.9421,345.1521,
71539705100,55.0477,0.0714,1.0984,-0.4728,348.8798,78.8926,344.7731,
71553623800,55.0618,0.0699,1.0975,-0.4740,348.8899,78.9485,344.7289,
71567654200,55.0756,0.0687,1.0968,-0.4749,348.8889,78.9706,344.7081,
71581237000,55.0892,0.0678,1.0968,-0.4759,349.0637,79.0313,344.7628,
71595233900,55.1034,0.0671,1.0967,-0.4768,349.6014,79.2231,344.9276,
71609083400,55.1171,0.0664,1.0967,-0.4776,350.2397,79.4572,345.1201,
71623210000,55.1312,0.0666,1.0966,-0.4784,352.7699,80.3380,346.0150,
71636908200,55.1448,0.0667,1.0966,-0.4793,354.8487,81.0981,346.7729,
71650651200,55.1588,0.0669,1.0967,-0.4796,354.9549,81.0442,347.0619,
71665212900,55.1732,0.0670,1.0968,-0.4798,355.0640,81.0319,347.2476,
71679114800,55.1871,0.0676,1.0973,-0.4802,354.9455,81.0315,347.2318,
71692705100,55.2008,0.0684,1.0978,-0.4808,354.5164,81.0408,347.1807,
71706503400,55.2145,0.0692,1.0984,-0.4813,353.9275,81.0689,347.1189,
71720811600,55.2287,0.0695,1.0991,-0.4817,352.4887,81.0259,346.7971,
71734136000,55.2423,0.0697,1.0997,-0.4821,351.2052,81.0104,346.5161,
71748191700,55.2561,0.0699,1.1000,-0.4824,350.5086,81.1132,346.1320,
71762100600,55.2701,0.0702,1.1003,-0.4827,349.9551,81.2068,345.8313,
71775847000,55.2840,0.0704,1.1006,-0.4830,349.4843,81.2952,345.5788,
71789924200,55.2979,0.0705,1.1004,-0.4831,349.5339,81.3062,345.5945,
71804071600,55.3120,0.0705,1.1002,-0.4833,349.5837,81.3197,345.6097,
71818085900,55.3261,0.0703,1.0998,-0.4835,351.0700,81.5315,345.8777,
71831582700,55.3397,0.0699,1.0992,-0.4837,352.8349,81.8045,346.1946,
71846154100,55.3542,0.0696,1.0990,-0.4838,354.9784,81.9774,346.8993,
71859734100,55.3677,0.0693,1.0988,-0.4839,356.6623,82.1443,347.4477,
71873358900,55.3815,0.0690,1.0986,-0.4841,357.9837,82.2963,347.8745,
71887328200,55.3953,0.0689,1.0986,-0.4841,357.8109,82.2796,347.8602,
71901260400,55.4092,0.0688,1.0985,-0.4841,357.7256,82.2724,347.8561,
71915546500,55.4236,0.0687,1.0985,-0.4843,356.1938,82.3451,347.4859,
71929159300,55.4371,0.0686,1.0984,-0.4844,354.5251,82.4588,347.0799,
71943103300,55.4511,0.0669,1.0980,-0.4851,351.1923,81.9385,345.7322,
71958349300,55.4663,0.0649,1.0974,-0.4859,348.7592,81.6190,344.7533,
71971000200,55.4791,0.0630,1.0969,-0.4867,347.0198,81.4248,344.0509,
71985404700,55.4933,0.0542,1.0928,-0.4886,344.0132,80.8504,342.0290,
71999045600,55.5070,0.0478,1.0899,-0.4900,341.7004,80.5070,340.5320,
72013175600,55.5213,0.0380,1.0851,-0.4895,340.6299,79.3981,338.1812,
72026881600,55.5348,0.0304,1.0815,-0.4893,339.5363,78.6291,336.3615,
72040400900,55.5484,0.0242,1.0785,-0.4892,338.4521,78.0654,334.8604,
72054166000,55.5623,0.0120,1.0730,-0.4865,336.9763,75.4834,333.8066,
72068529900,55.5765,0.0023,1.0686,-0.4846,335.5481,73.5597,332.7970,
72082687000,55.5906,-0.0136,1.0629,-0.4804,335.0990,69.4921,332.1420,
72096466600,55.6044,-0.0264,1.0582,-0.4773,334.3724,66.5284,331.4380,
72110326700,55.6185,-0.0405,1.0484,-0.4744,335.1253,64.1487,329.8386,
72124884800,55.6329,-0.0524,1.0405,-0.4721,335.2595,62.1462,328.5019,
72138929700,55.6468,-0.0632,1.0338,-0.4702,335.0602,60.3600,327.3248,
72151755900,55.6599,-0.0786,1.0293,-0.4644,337.7478,58.3164,325.6248,
72166104400,55.6740,-0.0921,1.0249,-0.4599,339.3529,56.3740,324.0763,
72180137800,55.6881,-0.1042,1.0206,-0.4561,340.2809,54.5703,322.6800,
72193961800,55.7020,-0.1203,1.0214,-0.4537,347.1725,52.7436,319.9396,
72207951400,55.7159,-0.1344,1.0208,-0.4514,351.0808,50.9925,317.8554,
72222064500,55.7301,-0.1437,1.0101,-0.4495,357.0718,49.0833,317.3448,
72235646600,55.7438,-0.1533,1.0014,-0.4474,0.6055,47.4827,316.5012,
72250517400,55.7584,-0.1563,0.9859,-0.4467,6.3401,47.2521,316.6890,
72263834200,55.7717,-0.1613,0.9735,-0.4456,10.0817,46.6263,316.3719,
72278188600,55.7861,-0.1676,0.9629,-0.4442,12.8567,45.8127,315.8132,
72293142700,55.8013,-0.1679,0.9483,-0.4458,16.5158,46.5063,316.3333,
72307303600,55.8152,-0.1706,0.9359,-0.4464,19.5304,46.5990,316.3923,
72320782500,55.8287,-0.1710,0.9291,-0.4476,20.3680,46.4908,316.8329,
72334156400,55.8423,-0.1734,0.9220,-0.4481,21.4406,46.2275,316.9879,
72348308800,55.8563,-0.1744,0.9211,-0.4490,22.7530,45.3451,316.7303,
72361777500,55.8697,-0.1764,0.9188,-0.4494,24.3535,44.3689,316.3449,
72375112700,55.8832,-0.1796,0.9151,-0.4495,26.1443,43.3231,315.8473,
72388880100,55.8969,-0.1793,0.9192,-0.4513,25.1978,43.2031,315.7702,
72403071900,55.9110,-0.1799,0.9238,-0.4538,23.4511,42.7918,315.5098,
72416899400,55.9248,-0.1756,0.9341,-0.4591,22.1710,44.0506,314.9937,
72430555400,55.9387,-0.1737,0.9403,-0.4628,21.3479,44.9863,314.4511,
72444759300,55.9527,-0.1733,0.9439,-0.4656,20.9088,45.6156,313.9545,
72458302700,55.9663,-0.1699,0.9490,-0.4676,21.4180,45.8610,313.8922,
72472006500,55.9801,-0.1683,0.9520,-0.4691,22.0311,46.0980,313.7762,
72486229800,55.9942,-0.1675,0.9546,-0.4689,22.1288,46.0905,314.0834,
72500127800,56.0081,-0.1673,0.9563,-0.4689,22.3373,46.0664,314.5438,
72514034800,56.0222,-0.1670,0.9579,-0.4680,23.1714,46.1517,315.3503,
72527986600,56.0359,-0.1669,0.9592,-0.4674,24.0762,46.2335,316.1167,
72541810600,56.0498,-0.1670,0.9602,-0.4670,24.9418,46.3034,316.7632,
72555700700,56.0638,-0.1671,0.9603,-0.4664,24.8404,46.3623,316.7335,
72569875200,56.0779,-0.1673,0.9604,-0.4660,24.7222,46.4400,316.6940,
72583983800,56.0919,-0.1671,0.9599,-0.4654,24.5447,46.7621,316.2126,
72597652500,56.1057,-0.1669,0.9592,-0.4645,24.3889,47.1622,315.6044,
72611316800,56.1195,-0.1667,0.9566,-0.4630,23.3115,47.7365,313.3025,
72625057600,56.1331,-0.1667,0.9542,-0.4616,22.5064,48.2388,311.3723,
72639539100,56.1474,-0.1667,0.9521,-0.4605,21.9628,48.6328,309.8870,
72652687500,56.1608,-0.1664,0.9507,-0.4601,21.5213,48.4068,308.4696,
72666758800,56.1747,-0.1662,0.9496,-0.4598,21.1785,48.2746,307.2798,
72680736400,56.1887,-0.1659,0.9472,-0.4594,20.9126,47.9127,306.3940,
72694659100,56.2027,-0.1656,0.9450,-0.4591,20.6735,47.6336,305.5510,
72708700300,56.2167,-0.1654,0.9429,-0.4588,20.4433,47.4009,304.7043,
72722494100,56.2304,-0.1654,0.9403,-0.4580,20.3918,47.3063,304.8367,
72736343800,56.2443,-0.1653,0.9380,-0.4573,20.3358,47.2144,304.9300,
72750280500,56.2583,-0.1654,0.9351,-0.4559,20.3317,47.0736,305.0854,
72764484400,56.2724,-0.1655,0.9326,-0.4547,20.3203,46.9060,305.2261,
72778332300,56.2863,-0.1656,0.9323,-0.4537,20.5155,46.7063,305.3689,
72792010200,56.3002,-0.1658,0.9318,-0.4530,20.7189,46.4961,305.4775,
72806487600,56.3144,-0.1659,0.9313,-0.4522,20.9154,46.2910,305.5467,
72820040500,56.3280,-0.1655,0.9313,-0.4515,21.8092,46.3631,305.8920,
72834075700,56.3422,-0.1651,0.9313,-0.4506,22.7624,46.4468,306.2170,
72847923400,56.3559,-0.1645,0.9315,-0.4499,23.8437,46.4435,306.4615,
72862311500,56.3702,-0.1638,0.9317,-0.4492,24.7912,46.4453,306.6405,
72876019400,56.3841,-0.1631,0.9318,-0.4484,25.6108,46.4497,306.7671,
72889758100,56.3977,-0.1630,0.9325,-0.4484,25.6683,46.6325,306.8723,
72904052500,56.4120,-0.1629,0.9331,-0.4485,25.7249,46.7502,306.9352,
72917540400,56.4254,-0.1628,0.9333,-0.4489,25.6601,46.7854,306.9345,
72931348300,56.4395,-0.1628,0.9335,-0.4494,25.5423,46.8542,306.9303,
72945356000,56.4533,-0.1632,0.9335,-0.4514,25.1137,47.0241,306.8589,
72959805900,56.4678,-0.1638,0.9335,-0.4536,24.6164,47.2274,306.7636,
72973470000,56.4815,-0.1643,0.9334,-0.4556,24.1440,47.4266,306.6611,
72987573600,56.4956,-0.1647,0.9325,-0.4572,23.6949,47.6357,306.3778,
73001284200,56.5093,-0.1651,0.9316,-0.4586,23.2907,47.8312,306.1082,
73015162000,56.5233,-0.1656,0.9314,-0.4606,23.1684,48.0378,305.8706,
73029275900,56.5372,-0.1660,0.9311,-0.4623,23.0625,48.2254,305.6509,
73043287800,56.5513,-0.1664,0.9308,-0.4638,22.9653,48.4057,305.4367,
73057418600,56.5654,-0.1670,0.9301,-0.4653,22.9775,48.4807,305.4460,
73070561600,56.5787,-0.1675,0.9295,-0.4666,22.9853,48.5291,305.4495,
73085621900,56.5935,-0.1679,0.9298,-0.4674,23.0420,48.5915,305.4902,
73099072600,56.6070,-0.1682,0.9299,-0.4682,23.1384,48.6983,305.5569,
73112345100,56.6205,-0.1685,0.9302,-0.4686,23.3606,49.0039,305.6545,
73126693300,56.6347,-0.1687,0.9305,-0.4690,23.6246,49.3706,305.7666,
73140617100,56.6486,-0.1690,0.9307,-0.4695,23.8951,49.7501,305.8784,
73154366700,56.6625,-0.1694,0.9315,-0.4701,24.0869,50.0709,305.8090,
73168640000,56.6766,-0.1699,0.9324,-0.4708,24.2717,50.3803,305.7399,
73182124800,56.6901,-0.1701,0.9332,-0.4713,24.3400,50.6915,305.6938,
73196539400,56.7045,-0.1703,0.9339,-0.4718,24.4067,50.9925,305.6472,
73210293900,56.7184,-0.1703,0.9344,-0.4722,24.3858,51.0970,305.5704,
73223944300,56.7319,-0.1702,0.9348,-0.4726,24.3678,51.1891,305.5018,
73238057300,56.7461,-0.1702,0.9352,-0.4731,24.3502,51.2818,305.4320,
73251618800,56.7597,-0.1703,0.9353,-0.4733,24.3246,51.3371,305.3621,
73265608900,56.7736,-0.1703,0.9354,-0.4735,24.2983,51.3943,305.2891,
73279730400,56.7877,-0.1702,0.9353,-0.4736,24.3045,51.4298,305.2597,
73293656100,56.8018,-0.1701,0.9353,-0.4737,24.3106,51.4614,305.2336,
73307409300,56.8153,-0.1699,0.9350,-0.4736,24.3042,51.4733,305.2095,
73321350900,56.8293,-0.1697,0.9347,-0.4735,24.2972,51.4853,305.1838,
73335473700,56.8436,-0.1695,0.9343,-0.4733,24.2897,51.4974,305.1565,
73349098300,56.8571,-0.1692,0.9341,-0.4733,24.2903,51.5160,305.1029,
73363428600,56.8714,-0.1690,0.9340,-0.4733,24.2916,51.5407,305.0286,
73376964800,56.8850,-0.1688,0.9339,-0.4733,24.2936,51.5694,304.9395,
73390912600,56.8990,-0.1685,0.9338,-0.4733,24.2718,51.5805,304.9253,
73405005900,56.9129,-0.1682,0.9338,-0.4732,24.2483,51.5917,304.9114,
73419100800,56.9271,-0.1677,0.9343,-0.4733,24.2178,51.5637,304.8885,
73432564100,56.9407,-0.1671,0.9349,-0.4734,24.1853,51.5321,304.8650,
73446661500,56.9546,-0.1667,0.9355,-0.4736,24.1533,51.5205,304.8792,
73460594500,56.9686,-0.1663,0.9362,-0.4739,24.1197,51.5078,304.8966,
73474688300,56.9828,-0.1660,0.9368,-0.4741,24.0777,51.4915,304.9209,
73488412100,56.9964,-0.1657,0.9370,-0.4743,24.0597,51.4574,304.9203,
73502296600,57.0103,-0.1654,0.9372,-0.4744,24.0409,51.4189,304.9204,
73516463000,57.0245,-0.1654,0.9372,-0.4745,24.0401,51.4092,304.9426,
73530790400,57.0388,-0.1653,0.9372,-0.4745,24.0411,51.3999,304.9674,
73544168800,57.0522,-0.1652,0.9369,-0.4745,24.0669,51.3979,304.9991,
73557943700,57.0659,-0.1651,0.9367,-0.4745,24.0967,51.3968,305.0337,
73571775400,57.0799,-0.1650,0.9365,-0.4745,24.1453,51.3968,305.0880,
73585882500,57.0938,-0.1649,0.9364,-0.4745,24.1564,51.4020,305.1108,
73600208000,57.1082,-0.1648,0.9363,-0.4745,24.1688,51.4084,305.1348,
73613562300,57.1217,-0.1647,0.9362,-0.4746,24.1824,51.4162,305.1599,
73627591100,57.1356,-0.1645,0.9363,-0.4746,24.1860,51.4139,305.1876,
73641718400,57.1497,-0.1643,0.9363,-0.4746,24.1898,51.4120,305.2165,
73655325000,57.1635,-0.1642,0.9361,-0.4748,24.1906,51.4274,305.2337,
73669466300,57.1775,-0.1640,0.9359,-0.4750,24.1912,51.4445,305.2509,
73683317500,57.1913,-0.1638,0.9357,-0.4750,24.1710,51.4231,305.2549,
73697338000,57.2053,-0.1637,0.9356,-0.4751,24.1488,51.3996,305.2577,
73711015000,57.2192,-0.1636,0.9355,-0.4751,24.1416,51.3825,305.2776,
73725089900,57.2331,-0.1635,0.9355,-0.4751,24.1342,51.3642,305.2984,
73739546200,57.2476,-0.1634,0.9355,-0.4752,24.1266,51.3447,305.3197,
73752871400,57.2609,-0.1633,0.9354,-0.4751,24.1529,51.3242,305.4146,
73767211200,57.2752,-0.1631,0.9353,-0.4750,24.1965,51.2932,305.5638,
73781023000,57.2890,-0.1630,0.9353,-0.4750,24.1889,51.2988,305.5920,
73794569200,57.3027,-0.1630,0.9353,-0.4750,24.1817,51.3051,305.6170,
73808672500,57.3166,-0.1629,0.9352,-0.4749,24.1802,51.3056,305.6297,
73822996100,57.3310,-0.1629,0.9352,-0.4749,24.1788,51.3066,305.6413,
73836557500,57.3446,-0.1629,0.9351,-0.4748,24.1775,51.3080,305.6519,
73850319500,57.3585,-0.1628,0.9351,-0.4748,24.1488,51.3284,305.6523,
73864549200,57.3724,-0.1628,0.9352,-0.4748,24.1176,51.3511,305.6508,
73879136100,57.3871,-0.1628,0.9353,-0.4747,24.0841,51.3758,305.6476,
73892341400,57.4005,-0.1628,0.9351,-0.4747,24.0587,51.3642,305.6282,
73906332400,57.4143,-0.1628,0.9350,-0.4746,24.0321,51.3513,305.6060,
73920086500,57.4280,-0.1627,0.9347,-0.4746,24.0103,51.3408,305.5875,
73933846700,57.4420,-0.1626,0.9343,-0.4746,23.9879,51.3295,305.5670,
73948140200,57.4562,-0.1626,0.9341,-0.4746,23.9636,51.3210,305.5535,
73961862300,57.4699,-0.1626,0.9338,-0.4746,23.9385,51.3121,305.5389,
73976099800,57.4842,-0.1625,0.9335,-0.4746,23.9127,51.3027,305.5233,
73989967100,57.4980,-0.1624,0.9332,-0.4747,23.9195,51.2979,305.5082,
74004006900,57.5120,-0.1623,0.9328,-0.4748,23.9285,51.2931,305.4924,
74017706700,57.5256,-0.1623,0.9324,-0.4747,23.9157,51.2759,305.4495,
74031310300,57.5394,-0.1622,0.9321,-0.4746,23.9027,51.2576,305.4034,
74045614100,57.5536,-0.1624,0.9318,-0.4746,23.9052,51.2489,305.3860,
74059570300,57.5676,-0.1625,0.9314,-0.4747,23.9091,51.2402,305.3688,
74073876800,57.5820,-0.1626,0.9310,-0.4747,23.9143,51.2315,305.3518,
74087805300,57.5957,-0.1627,0.9310,-0.4746,23.9031,51.2414,305.3442,
74101718500,57.6097,-0.1628,0.9310,-0.4746,23.8916,51.2530,305.3377,
74114905600,57.6230,-0.1629,0.9308,-0.4745,23.8708,51.2828,305.3423,
74129105700,57.6371,-0.1631,0.9307,-0.4745,23.8488,51.3158,305.3488,
74142909200,57.6508,-0.1632,0.9306,-0.4745,23.8257,51.3518,305.3572,
74157066300,57.6651,-0.1634,0.9306,-0.4745,23.8036,51.3812,305.3529,
74170852700,57.6790,-0.1636,0.9307,-0.4744,23.7801,51.4133,305.3490,
74184691100,57.6927,-0.1637,0.9306,-0.4744,23.7650,51.4113,305.3430,
74199058800,57.7070,-0.1639,0.9306,-0.4744,23.7499,51.4079,305.3372,
74212357400,57.7205,-0.1639,0.9307,-0.4744,23.7509,51.4147,305.3090,
74226702300,57.7347,-0.1640,0.9307,-0.4744,23.7534,51.4213,305.2787,
74240627900,57.7486,-0.1640,0.9308,-0.4743,23.7574,51.4277,305.2464,
74254745100,57.7628,-0.1641,0.9307,-0.4743,23.7618,51.4222,305.1964,
74268726800,57.7767,-0.1643,0.9305,-0.4743,23.7704,51.4122,305.1165,
74282362300,57.7904,-0.1644,0.9304,-0.4743,23.7830,51.3980,305.0143,
74296639100,57.8046,-0.1646,0.9304,-0.4743,23.7310,51.3894,304.9343,
74310415300,57.8185,-0.1650,0.9303,-0.4742,23.6716,51.3789,304.8444,
74324530600,57.8325,-0.1651,0.9302,-0.4740,23.5928,51.3114,304.7780,
74337992500,57.8460,-0.1652,0.9302,-0.4739,23.4988,51.2290,304.7016,
74351627100,57.8598,-0.1652,0.9301,-0.4737,23.4743,51.1981,304.7069,
74366425900,57.8743,-0.1652,0.9299,-0.4735,23.4524,51.1689,304.7141,
74379676500,57.8877,-0.1651,0.9295,-0.4731,23.4167,51.1134,304.7290,
74393476600,57.9016,-0.1650,0.9289,-0.4725,23.3691,51.0366,304.7530,
74407538400,57.9155,-0.1649,0.9284,-0.4720,23.3130,50.9427,304.7858,
74421341600,57.9293,-0.1648,0.9280,-0.4717,23.2374,50.9410,304.7928,
74435085200,57.9432,-0.1647,0.9278,-0.4715,23.1550,50.9412,304.8018,
74449092700,57.9571,-0.1647,0.9277,-0.4714,23.0777,50.9195,304.8386,
74463130300,57.9711,-0.1646,0.9276,-0.4713,22.9922,50.8962,304.8824,
74476958900,57.9849,-0.1645,0.9278,-0.4711,22.9648,50.7586,304.8605,
74490797300,57.9989,-0.1643,0.9281,-0.4708,22.9337,50.5705,304.8299,
74504787100,58.0128,-0.1640,0.9285,-0.4703,22.9026,50.3430,304.7922,
74518888500,58.0269,-0.1632,0.9302,-0.4690,23.0718,49.6469,304.6376,
74532707400,58.0408,-0.1624,0.9319,-0.4676,23.2709,48.8701,304.4608,
74546803500,58.0548,-0.1599,0.9341,-0.4632,23.8201,46.2321,304.1075,
74561068200,58.0689,-0.1579,0.9358,-0.4597,24.2934,43.9679,303.7795,
74574768700,58.0829,-0.1563,0.9372,-0.4570,24.6680,42.1902,303.5050,
74588858900,58.0967,-0.1544,0.9394,-0.4546,25.0868,40.4614,302.8850,
74602930400,58.1109,-0.1527,0.9411,-0.4526,25.4304,38.9910,302.3779,
74616750700,58.1248,-0.1515,0.9416,-0.4489,25.4418,37.7507,302.1534,
74630484000,58.1386,-0.1503,0.9422,-0.4456,25.4859,36.5879,301.9317,
74645010600,58.1529,-0.1494,0.9424,-0.4421,25.6922,36.2638,301.9454,
74658941600,58.1670,-0.1485,0.9426,-0.4391,25.8777,35.8994,301.9314,
74673262500,58.1813,-0.1477,0.9430,-0.4363,26.0738,35.4571,301.8953,
74686911000,58.1949,-0.1472,0.9433,-0.4340,26.4239,35.1455,302.0741,
74700644100,58.2086,-0.1468,0.9437,-0.4317,26.8028,34.7401,302.2361,
74714814400,58.2229,-0.1469,0.9443,-0.4300,27.3358,35.0102,302.4441,
74728474600,58.2365,-0.1468,0.9448,-0.4282,27.9240,35.2374,302.6580,
74742602000,58.2506,-0.1467,0.9454,-0.4263,28.5303,35.4087,302.8643,
74756495600,58.2645,-0.1470,0.9453,-0.4263,29.5141,35.2033,303.3647,
74770377300,58.2785,-0.1472,0.9452,-0.4262,30.4750,34.9639,303.8279,
74784468100,58.2925,-0.1474,0.9447,-0.4259,30.9387,34.9273,304.1956,
74798390500,58.3064,-0.1476,0.9441,-0.4254,31.3600,34.8638,304.5030,
74812244000,58.3203,-0.1478,0.9426,-0.4248,31.5732,34.7097,304.7276,
74826202300,58.3342,-0.1479,0.9412,-0.4240,31.7997,34.5465,304.9406,
74840369600,58.3484,-0.1480,0.9399,-0.4232,32.0506,34.3663,305.1571,
74853908100,58.3621,-0.1473,0.9379,-0.4218,32.0573,34.2993,305.6135,
74868138300,58.3761,-0.1467,0.9361,-0.4204,32.0920,34.2108,306.0933,
74882028000,58.3901,-0.1470,0.9357,-0.4197,31.9499,33.9896,306.3529,
74895823100,58.4040,-0.1473,0.9354,-0.4191,31.8327,33.7607,306.6138,
74909905900,58.4179,-0.1479,0.9352,-0.4184,31.6034,33.6863,306.9207,
74924030600,58.4320,-0.1486,0.9349,-0.4177,31.3932,33.6015,307.2281,
74937497900,58.4455,-0.1492,0.9346,-0.4168,31.1987,33.5079,307.5366,
74951579900,58.4597,-0.1494,0.9344,-0.4168,31.1798,33.6754,307.7863,
74965753200,58.4738,-0.1496,0.9342,-0.4168,31.1650,33.8266,308.0272,
74979692300,58.4876,-0.1499,0.9341,-0.4169,31.1505,33.7892,308.1088,
74993452700,58.5016,-0.1504,0.9340,-0.4170,31.1382,33.7481,308.1913,
75007480100,58.5155,-0.1508,0.9338,-0.4171,31.1260,33.6976,308.2870,
75021336400,58.5294,-0.1514,0.9334,-0.4178,31.1334,33.7129,308.3021,
75035231100,58.5433,-0.1520,0.9330,-0.4184,31.1421,33.7285,308.3188,
75049360900,58.5574,-0.1527,0.9326,-0.4196,31.1311,33.7240,308.3171,
75063258300,58.5713,-0.1533,0.9322,-0.4207,31.1194,33.7179,308.3149,
75077189500,58.5852,-0.1539,0.9318,-0.4216,31.1068,33.7101,308.3123,
75091118500,58.5992,-0.1542,0.9318,-0.4234,31.1038,33.7168,308.2950,
75105058300,58.6131,-0.1544,0.9319,-0.4250,31.1009,33.7234,308.2760,
75119075600,58.6271,-0.1550,0.9320,-0.4269,31.1027,33.7523,308.2672,
75132768400,58.6409,-0.1556,0.9321,-0.4285,31.1051,33.7831,308.2580,
75146826000,58.6548,-0.1560,0.9319,-0.4299,31.1282,33.8128,308.2526,
75160722000,58.6687,-0.1565,0.9316,-0.4311,31.1539,33.8441,308.2471,
75174709800,58.6829,-0.1568,0.9314,-0.4321,31.1897,33.8857,308.2402,
75188683300,58.6967,-0.1570,0.9318,-0.4330,31.1964,33.9644,308.2575,
75202494200,58.7105,-0.1572,0.9321,-0.4338,31.2043,34.0634,308.2807,
75216492100,58.7244,-0.1578,0.9323,-0.4347,31.2071,34.1044,308.2979,
75230379000,58.7385,-0.1585,0.9324,-0.4357,31.2094,34.1420,308.3148,
75244152700,58.7522,-0.1591,0.9319,-0.4367,31.1919,34.2319,308.3402,
75258558300,58.7663,-0.1597,0.9315,-0.4376,31.1660,34.3543,308.3757,
75271952900,58.7801,-0.1602,0.9310,-0.4386,31.1338,34.4970,308.4178,
75285522000,58.7935,-0.1607,0.9303,-0.4402,31.1304,34.6732,308.4691,
75299391200,58.8074,-0.1613,0.9296,-0.4418,31.1264,34.8597,308.5241,
75313224000,58.8213,-0.1618,0.9288,-0.4439,31.0631,35.1338,308.3667,
75327004200,58.8350,-0.1623,0.9281,-0.4457,30.9886,35.4446,308.1761,
75340874600,58.8489,-0.1628,0.9274,-0.4474,30.9123,35.7530,307.9754,
75354590300,58.8627,-0.1636,0.9274,-0.4491,30.7293,36.4952,307.7125,
75368924600,58.8768,-0.1643,0.9273,-0.4506,30.5541,37.2020,307.4494,
75382685100,58.8907,-0.1652,0.9280,-0.4522,30.2174,37.6471,306.9516,
75396572500,58.9046,-0.1662,0.9286,-0.4538,29.9222,38.0445,306.5060,
75410123300,58.9183,-0.1679,0.9296,-0.4558,29.3202,38.6492,306.0995,
75424295200,58.9322,-0.1696,0.9304,-0.4578,28.7758,39.2057,305.7138,
75438145400,58.9461,-0.1710,0.9311,-0.4596,28.2925,39.7081,305.3564,
75451792500,58.9599,-0.1728,0.9315,-0.4618,27.2286,39.9230,305.2256,
75466186600,58.9742,-0.1745,0.9318,-0.4638,26.2387,40.1550,305.0731,
75479697800,58.9876,-0.1757,0.9305,-0.4661,25.6366,40.7178,305.1824,
75493747000,59.0019,-0.1768,0.9295,-0.4682,25.0734,41.2295,305.2455,
75507477600,59.0155,-0.1779,0.9287,-0.4703,24.5292,41.7130,305.2761,
75521437300,59.0295,-0.1787,0.9274,-0.4714,23.8403,41.9431,305.3484,
75535149400,59.0432,-0.1795,0.9263,-0.4725,23.1644,42.1893,305.3963,
75549335000,59.0574,-0.1796,0.9249,-0.4729,23.0084,42.5741,305.4927,
75563432900,59.0714,-0.1798,0.9237,-0.4735,22.8320,42.9435,305.5702,
75577446900,59.0855,-0.1799,0.9230,-0.4737,22.7906,43.2142,305.6355,
75590898800,59.0990,-0.1801,0.9225,-0.4740,22.7280,43.4940,305.6943,
75604908100,59.1129,-0.1803,0.9219,-0.4744,22.6423,43.8014,305.7512,
75619051300,59.1270,-0.1806,0.9215,-0.4748,22.6062,44.3358,305.8782,
75632475200,59.1406,-0.1810,0.9212,-0.4753,22.5456,44.9193,306.0081,
75646570600,59.1545,-0.1814,0.9208,-0.4759,22.4655,45.5105,306.1317,
75660623100,59.1686,-0.1815,0.9207,-0.4764,22.5665,46.2002,306.3263,
75674251200,59.1824,-0.1816,0.9206,-0.4767,22.8204,46.6618,306.5393,
75688245300,59.1962,-0.1817,0.9205,-0.4770,23.0404,47.1072,306.7375,
75702056200,59.2100,-0.1819,0.9204,-0.4774,23.2366,47.5458,306.9270,
75716017700,59.2241,-0.1820,0.9204,-0.4776,23.4092,47.8012,306.9535,
75730130000,59.2381,-0.1821,0.9205,-0.4778,23.5633,48.0507,306.9812,
75744063300,59.2520,-0.1821,0.9205,-0.4780,23.7106,48.3078,307.0112,
75757731900,59.2657,-0.1823,0.9205,-0.4780,23.7389,48.4703,306.9386,
75771473000,59.2796,-0.1824,0.9205,-0.4781,23.7666,48.6416,306.8688,
75785839700,59.2938,-0.1826,0.9206,-0.4782,23.7242,48.7109,306.8220,
75799602800,59.3076,-0.1829,0.9208,-0.4784,23.6832,48.7823,306.7783,
75813797200,59.3219,-0.1833,0.9210,-0.4783,23.6314,48.7682,306.7107,
75828023800,59.3360,-0.1839,0.9212,-0.4783,23.5663,48.7524,306.6267,
75841646200,59.3497,-0.1845,0.9214,-0.4782,23.4842,48.7346,306.5220,
75855351800,59.3635,-0.1846,0.9212,-0.4781,23.4584,48.7260,306.4763,
75869159600,59.3771,-0.1847,0.9211,-0.4780,23.4379,48.7200,306.4399,
75883391600,59.3913,-0.1847,0.9209,-0.4779,23.4243,48.7137,306.4186,
75897056900,59.4051,-0.1847,0.9207,-0.4776,23.4105,48.7077,306.3968,
75911093200,59.4192,-0.1848,0.9208,-0.4772,23.3695,48.6881,306.3870,
75925276000,59.4332,-0.1848,0.9211,-0.4765,23.3206,48.6649,306.3771,
75938872700,59.4468,-0.1848,0.9213,-0.4758,23.2463,48.6302,306.3644,
75952825500,59.4610,-0.1848,0.9213,-0.4752,23.1827,48.6302,306.3774,
75966864500,59.4749,-0.1848,0.9212,-0.4747,23.1126,48.6317,306.3943,
75980593900,59.4885,-0.1851,0.9213,-0.4739,23.0173,48.5681,306.3081,
75994435100,59.5026,-0.1853,0.9213,-0.4730,22.8944,48.4843,306.1943,
76008766700,59.5167,-0.1856,0.9213,-0.4722,22.7552,48.3877,306.0624,
76022729900,59.5307,-0.1856,0.9217,-0.4720,22.6915,48.3156,305.9921,
76036346700,59.5443,-0.1856,0.9221,-0.4717,22.6375,48.2520,305.9303,
76050574000,59.5587,-0.1855,0.9222,-0.4716,22.6282,48.2506,305.9178,
76064525500,59.5725,-0.1854,0.9222,-0.4715,22.6199,48.2501,305.9052,
76078359600,59.5864,-0.1853,0.9223,-0.4714,22.6184,48.2477,305.9036,
76092009200,59.6001,-0.1852,0.9225,-0.4714,22.6184,48.2459,305.9030,
76106211200,59.6142,-0.1850,0.9226,-0.4713,22.6199,48.2447,305.9035,
76119867100,59.6279,-0.1849,0.9225,-0.4714,22.6265,48.2805,305.9467,
76133930000,59.6421,-0.1847,0.9225,-0.4715,22.6347,48.3201,305.9947,
76148099200,59.6561,-0.1846,0.9225,-0.4716,22.6271,48.3678,306.0307,
76162050700,59.6701,-0.1845,0.9226,-0.4718,22.6160,48.4415,306.0860,
76175618000,59.6837,-0.1844,0.9226,-0.4719,22.6022,48.5380,306.1582,
76189692700,59.6977,-0.1843,0.9226,-0.4721,22.6037,48.6217,306.2134,
76203804100,59.7118,-0.1842,0.9225,-0.4722,22.6062,48.7098,306.2712,
76217351800,59.7253,-0.1841,0.9227,-0.4724,22.5798,48.7338,306.3039,
76232022300,59.7402,-0.1840,0.9229,-0.4727,22.5542,48.7554,306.3345,
76245507500,59.7535,-0.1839,0.9230,-0.4730,22.5329,48.7865,306.3477,
76259440800,59.7674,-0.1837,0.9231,-0.4734,22.5106,48.8186,306.3604,
76273210100,59.7813,-0.1835,0.9232,-0.4737,22.4872,48.8517,306.3724,
76287280000,59.7953,-0.1835,0.9232,-0.4740,22.4597,48.8681,306.3751,
76300962500,59.8090,-0.1834,0.9232,-0.4743,22.4311,48.8837,306.3763,
76315216800,59.8233,-0.1833,0.9231,-0.4746,22.4151,48.9240,306.3553,
76329400100,59.8374,-0.1832,0.9229,-0.4749,22.3900,48.9910,306.3163,
76342983800,59.8510,-0.1831,0.9227,-0.4752,22.3593,49.0777,306.2612,
76356909600,59.8649,-0.1831,0.9228,-0.4755,22.2795,49.1439,306.1952,
76370840100,59.8789,-0.1831,0.9229,-0.4757,22.1934,49.2133,306.1198,
76384739400,59.8928,-0.1831,0.9230,-0.4763,22.1823,49.2425,306.0977,
76398683500,59.9067,-0.1831,0.9232,-0.4770,22.1757,49.2618,306.0815,
76412539700,59.9207,-0.1829,0.9231,-0.4773,22.1832,49.2952,306.0944,
76426503900,59.9345,-0.1826,0.9229,-0.4777,22.1929,49.3299,306.1089,
76440125400,59.9481,-0.1824,0.9228,-0.4780,22.2045,49.3658,306.1252,
76454034100,59.9622,-0.1823,0.9226,-0.4782,22.2205,49.3938,306.1245,
76468545300,59.9765,-0.1822,0.9223,-0.4784,22.2385,49.4222,306.1236,
76482775500,59.9907,-0.1822,0.9222,-0.4784,22.2269,49.4481,306.1287,
76495741200,60.0039,-0.1823,0.9221,-0.4784,22.2142,49.4740,306.1342,
76510048700,60.0181,-0.1821,0.9220,-0.4784,22.1933,49.5119,306.1372,
76523636900,60.0317,-0.1820,0.9219,-0.4783,22.1697,49.5527,306.1405,
76537856700,60.0458,-0.1819,0.9218,-0.4783,22.1366,49.6077,306.1449,
76551626400,60.0598,-0.1820,0.9219,-0.4783,22.0337,49.6638,306.0854,
76565419600,60.0734,-0.1821,0.9219,-0.4782,21.8968,49.7329,306.0042,
76579595700,60.0876,-0.1822,0.9220,-0.4782,21.7403,49.8060,305.9095,
76593611300,60.1017,-0.1822,0.9220,-0.4782,21.6892,49.8328,305.8923,
76607155000,60.1152,-0.1821,0.9221,-0.4781,21.6539,49.8493,305.8801,
76621690400,60.1297,-0.1820,0.9220,-0.4781,21.6459,49.8666,305.8570,
76635164800,60.1433,-0.1820,0.9219,-0.4780,21.6382,49.8838,305.8319,
76648958700,60.1569,-0.1819,0.9218,-0.4779,21.6277,49.8949,305.8048,
76663342600,60.1713,-0.1819,0.9218,-0.4779,21.6172,49.9053,305.7759,
76677133300,60.1852,-0.1819,0.9215,-0.4778,21.6184,49.9296,305.7526,
76690914900,60.1991,-0.1819,0.9213,-0.4778,21.6210,49.9557,305.7276,
76705693700,60.2136,-0.1818,0.9211,-0.4777,21.6254,49.9867,305.6975,
76718752700,60.2267,-0.1818,0.9209,-0.4776,21.6142,50.0005,305.6764,
76732357200,60.2405,-0.1817,0.9208,-0.4776,21.6027,50.0137,305.6549,
76746741200,60.2548,-0.1818,0.9207,-0.4774,21.5737,50.0400,305.6275,
76760731000,60.2687,-0.1818,0.9205,-0.4773,21.5324,50.0762,305.5900,
76774117500,60.2823,-0.1818,0.9204,-0.4771,21.4822,50.1188,305.5458,
76788481100,60.2965,-0.1819,0.9203,-0.4771,21.4519,50.2261,305.4883,
76802226400,60.3102,-0.1819,0.9203,-0.4770,21.4183,50.3511,305.4232,
76816144300,60.3242,-0.1820,0.9205,-0.4771,21.3749,50.4098,305.3108,
76830136300,60.3381,-0.1821,0.9207,-0.4771,21.3323,50.4662,305.1974,
76843919100,60.3519,-0.1822,0.9209,-0.4771,21.2904,50.5204,305.0836,
76857750600,60.3658,-0.1824,0.9211,-0.4773,21.2797,50.5938,304.9662,
76871548100,60.3796,-0.1827,0.9214,-0.4776,21.2707,50.6670,304.8467,
76886305700,60.3943,-0.1828,0.9215,-0.4778,21.2329,50.7438,304.7379,
76899517400,60.4075,-0.1830,0.9217,-0.4780,21.1957,50.8193,304.6300,
76913340500,60.4215,-0.1832,0.9219,-0.4783,21.1441,50.9002,304.6030,
76927386300,60.4353,-0.1834,0.9221,-0.4786,21.0950,50.9763,304.5800,
76941311000,60.4493,-0.1837,0.9224,-0.4789,21.0452,51.0529,304.5592,
76955388600,60.4635,-0.1838,0.9224,-0.4790,21.0109,51.1898,304.5154,
76969535400,60.4775,-0.1839,0.9224,-0.4791,20.9731,51.3450,304.4680,
76983533300,60.4915,-0.1840,0.9223,-0.4792,20.9837,51.4646,304.3906,
76997025200,60.5050,-0.1843,0.9222,-0.4795,20.9968,51.5838,304.3136,
77011229000,60.5194,-0.1845,0.9221,-0.4798,21.0581,51.7396,304.3120,
77024874300,60.5329,-0.1848,0.9221,-0.4801,21.1260,51.9035,304.3143,
77038918700,60.5469,-0.1851,0.9221,-0.4805,21.2001,52.0746,304.3205,
77052693900,60.5608,-0.1852,0.9220,-0.4805,21.2023,52.1295,304.3420,
77066646000,60.5746,-0.1853,0.9219,-0.4804,21.2039,52.1643,304.3572,
77080548900,60.5886,-0.1855,0.9217,-0.4804,21.2058,52.1994,304.3738,
77094685300,60.6027,-0.1855,0.9218,-0.4805,21.2112,52.2236,304.3980,
77108458800,60.6165,-0.1856,0.9218,-0.4805,21.2172,52.2482,304.4245,
77122340900,60.6303,-0.1857,0.9220,-0.4804,21.2153,52.2796,304.4639,
77136082000,60.6442,-0.1857,0.9221,-0.4804,21.2131,52.3125,304.5071,
77150195500,60.6581,-0.1858,0.9224,-0.4804,21.2214,52.3867,304.5679,
77164224400,60.6722,-0.1858,0.9226,-0.4804,21.2323,52.4811,304.6462,
77178156300,60.6862,-0.1860,0.9228,-0.4805,21.2666,52.6359,304.6766,
77191949200,60.7001,-0.1862,0.9230,-0.4806,21.3099,52.8251,304.7099,
77206116700,60.7141,-0.1864,0.9233,-0.4806,21.3590,53.0340,304.7429,
77220057600,60.7281,-0.1868,0.9239,-0.4809,21.3398,53.1550,304.7468,
77233825300,60.7420,-0.1872,0.9247,-0.4811,21.3215,53.2636,304.7474,
77247875700,60.7559,-0.1878,0.9254,-0.4819,21.2366,53.3583,304.7402,
77261900300,60.7698,-0.1884,0.9262,-0.4827,21.1369,53.4636,304.7289,
77275929400,60.7841,-0.1887,0.9262,-0.4836,21.1405,53.6819,304.7241,
77290030300,60.7980,-0.1889,0.9262,-0.4844,21.1476,53.9316,304.7160,
77303854600,60.8119,-0.1891,0.9261,-0.4852,21.1580,54.1944,304.7051,
77317619800,60.8256,-0.1898,0.9266,-0.4865,21.1911,54.4779,304.7589,
77331216100,60.8394,-0.1904,0.9270,-0.4878,21.2264,54.7582,304.8116,
77345230500,60.8533,-0.1913,0.9283,-0.4888,21.2808,55.0581,304.9135,
77360159000,60.8681,-0.1920,0.9294,-0.4897,21.3369,55.3557,305.0154,
77373185200,60.8813,-0.1927,0.9305,-0.4906,21.3937,55.6478,305.1163,
77387990500,60.8958,-0.1936,0.9312,-0.4915,21.4578,55.8060,305.1972,
77401143400,60.9091,-0.1944,0.9319,-0.4924,21.5164,55.9474,305.2703,
77416616300,60.9246,-0.1953,0.9329,-0.4933,21.5992,56.0291,305.2917,
77430657200,60.9387,-0.1961,0.9339,-0.4943,21.6835,56.1100,305.3128,
77444297100,60.9523,-0.1968,0.9349,-0.4952,21.7749,56.1957,305.3350,
77457467600,60.9655,-0.1972,0.9350,-0.4960,21.9090,56.3482,305.3885,
77471182200,60.9793,-0.1975,0.9352,-0.4969,22.0612,56.5197,305.4490,
77484774400,60.9927,-0.1976,0.9354,-0.4970,22.1795,56.7141,305.4810,
77498806400,61.0068,-0.1977,0.9355,-0.4971,22.2994,56.9110,305.5131,
77512390700,61.0205,-0.1978,0.9354,-0.4972,22.3921,57.1794,305.6029,
77526580100,61.0346,-0.1979,0.9354,-0.4973,22.4861,57.4568,305.6965,
77540636400,61.0486,-0.1980,0.9354,-0.4973,22.5786,57.7349,305.7910,
77553560800,61.0617,-0.1981,0.9355,-0.4973,22.5471,57.9109,305.7538,
77567617200,61.0756,-0.1983,0.9356,-0.4974,22.5148,58.0831,305.7164,
77581632400,61.0897,-0.1985,0.9356,-0.4973,22.5170,58.1317,305.6980,
77595289800,61.1034,-0.1987,0.9357,-0.4972,22.5183,58.1650,305.6849,
77609285200,61.1173,-0.1989,0.9358,-0.4971,22.5175,58.1779,305.6670,
77623173300,61.1312,-0.1991,0.9360,-0.4971,22.5164,58.1905,305.6477,
77637069100,61.1451,-0.1994,0.9362,-0.4970,22.5150,58.2029,305.6268,
77651113700,61.1592,-0.1996,0.9366,-0.4969,22.5343,58.1901,305.6069,
77664980800,61.1730,-0.1999,0.9370,-0.4968,22.5552,58.1748,305.5858,
77679331600,61.1874,-0.2000,0.9372,-0.4966,22.5768,58.1581,305.5638,
77693139000,61.2013,-0.2001,0.9374,-0.4964,22.6000,58.1391,305.5407,
77706899500,61.2148,-0.2002,0.9376,-0.4963,22.6245,58.1180,305.5166,
77720959100,61.2290,-0.2002,0.9376,-0.4961,22.6472,58.0997,305.5115,
77734316000,61.2425,-0.2001,0.9376,-0.4959,22.6710,58.0797,305.5071,
77748531400,61.2565,-0.2001,0.9377,-0.4958,22.7187,58.0734,305.5183,
77762526700,61.2704,-0.2001,0.9377,-0.4956,22.7986,58.0634,305.5394,
77776124400,61.2843,-0.2001,0.9378,-0.4954,22.9061,58.0508,305.5703,
77790210700,61.2982,-0.2002,0.9383,-0.4952,23.0324,57.9787,305.6110,
77804339600,61.3124,-0.2003,0.9389,-0.4949,23.1753,57.8959,305.6601,
77818396100,61.3264,-0.2004,0.9392,-0.4946,23.2934,57.8536,305.7071,
77832230400,61.3404,-0.2005,0.9394,-0.4943,23.4061,57.8133,305.7543,
77845877600,61.3539,-0.2006,0.9397,-0.4942,23.4088,57.8079,305.7603,
77859958400,61.3680,-0.2008,0.9399,-0.4940,23.4096,57.8027,305.7668,
77873987000,61.3821,-0.2009,0.9401,-0.4938,23.4085,57.7978,305.7737,
77887619100,61.3956,-0.2011,0.9403,-0.4937,23.3669,57.8059,305.7326,
77901842100,61.4099,-0.2014,0.9405,-0.4936,23.2976,57.8200,305.6661,
77915730200,61.4239,-0.2016,0.9405,-0.4935,23.2024,57.8862,305.6652,
77929780100,61.4377,-0.2017,0.9405,-0.4934,23.0721,57.9772,305.6661,
77943398900,61.4514,-0.2019,0.9405,-0.4934,22.9145,58.0880,305.6691,
77957242700,61.4653,-0.2020,0.9403,-0.4933,22.8259,58.1284,305.6369,
77971376000,61.4795,-0.2022,0.9400,-0.4932,22.7436,58.1662,305.6081,
77985782400,61.4937,-0.2024,0.9397,-0.4933,22.6672,58.1653,305.5746,
77999329300,61.5073,-0.2027,0.9394,-0.4933,22.5880,58.1639,305.5404,
78012953300,61.5211,-0.2029,0.9391,-0.4934,22.5020,58.1619,305.5039,
78026981600,61.5350,-0.2036,0.9384,-0.4936,22.3866,58.2126,305.4548,
78040992600,61.5489,-0.2043,0.9376,-0.4938,22.2538,58.2716,305.3989,
78054949600,61.5631,-0.2045,0.9374,-0.4939,22.1473,58.3233,305.3604,
78068953500,61.5770,-0.2047,0.9373,-0.4939,22.0438,58.3743,305.3235,
78083158900,61.5912,-0.2049,0.9370,-0.4940,21.9645,58.4098,305.3390,
78096625700,61.6046,-0.2053,0.9367,-0.4941,21.8898,58.4436,305.3557,
78110302500,61.6185,-0.2054,0.9365,-0.4941,21.8213,58.4852,305.3615,
78124542400,61.6325,-0.2056,0.9364,-0.4941,21.7505,58.5290,305.3686,
78138366200,61.6464,-0.2057,0.9363,-0.4941,21.6767,58.5754,305.3770,
78152147500,61.6602,-0.2059,0.9361,-0.4941,21.6638,58.5677,305.3810,
78166448700,61.6745,-0.2060,0.9360,-0.4940,21.6518,58.5583,305.3855,
78180621000,61.6886,-0.2061,0.9359,-0.4940,21.6332,58.5661,305.3805,
78194049100,61.7022,-0.2062,0.9359,-0.4940,21.6148,58.5742,305.3751,
78208354100,61.7163,-0.2063,0.9358,-0.4940,21.5965,58.5825,305.3692,
78222191000,61.7302,-0.2063,0.9357,-0.4940,21.5756,58.5948,305.3348,
78235772200,61.7439,-0.2064,0.9356,-0.4940,21.5530,58.6087,305.2946,
78249845700,61.7579,-0.2064,0.9355,-0.4940,21.5479,58.6332,305.2701,
78263783800,61.7717,-0.2065,0.9354,-0.4940,21.5437,58.6626,305.2412,
78277533500,61.7856,-0.2065,0.9352,-0.4940,21.5408,58.6979,305.2069,
78291874500,61.8000,-0.2065,0.9351,-0.4940,21.5013,58.7429,305.1747,
78305558600,61.8135,-0.2065,0.9349,-0.4939,21.4555,58.7961,305.1375,
78319490400,61.8275,-0.2063,0.9347,-0.4938,21.4549,58.8050,305.1222,
78333571300,61.8417,-0.2062,0.9346,-0.4937,21.4559,58.8135,305.1068,
78347784600,61.8558,-0.2062,0.9345,-0.4938,21.3700,58.8733,305.0233,
78361386800,61.8694,-0.2062,0.9345,-0.4938,21.2306,58.9692,304.8888,
78374925100,61.8830,-0.2063,0.9345,-0.4939,21.0432,59.0239,304.6928,
78388936400,61.8969,-0.2064,0.9346,-0.4939,20.8458,59.0781,304.4868,
78402736300,61.9108,-0.2065,0.9346,-0.4939,20.6501,59.1289,304.2828,
78417004800,61.9250,-0.2066,0.9346,-0.4940,20.5759,59.2453,304.0793,
78430942400,61.9390,-0.2066,0.9346,-0.4941,20.5058,59.3570,303.8814,
78445031600,61.9530,-0.2067,0.9345,-0.4942,20.4390,59.4648,303.6884,
78458842600,61.9669,-0.2068,0.9345,-0.4942,20.3417,59.5544,303.6039,
78472758600,61.9809,-0.2069,0.9345,-0.4942,20.2528,59.6363,303.5261,
78486697500,61.9947,-0.2071,0.9347,-0.4941,20.2053,59.6561,303.5621,
78500706100,62.0087,-0.2073,0.9348,-0.4940,20.1569,59.6758,303.5998,
78514013100,62.0222,-0.2074,0.9349,-0.4940,20.1445,59.6995,303.6401,
78528517300,62.0365,-0.2075,0.9351,-0.4941,20.1314,59.7266,303.6871,
78542866300,62.0508,-0.2076,0.9352,-0.4941,20.1149,59.7630,303.7516,
78556273200,62.0643,-0.2076,0.9352,-0.4940,20.1080,59.8249,303.8532,
78569906900,62.0781,-0.2076,0.9353,-0.4939,20.1017,59.9004,303.9784,
78584203600,62.0922,-0.2077,0.9353,-0.4939,20.1308,59.9323,303.9721,
78598092100,62.1060,-0.2078,0.9354,-0.4939,20.1635,59.9656,303.9633,
78612381300,62.1205,-0.2079,0.9354,-0.4939,20.1939,60.0216,303.9503,
78626138000,62.1342,-0.2080,0.9354,-0.4940,20.2368,60.0976,303.9296,
78639829300,62.1478,-0.2080,0.9354,-0.4940,20.2903,60.1890,303.9015,
78653737400,62.1618,-0.2082,0.9353,-0.4940,20.3902,60.4597,303.6240,
78668123100,62.1761,-0.2084,0.9353,-0.4941,20.5111,60.7788,303.2832,
78681798000,62.1898,-0.2086,0.9353,-0.4942,20.5496,60.9519,303.1605,
78695348800,62.2035,-0.2090,0.9354,-0.4944,20.5814,61.0937,303.0543,
78709448100,62.2174,-0.2094,0.9355,-0.4946,20.6099,61.2195,302.9555,
78723610500,62.2316,-0.2096,0.9353,-0.4947,20.7009,61.3867,302.9582,
78737298600,62.2453,-0.2099,0.9351,-0.4948,20.7955,61.5596,302.9594,
78751136000,62.2593,-0.2100,0.9350,-0.4949,20.9144,61.6354,302.9644,
78765162900,62.2731,-0.2101,0.9349,-0.4950,21.0339,61.7094,302.9684,
78779281200,62.2873,-0.2103,0.9344,-0.4954,21.1038,61.7453,302.9793,
78792696300,62.3008,-0.2105,0.9339,-0.4959,21.1669,61.7764,302.9889,
78807091100,62.3151,-0.2108,0.9333,-0.4963,21.2305,61.8068,302.9983,
78821326800,62.3293,-0.2112,0.9325,-0.4973,21.2415,61.8215,303.0187,
78834677500,62.3428,-0.2115,0.9316,-0.4983,21.2522,61.8363,303.0406,
78848692400,62.3567,-0.2118,0.9311,-0.4989,21.2811,61.8659,303.0747,
78862586400,62.3706,-0.2120,0.9307,-0.4994,21.3225,61.9084,303.1246,
78877148300,62.3851,-0.2123,0.9303,-0.4999,21.3766,61.9640,303.1909,
78890531100,62.3987,-0.2127,0.9297,-0.5006,21.4859,62.0538,303.2213,
78904543900,62.4126,-0.2132,0.9290,-0.5013,21.6177,62.1616,303.2562,
78918250200,62.4262,-0.2134,0.9287,-0.5015,21.7060,62.2181,303.3667,
78932070200,62.4401,-0.2135,0.9284,-0.5017,21.7961,62.2748,303.4826,
78945945200,62.4539,-0.2137,0.9281,-0.5020,21.8890,62.3323,303.6050,
78960108200,62.4681,-0.2139,0.9276,-0.5021,21.9354,62.3259,303.6028,
78974019200,62.4822,-0.2140,0.9271,-0.5022,21.9707,62.3195,303.6002,
78988249600,62.4961,-0.2142,0.9270,-0.5025,21.9975,62.3308,303.6268,
79002147800,62.5101,-0.2145,0.9268,-0.5029,22.0248,62.3422,303.6552,
79016094400,62.5242,-0.2148,0.9268,-0.5033,22.0490,62.3560,303.6871,
79029868200,62.5379,-0.2152,0.9267,-0.5037,22.0740,62.3706,303.7216,
79043990700,62.5519,-0.2156,0.9266,-0.5042,22.1017,62.3871,303.7618,
79057963000,62.5659,-0.2156,0.9268,-0.5043,22.1150,62.3757,303.7904,
79071199500,62.5793,-0.2157,0.9268,-0.5045,22.1274,62.3625,303.8199,
79085786800,62.5938,-0.2157,0.9270,-0.5045,22.2337,62.3764,303.9194,
79099707100,62.6076,-0.2156,0.9272,-0.5046,22.3798,62.3954,304.0556,
79113154800,62.6213,-0.2155,0.9274,-0.5047,22.5436,62.4166,304.2078,
79126986500,62.6350,-0.2155,0.9278,-0.5048,22.6591,62.5177,304.3819,
79141100600,62.6491,-0.2154,0.9282,-0.5050,22.7716,62.6195,304.5542,
79154883900,62.6629,-0.2154,0.9286,-0.5050,22.7985,62.6305,304.5754,
79169107000,62.6771,-0.2153,0.9290,-0.5050,22.8162,62.6377,304.5888,
79183052900,62.6911,-0.2154,0.9291,-0.5050,22.8081,62.6562,304.6143,
79197059600,62.7051,-0.2155,0.9291,-0.5051,22.7977,62.6758,304.6406,
79210790100,62.7188,-0.2156,0.9292,-0.5052,22.7852,62.6966,304.6677,
79224849700,62.7328,-0.2156,0.9293,-0.5053,22.7593,62.6994,304.6939,
79238802400,62.7468,-0.2156,0.9295,-0.5054,22.7304,62.7016,304.7208,
79252343400,62.7605,-0.2157,0.9295,-0.5055,22.7364,62.7323,304.7635,
79266350600,62.7743,-0.2157,0.9294,-0.5057,22.7431,62.7652,304.8083,
79280245900,62.7882,-0.2158,0.9294,-0.5058,22.7529,62.8117,304.8704,
79293969300,62.8021,-0.2159,0.9295,-0.5057,22.8188,62.8985,304.9164,
79308038800,62.8160,-0.2159,0.9295,-0.5057,22.9131,63.0206,304.9777,
79322038100,62.8300,-0.2160,0.9298,-0.5056,22.9976,63.2130,305.1068,
79336129600,62.8443,-0.2162,0.9300,-0.5055,23.0907,63.4258,305.2466,
79350013100,62.8580,-0.2164,0.9304,-0.5054,23.1740,63.5656,305.3366,
79363788100,62.8718,-0.2166,0.9309,-0.5052,23.2513,63.6942,305.4174,
79377955600,62.8859,-0.2168,0.9315,-0.5050,23.3258,63.8171,305.4928,
79392011500,62.9001,-0.2169,0.9318,-0.5050,23.3273,63.9047,305.5972,
79405619500,62.9136,-0.2169,0.9321,-0.5050,23.3275,63.9919,305.7017,
79419439000,62.9274,-0.2170,0.9322,-0.5049,23.3138,64.0052,305.7248,
79433616200,62.9417,-0.2170,0.9324,-0.5048,23.2984,64.0179,305.7480,
79447676300,62.9557,-0.2169,0.9325,-0.5048,23.3068,64.0350,305.7895,
79461623100,62.9696,-0.2168,0.9326,-0.5049,23.3162,64.0520,305.8329,
79475370300,62.9835,-0.2167,0.9327,-0.5049,23.3275,64.0709,305.8834,
79489824100,62.9977,-0.2167,0.9328,-0.5050,23.3465,64.0655,305.8828,
79503421700,63.0114,-0.2166,0.9328,-0.5052,23.3670,64.0580,305.8797,
79517167800,63.0252,-0.2165,0.9327,-0.5052,23.3757,64.0441,305.8529,
79530812100,63.0389,-0.2164,0.9327,-0.5052,23.3847,64.0279,305.8219,
79545135700,63.0531,-0.2162,0.9326,-0.5052,23.3937,64.0094,305.7867,
79558717000,63.0667,-0.2162,0.9326,-0.5053,23.4062,63.9750,305.7426,
79572827300,63.0810,-0.2162,0.9327,-0.5054,23.4237,63.9234,305.6763,
79586587200,63.0946,-0.2162,0.9327,-0.5055,23.4235,63.9062,305.6398,
79600770600,63.1087,-0.2162,0.9327,-0.5056,23.4225,63.8880,305.6007,
79614301900,63.1224,-0.2163,0.9326,-0.5056,23.4318,63.8786,305.5595,
79628540600,63.1365,-0.2163,0.9326,-0.5056,23.4427,63.8680,305.5103,
79642182400,63.1502,-0.2164,0.9325,-0.5055,23.4557,63.8558,305.4500,
79657024900,63.1650,-0.2164,0.9325,-0.5055,23.4233,63.8231,305.3847,
79670220800,63.1783,-0.2164,0.9325,-0.5055,23.3792,63.7812,305.3014,
79683799400,63.1918,-0.2164,0.9324,-0.5054,23.3431,63.7201,305.2132,
79697829000,63.2058,-0.2164,0.9323,-0.5054,23.3018,63.6525,305.1172,
79711883500,63.2199,-0.2164,0.9323,-0.5054,23.2180,63.5958,305.0083,
79725645000,63.2336,-0.2165,0.9323,-0.5054,23.1222,63.5344,304.8899,
79739882700,63.2479,-0.2165,0.9323,-0.5054,23.0178,63.4707,304.7666,
79753358200,63.2615,-0.2165,0.9322,-0.5055,22.9998,63.4291,304.7670,
79767853300,63.2757,-0.2165,0.9321,-0.5055,22.9843,63.3931,304.7697,
79781773000,63.2898,-0.2164,0.9321,-0.5055,22.9862,63.3625,304.7569,
79795773400,63.3039,-0.2163,0.9321,-0.5054,22.9893,63.3308,304.7446,
79809297100,63.3173,-0.2163,0.9318,-0.5053,23.0034,63.3083,304.7398,
79823863300,63.3318,-0.2161,0.9314,-0.5051,23.0196,63.2859,304.7363,
79837480700,63.3454,-0.2160,0.9308,-0.5049,23.0378,63.2636,304.7338,
79851190200,63.3593,-0.2154,0.9297,-0.5045,23.0470,63.1782,304.7663,
79864984300,63.3730,-0.2149,0.9286,-0.5041,23.0637,63.0277,304.8286,
79878971200,63.3868,-0.2146,0.9283,-0.5041,23.0503,62.9574,304.8244,
79892984400,63.4011,-0.2143,0.9281,-0.5042,23.0386,62.9010,304.8215,
79906691500,63.4146,-0.2141,0.9279,-0.5042,23.0270,62.8492,304.8191,
79921538000,63.4295,-0.2142,0.9278,-0.5043,22.9589,62.7545,304.7613,
79935067200,63.4431,-0.2142,0.9276,-0.5044,22.8632,62.6276,304.6810,
79948720200,63.4567,-0.2144,0.9274,-0.5045,22.7977,62.6025,304.6378,
79962861800,63.4709,-0.2145,0.9271,-0.5046,22.7341,62.5823,304.5964,
79976534000,63.4845,-0.2145,0.9266,-0.5046,22.7032,62.5866,304.5674,
79989928100,63.4980,-0.2145,0.9259,-0.5045,22.6718,62.5939,304.5378,
80004486300,63.5125,-0.2145,0.9252,-0.5045,22.6347,62.6058,304.5025,
80017890600,63.5259,-0.2145,0.9246,-0.5048,22.6087,62.6111,304.4889,
80031804500,63.5399,-0.2146,0.9239,-0.5050,22.5819,62.6185,304.4754,
80045827500,63.5538,-0.2146,0.9239,-0.5050,22.5506,62.6112,304.4446,
80059795900,63.5678,-0.2146,0.9239,-0.5050,22.5101,62.6025,304.4041,
80073492600,63.5816,-0.2145,0.9239,-0.5051,22.4618,62.5927,304.3551,
80087647100,63.5957,-0.2145,0.9240,-0.5051,22.4551,62.5831,304.3371,
80102015000,63.6099,-0.2145,0.9241,-0.5051,22.4498,62.5734,304.3191,
80115443500,63.6236,-0.2143,0.9242,-0.5052,22.4497,62.5788,304.3284,
80130205400,63.6382,-0.2142,0.9244,-0.5053,22.4512,62.5855,304.3403,
80143627100,63.6516,-0.2140,0.9246,-0.5055,22.4544,62.5935,304.3548,
80157538900,63.6654,-0.2139,0.9247,-0.5056,22.4697,62.5806,304.3672,
80171248200,63.6794,-0.2138,0.9248,-0.5056,22.4874,62.5670,304.3815,
80185111500,63.6931,-0.2136,0.9249,-0.5056,22.5065,62.5571,304.4125,
80199253700,63.7073,-0.2134,0.9251,-0.5055,22.5277,62.5469,304.4468,
80212809100,63.7209,-0.2133,0.9251,-0.5055,22.5507,62.5248,304.4582,
80227232800,63.7352,-0.2132,0.9252,-0.5055,22.5756,62.5013,304.4701,
80241122300,63.7491,-0.2131,0.9253,-0.5055,22.6055,62.4737,304.4837,
80255273500,63.7634,-0.2129,0.9252,-0.5055,22.6198,62.4030,304.5472,
80268807000,63.7767,-0.2128,0.9252,-0.5054,22.6380,62.3073,304.6338,
80282592300,63.7906,-0.2127,0.9251,-0.5055,22.6125,62.2918,304.6405,
80296942400,63.8049,-0.2126,0.9251,-0.5055,22.5837,62.2764,304.6467,
80310378600,63.8185,-0.2125,0.9251,-0.5055,22.5520,62.2610,304.6523,
80324919700,63.8328,-0.2124,0.9250,-0.5055,22.5240,62.2480,304.6761,
80338587800,63.8466,-0.2123,0.9249,-0.5055,22.4875,62.2326,304.7063,
80352529500,63.8606,-0.2122,0.9249,-0.5055,22.4532,62.2241,304.7020,
80365996500,63.8740,-0.2120,0.9250,-0.5055,22.4167,62.2162,304.6960,
80379899200,63.8878,-0.2119,0.9251,-0.5055,22.3354,62.1705,304.6286,
80394400100,63.9025,-0.2118,0.9252,-0.5054,22.2115,62.1019,304.5206,
80408100800,63.9160,-0.2117,0.9253,-0.5054,22.0606,62.0198,304.3839,
80421765500,63.9298,-0.2116,0.9253,-0.5054,21.9204,61.8954,304.1675,
80436125000,63.9442,-0.2114,0.9252,-0.5054,21.7727,61.7646,303.9319,
80449639600,63.9576,-0.2112,0.9253,-0.5055,21.7008,61.6559,303.8461,
80463598000,63.9716,-0.2110,0.9254,-0.5056,21.6404,61.5625,303.7710,
80477546800,63.9855,-0.2106,0.9259,-0.5056,21.6291,61.5482,303.7820,
80491311100,63.9994,-0.2102,0.9265,-0.5056,21.6183,61.5340,303.7949,
80505569500,64.0136,-0.2097,0.9272,-0.5056,21.6079,61.5199,303.8096,
80519765900,64.0277,-0.2094,0.9276,-0.5056,21.6076,61.5126,303.8492,
80533408600,64.0415,-0.2092,0.9279,-0.5055,21.6086,61.5061,303.8926,
80547743700,64.0556,-0.2091,0.9281,-0.5053,21.6128,61.5025,303.8829,
80562525500,64.0705,-0.2090,0.9282,-0.5052,21.6185,61.4998,303.8712,
80575298900,64.0834,-0.2089,0.9284,-0.5051,21.6254,61.4979,303.8576,
80589675200,64.0976,-0.2087,0.9283,-0.5050,21.6127,61.4889,303.8493,
80603614500,64.1115,-0.2085,0.9283,-0.5049,21.5998,61.4803,303.8402,
80617116500,64.1251,-0.2084,0.9284,-0.5049,21.5841,61.4502,303.8082,
80630840500,64.1390,-0.2084,0.9286,-0.5049,21.5676,61.4182,303.7730,
80645144700,64.1531,-0.2084,0.9287,-0.5048,21.5442,61.3898,303.7552,
80658929900,64.1668,-0.2084,0.9288,-0.5048,21.5195,61.3602,303.7365,
80672851100,64.1810,-0.2083,0.9288,-0.5048,21.4936,61.3293,303.7171,
80686867700,64.1948,-0.2083,0.9289,-0.5048,21.4616,61.2963,303.6514,
80700716500,64.2087,-0.2083,0.9290,-0.5048,21.4180,61.2523,303.5592,
80714579300,64.2226,-0.2083,0.9290,-0.5048,21.4108,61.2295,303.5641,
80729138100,64.2370,-0.2084,0.9291,-0.5048,21.4045,61.2065,303.5714,
80742555100,64.2505,-0.2084,0.9292,-0.5047,21.3990,61.1831,303.5811,
80757049800,64.2649,-0.2082,0.9289,-0.5047,21.3722,61.1284,303.6089,
80770624500,64.2787,-0.2081,0.9287,-0.5046,21.3261,61.0325,303.6620,
80784124300,64.2921,-0.2081,0.9286,-0.5046,21.2122,60.9823,303.7094,
80798454200,64.3064,-0.2081,0.9285,-0.5046,21.0814,60.9290,303.7664,
80811630500,64.3198,-0.2081,0.9284,-0.5046,20.9388,60.8750,303.8311,
80825893800,64.3338,-0.2083,0.9284,-0.5048,20.6487,60.8225,303.7928,
80839509400,64.3475,-0.2084,0.9284,-0.5049,20.3188,60.7689,303.7498,
80853332900,64.3615,-0.2085,0.9285,-0.5050,20.0965,60.6635,303.5909,
80867512600,64.3755,-0.2086,0.9285,-0.5051,19.8807,60.5649,303.4351,
80882118000,64.3900,-0.2087,0.9286,-0.5053,19.7420,60.3240,303.1454,
80895295100,64.4034,-0.2088,0.9287,-0.5056,19.5967,60.0702,302.8356,
80909302600,64.4173,-0.2092,0.9289,-0.5064,19.6339,59.8854,302.6916,
80923442600,64.4314,-0.2096,0.9291,-0.5074,19.6723,59.7130,302.5564,
80937178100,64.4451,-0.2100,0.9293,-0.5084,19.7151,59.5358,302.4168,
80950867000,64.4590,-0.2101,0.9293,-0.5093,19.8251,59.4885,302.3706,
80964920200,64.4729,-0.2102,0.9293,-0.5101,19.9486,59.4379,302.3205,
80978840700,64.4869,-0.2106,0.9296,-0.5107,20.1926,59.3105,302.1373,
80992866300,64.5009,-0.2110,0.9299,-0.5113,20.4832,59.1605,301.9195,
81007253500,64.5152,-0.2114,0.9303,-0.5119,20.7888,59.0043,301.6906,
81020754500,64.5287,-0.2121,0.9308,-0.5123,20.8499,58.9022,301.6451,
81034603200,64.5428,-0.2128,0.9312,-0.5127,20.8965,58.8265,301.6110,
81048693000,64.5566,-0.2135,0.9317,-0.5130,20.9394,58.7585,301.5800,
81062812500,64.5708,-0.2141,0.9320,-0.5135,20.9134,58.6813,301.5958,
81076375400,64.5844,-0.2146,0.9323,-0.5139,20.8744,58.5658,301.6199,
81090471600,64.5986,-0.2152,0.9321,-0.5145,20.8444,58.3939,301.7285,
81104358600,64.6123,-0.2157,0.9319,-0.5151,20.8102,58.1914,301.8590,
81118160500,64.6262,-0.2166,0.9319,-0.5165,20.7147,57.7186,301.9156,
81131980400,64.6401,-0.2175,0.9318,-0.5178,20.6161,57.2249,301.9745,
81146076000,64.6541,-0.2185,0.9312,-0.5191,20.5973,56.8288,301.8591,
81160084200,64.6680,-0.2194,0.9307,-0.5204,20.5805,56.4692,301.7525,
81173907600,64.6821,-0.2202,0.9302,-0.5215,20.5648,56.1297,301.6501,
81187913500,64.6959,-0.2211,0.9302,-0.5229,20.5706,55.7909,301.5121,
81201900400,64.7099,-0.2219,0.9302,-0.5243,20.5759,55.4571,301.3752,
81215796900,64.7239,-0.2231,0.9290,-0.5253,20.6549,54.9492,301.1815,
81229977900,64.7380,-0.2243,0.9280,-0.5264,20.7346,54.4256,300.9803,
81243813900,64.7518,-0.2254,0.9270,-0.5274,20.8105,53.9153,300.7826,
81257886400,64.7659,-0.2269,0.9256,-0.5284,20.8358,53.2505,300.6023,
81271829000,64.7799,-0.2284,0.9243,-0.5295,20.8600,52.6058,300.4247,
81285854200,64.7938,-0.2304,0.9209,-0.5309,20.9278,51.8973,300.2786,
81299773500,64.8078,-0.2323,0.9180,-0.5323,20.9903,51.2264,300.1361,
81313710100,64.8218,-0.2341,0.9154,-0.5337,20.8469,50.4219,299.8836,
81327904700,64.8358,-0.2357,0.9132,-0.5350,20.7136,49.6551,299.6447,
81341553000,64.8495,-0.2371,0.9113,-0.5361,20.5910,48.9351,299.4218,
81355854500,64.8640,-0.2387,0.9105,-0.5373,20.5879,48.4428,299.2270,
81369380500,64.8774,-0.2402,0.9097,-0.5385,20.5808,47.9776,299.0460,
81383441600,64.8913,-0.2413,0.9091,-0.5391,20.7913,47.6693,299.1203,
81397277900,64.9053,-0.2425,0.9084,-0.5397,21.0009,47.3314,299.1848,
81411115800,64.9192,-0.2436,0.9076,-0.5404,21.2125,46.9619,299.2409,
81425225600,64.9332,-0.2446,0.9065,-0.5410,22.0853,46.3775,299.3239,
81439441200,64.9473,-0.2457,0.9054,-0.5417,22.9523,45.7569,299.3883,
81452955700,64.9611,-0.2471,0.9040,-0.5423,23.9535,45.2210,299.5068,
81467002700,64.9750,-0.2485,0.9026,-0.5430,24.8274,44.7173,299.5935,
81481104200,64.9891,-0.2496,0.9016,-0.5431,25.1609,44.6023,299.4011,
81494892400,65.0030,-0.2507,0.9005,-0.5432,25.4448,44.4823,299.2493,
81509074000,65.0170,-0.2519,0.8994,-0.5434,25.7252,44.3474,299.1076,
81522756900,65.0308,-0.2525,0.8987,-0.5434,25.9093,44.1241,299.1459,
81536490100,65.0445,-0.2532,0.8979,-0.5435,26.1247,43.8672,299.1816,
81550285800,65.0583,-0.2534,0.8974,-0.5434,26.4194,43.4072,299.3594,
81564816400,65.0728,-0.2536,0.8968,-0.5432,26.7553,42.8970,299.5411,
81578595500,65.0866,-0.2536,0.8963,-0.5429,26.9160,42.2517,299.5028,
81592156800,65.1003,-0.2536,0.8958,-0.5426,27.0849,41.6262,299.4628,
81606578300,65.1144,-0.2537,0.8952,-0.5423,27.2588,41.0221,299.4212,
81620500200,65.1284,-0.2537,0.8945,-0.5417,27.3760,40.5918,299.1343,
81633840600,65.1420,-0.2536,0.8938,-0.5412,27.4951,40.1721,298.8695,
81647994800,65.1560,-0.2535,0.8938,-0.5406,27.7279,39.7546,298.4252,
81661814600,65.1698,-0.2533,0.8938,-0.5401,27.9758,39.2991,297.9636,
81675920400,65.1841,-0.2530,0.8935,-0.5396,28.2365,39.0198,297.7296,
81690134200,65.1980,-0.2527,0.8933,-0.5392,28.4885,38.7390,297.5047,
81703621000,65.2116,-0.2525,0.8929,-0.5387,28.7424,38.4467,297.2784,
81717743200,65.2256,-0.2519,0.8933,-0.5384,28.8327,38.3269,297.2720,
81731292500,65.2394,-0.2513,0.8936,-0.5380,28.9159,38.2147,297.2627,
81745641000,65.2536,-0.2494,0.8959,-0.5345,28.8445,37.9427,297.6845,
81759630600,65.2676,-0.2478,0.8980,-0.5312,28.7563,37.5572,298.2567,
81773139900,65.2812,-0.2465,0.8997,-0.5286,28.6753,37.1463,298.8431,
81787573600,65.2955,-0.2445,0.9005,-0.5274,28.7254,37.1875,299.0678,
81801099700,65.3090,-0.2429,0.9012,-0.5264,28.7628,37.2069,299.2376,
81814890100,65.3230,-0.2413,0.9024,-0.5251,28.7173,37.1471,299.4153,
81829285100,65.3372,-0.2399,0.9035,-0.5239,28.6689,37.0735,299.6124,
81842773000,65.3508,-0.2387,0.9045,-0.5228,28.6176,36.9860,299.8295,
81857227800,65.3652,-0.2367,0.9051,-0.5222,28.6223,37.0000,299.8311,
81870573900,65.3787,-0.2349,0.9058,-0.5215,28.6275,37.0134,299.8342,
81884816900,65.3927,-0.2331,0.9062,-0.5203,28.6563,37.0326,299.8257,
81898850400,65.4068,-0.2313,0.9067,-0.5191,28.6878,37.0519,299.8172,
81912811900,65.4209,-0.2299,0.9078,-0.5177,28.7360,37.0558,299.8273,
81926638000,65.4346,-0.2286,0.9088,-0.5164,28.8132,37.0594,299.8450,
81940594100,65.4485,-0.2272,0.9098,-0.5151,28.9234,37.0614,299.8724,
81954333900,65.4625,-0.2248,0.9102,-0.5132,28.9770,37.1037,299.8872,
81968378900,65.4763,-0.2224,0.9107,-0.5114,29.0293,37.1449,299.9029,
81982169600,65.4901,-0.2196,0.9105,-0.5091,29.1237,37.2201,299.9536,
81996170500,65.5042,-0.2170,0.9104,-0.5070,29.2363,37.3099,300.0171,
82010338400,65.5183,-0.2148,0.9104,-0.5051,29.3593,37.4083,300.0894,
82023840400,65.5318,-0.2121,0.9090,-0.5033,29.5372,37.6075,300.0690,
82038159800,65.5461,-0.2097,0.9079,-0.5015,29.7381,37.8346,300.0453,
82051874600,65.5599,-0.2069,0.9073,-0.4991,30.0199,38.3397,300.0912,
82065677700,65.5737,-0.2044,0.9069,-0.4970,30.3035,38.8585,300.1414,
82080072900,65.5881,-0.2026,0.9078,-0.4965,30.8038,39.3840,300.0328,
82093678800,65.6018,-0.2009,0.9086,-0.4959,31.2709,39.8780,299.9344,
82107797900,65.6157,-0.1993,0.9083,-0.4942,31.5356,40.2202,299.9024,
82121769800,65.6298,-0.1975,0.9080,-0.4924,31.7642,40.5174,299.8751,
82135474600,65.6436,-0.1957,0.9077,-0.4906,31.9746,40.7922,299.8504,
82149235100,65.6572,-0.1932,0.9077,-0.4881,32.0514,41.0466,299.8574,
82163566700,65.6715,-0.1907,0.9076,-0.4857,32.1277,41.2917,299.8634,
82177575500,65.6855,-0.1870,0.9086,-0.4813,32.0617,41.3619,300.0172,
82191166600,65.6993,-0.1838,0.9094,-0.4775,31.9491,41.4852,300.2828,
82205648900,65.7136,-0.1809,0.9100,-0.4743,31.7938,41.6582,300.6511,
82219633700,65.7276,-0.1755,0.9128,-0.4704,31.4409,41.9954,300.8678,
82233068700,65.7412,-0.1711,0.9148,-0.4670,31.0551,42.3645,301.1002,
82247467000,65.7555,-0.1678,0.9170,-0.4654,30.6586,43.4481,300.8358,
82261342400,65.7693,-0.1649,0.9186,-0.4638,30.2485,44.5902,300.5476,
82274863000,65.7829,-0.1622,0.9200,-0.4620,29.8878,45.6142,300.2810,
82288792900,65.7968,-0.1607,0.9207,-0.4606,29.8088,46.9292,298.6071,
82302687400,65.8107,-0.1590,0.9214,-0.4590,29.7470,48.0624,297.2454,
82316500800,65.8245,-0.1568,0.9207,-0.4568,29.6325,48.7399,296.3441,
82330339200,65.8384,-0.1543,0.9202,-0.4543,29.5396,49.3418,295.6020,
82344218800,65.8522,-0.1491,0.9183,-0.4514,29.1149,49.7154,295.7196,
82358205600,65.8662,-0.1445,0.9170,-0.4486,28.7558,50.0827,295.7603,
82371694900,65.8798,-0.1405,0.9161,-0.4460,28.3983,50.4920,295.7510,
82385748100,65.8936,-0.1345,0.9165,-0.4427,27.5299,50.2857,295.4727,
82400329500,65.9083,-0.1294,0.9167,-0.4398,26.5974,50.1413,295.1426,
82413164800,65.9213,-0.1239,0.9176,-0.4376,25.8366,50.2111,295.5838,
82427107300,65.9351,-0.1190,0.9183,-0.4354,25.1114,50.3133,295.9458,
82441467700,65.9494,-0.1146,0.9188,-0.4332,24.4282,50.4385,296.2391,
82454582600,65.9627,-0.1099,0.9208,-0.4311,23.7434,50.7860,296.5020,
82468759400,65.9767,-0.1055,0.9224,-0.4290,23.0794,51.1259,296.7214,
82482852000,65.9908,-0.1011,0.9229,-0.4267,22.6875,51.5065,297.1417,
82496704900,66.0046,-0.0968,0.9234,-0.4244,22.2897,51.8724,297.5121,
82510901500,66.0190,-0.0926,0.9239,-0.4222,21.8790,52.2337,297.8510,
82524537700,66.0325,-0.0907,0.9239,-0.4222,21.8779,52.5596,298.0197,
82538258200,66.0462,-0.0884,0.9240,-0.4218,21.8476,52.8773,298.1791,
82552253000,66.0603,-0.0867,0.9237,-0.4216,21.9874,52.9758,298.2478,
82566397800,66.0743,-0.0845,0.9235,-0.4211,22.1240,53.0926,298.3250,
82580111700,66.0881,-0.0839,0.9231,-0.4209,22.5408,53.3167,298.5188,
82593533200,66.1017,-0.0829,0.9228,-0.4205,23.0016,53.5922,298.7497,
82607932800,66.1158,-0.0815,0.9226,-0.4198,23.4392,53.8808,298.9852,
82622038000,66.1300,-0.0809,0.9231,-0.4194,23.7636,54.2296,299.4382,
82635862500,66.1440,-0.0799,0.9237,-0.4189,24.0565,54.5725,299.8705,
82649672200,66.1577,-0.0791,0.9251,-0.4182,24.0485,54.7492,300.1285,
82663838100,66.1717,-0.0779,0.9266,-0.4172,24.0387,54.9096,300.3557,
82677693200,66.1857,-0.0764,0.9281,-0.4162,24.0265,55.0746,300.5837,
82691543400,66.1997,-0.0752,0.9307,-0.4148,24.1280,55.3499,301.1655,
82705332200,66.2133,-0.0737,0.9330,-0.4133,24.2329,55.6621,301.8084,
82719239200,66.2271,-0.0727,0.9348,-0.4121,24.4223,55.8282,302.0953,
82732857500,66.2410,-0.0716,0.9364,-0.4110,24.5868,55.9830,302.3562,
82747139500,66.2551,-0.0715,0.9367,-0.4106,24.7366,56.3263,302.5001,
82761584100,66.2696,-0.0713,0.9370,-0.4102,24.8974,56.7066,302.6639,
82774566200,66.2826,-0.0710,0.9373,-0.4098,25.0641,57.1125,302.8428,
82788696200,66.2967,-0.0709,0.9374,-0.4097,24.9481,57.5904,302.9476,
82802554200,66.3105,-0.0708,0.9374,-0.4095,24.8287,58.0955,303.0623,
82816887800,66.3249,-0.0707,0.9371,-0.4094,25.1907,58.6487,303.4485,
82830392200,66.3384,-0.0706,0.9366,-0.4092,25.5616,59.2357,303.8594,
82844223200,66.3522,-0.0703,0.9360,-0.4090,25.9166,59.8176,304.2677,
82858117000,66.3661,-0.0697,0.9350,-0.4089,25.9135,60.1383,304.6686,
82872139100,66.3802,-0.0691,0.9340,-0.4087,25.9177,60.4422,305.0371,
82886482700,66.3943,-0.0680,0.9322,-0.4089,25.9355,60.4955,305.3375,
82899947400,66.4079,-0.0668,0.9305,-0.4089,25.9584,60.5627,305.6476,
82913826100,66.4219,-0.0658,0.9303,-0.4102,25.8497,60.5623,305.8563,
82928107900,66.4361,-0.0649,0.9301,-0.4114,25.7404,60.5706,306.0780,
82941758200,66.4496,-0.0639,0.9299,-0.4124,25.6287,60.5872,306.3157,
82955510800,66.4636,-0.0630,0.9298,-0.4130,25.4147,60.4756,306.4255,
82969711700,66.4776,-0.0622,0.9298,-0.4136,25.1879,60.3627,306.5484,
82983542700,66.4915,-0.0615,0.9296,-0.4147,25.1363,60.3456,306.5232,
82997525000,66.5054,-0.0609,0.9294,-0.4158,25.1071,60.3372,306.5094,
83011844700,66.5200,-0.0609,0.9290,-0.4174,25.0983,60.3490,306.4730,
83025255600,66.5332,-0.0608,0.9286,-0.4189,25.0900,60.3633,306.4339,
83039243200,66.5472,-0.0607,0.9282,-0.4202,25.0795,60.3859,306.3781,
83053334700,66.5614,-0.0612,0.9274,-0.4228,25.0825,60.3721,306.3318,
83066953100,66.5749,-0.0616,0.9267,-0.4252,25.0872,60.3566,306.2793,
83080970500,66.5889,-0.0619,0.9260,-0.4283,25.0757,60.3235,306.2541,
83094688900,66.6028,-0.0622,0.9254,-0.4309,25.0638,60.2882,306.2289,
83110373600,66.6182,-0.0624,0.9249,-0.4332,25.0515,60.2505,306.2037,
83122862600,66.6308,-0.0625,0.9235,-0.4352,25.0831,60.2570,306.2115,
83136739400,66.6447,-0.0626,0.9224,-0.4371,25.1183,60.2653,306.2222,
83150483400,66.6586,-0.0626,0.9215,-0.4387,25.1391,60.2433,306.2345,
83164529600,66.6725,-0.0626,0.9207,-0.4403,25.1615,60.2201,306.2494,
83178438800,66.6864,-0.0625,0.9199,-0.4419,25.1855,60.1956,306.2668,
83192204300,66.7003,-0.0623,0.9184,-0.4452,25.2149,60.1284,306.3034,
83206371700,66.7144,-0.0621,0.9171,-0.4482,25.2548,60.0363,306.3562,
83220172700,66.7281,-0.0620,0.9168,-0.4521,25.2170,59.8293,306.4100,
83234141600,66.7423,-0.0620,0.9164,-0.4554,25.1681,59.5824,306.4761,
83248263100,66.7562,-0.0612,0.9162,-0.4586,25.0059,59.3969,306.8472,
83261959200,66.7699,-0.0607,0.9160,-0.4614,24.8264,59.2017,307.2538,
83276047400,66.7841,-0.0604,0.9161,-0.4645,24.7809,59.1262,307.2511,
83290099800,66.7980,-0.0601,0.9161,-0.4674,24.7538,59.0847,307.2497,
83304148200,66.8121,-0.0599,0.9160,-0.4702,24.7350,59.0577,307.2488,
83317756800,66.8257,-0.0598,0.9170,-0.4723,24.6835,58.9771,307.2005,
83331478100,66.8395,-0.0596,0.9178,-0.4744,24.6062,58.8596,307.1287,
83345889900,66.8539,-0.0605,0.9185,-0.4770,24.6073,58.8081,307.0784,
83359449300,66.8674,-0.0611,0.9190,-0.4796,24.6091,58.7617,307.0314,
83373285500,66.8814,-0.0617,0.9195,-0.4822,24.6120,58.7106,306.9782,
83387373200,66.8953,-0.0628,0.9202,-0.4847,24.5804,58.6517,306.9760,
83401240800,66.9092,-0.0637,0.9208,-0.4871,24.5358,58.5706,306.9749,
83415801700,66.9239,-0.0649,0.9212,-0.4899,24.5504,58.3995,307.1131,
83429531500,66.9375,-0.0659,0.9215,-0.4927,24.5749,58.1734,307.3081,
83443340500,66.9513,-0.0668,0.9217,-0.4953,24.6069,57.9307,307.5303,
83457209300,66.9652,-0.0680,0.9218,-0.4973,24.4991,57.5812,307.4178,
83471309900,66.9794,-0.0690,0.9220,-0.4994,24.3923,57.2339,307.3095,
83485162900,66.9930,-0.0698,0.9220,-0.5013,24.1193,56.6283,306.8324,
83499329800,67.0072,-0.0706,0.9221,-0.5033,23.8265,55.9933,306.3330,
83514404700,67.0225,-0.0713,0.9222,-0.5054,23.5454,55.3971,305.8651,
83527977700,67.0359,-0.0721,0.9225,-0.5067,23.3657,55.1087,305.7948,
83542206000,67.0502,-0.0721,0.9225,-0.5067,23.3381,55.0645,305.7841,
83555214000,67.0633,-0.0732,0.9223,-0.5079,23.3074,54.9341,305.8910,
83569037400,67.0770,-0.0742,0.9222,-0.5091,23.2823,54.8264,305.9741,
83582688900,67.0906,-0.0757,0.9225,-0.5120,23.2901,54.8529,306.0078,
83596462300,67.1045,-0.0771,0.9229,-0.5149,23.2986,54.8817,306.0434,
83610375800,67.1184,-0.0784,0.9222,-0.5182,23.2948,54.9189,306.0778,
83624132100,67.1321,-0.0796,0.9217,-0.5213,23.2904,54.9589,306.1138,
83637678700,67.1457,-0.0807,0.9213,-0.5240,23.2846,55.0071,306.1560,
83652173500,67.1603,-0.0810,0.9216,-0.5268,23.3086,55.0215,306.1810,
83665913900,67.1738,-0.0814,0.9219,-0.5294,23.3347,55.0356,306.2062,
83679527200,67.1875,-0.0819,0.9228,-0.5305,23.3463,55.0436,306.2310,
83693025100,67.2011,-0.0824,0.9235,-0.5317,23.3583,55.0509,306.2559,
83707405900,67.2154,-0.0829,0.9242,-0.5331,23.3706,55.0573,306.2809,
83721466000,67.2293,-0.0833,0.9245,-0.5334,23.3676,55.0530,306.2901,
83734850000,67.2430,-0.0837,0.9248,-0.5339,23.3636,55.0470,306.2981,
83749618900,67.2576,-0.0846,0.9253,-0.5348,23.3505,55.0398,306.3002,
83763131100,67.2711,-0.0856,0.9259,-0.5361,23.3356,55.0311,306.3005,
83777058900,67.2850,-0.0866,0.9265,-0.5375,23.3191,55.0210,306.2993,
83790693100,67.2988,-0.0879,0.9260,-0.5391,23.3149,54.9861,306.3227,
83804951300,67.3129,-0.0893,0.9256,-0.5408,23.3095,54.9409,306.3511,
83818379500,67.3264,-0.0899,0.9257,-0.5423,23.2381,54.8929,306.2740,
83832459300,67.3405,-0.0905,0.9258,-0.5438,23.0768,54.7865,306.0955,
83846596400,67.3546,-0.0909,0.9251,-0.5446,23.0543,54.8144,306.1006,
83860632900,67.3686,-0.0914,0.9244,-0.5454,23.0308,54.8462,306.1063,
83874134900,67.3822,-0.0919,0.9238,-0.5464,23.0063,54.8819,306.1124,
83888390100,67.3963,-0.0925,0.9237,-0.5468,22.8595,55.0928,305.9916,
83901967400,67.4099,-0.0931,0.9237,-0.5472,22.6589,55.3907,305.8200,
83915694700,67.4238,-0.0936,0.9233,-0.5482,22.4097,55.5446,305.6591,
83930062600,67.4380,-0.0943,0.9229,-0.5493,22.1738,55.6932,305.5032,
83943776100,67.4517,-0.0950,0.9229,-0.5502,21.8579,55.7136,305.4315,
83957775700,67.4657,-0.0957,0.9229,-0.5512,21.5446,55.7336,305.3601,
83971767900,67.4799,-0.0964,0.9229,-0.5523,21.2328,55.7531,305.2888,
83985630000,67.4936,-0.0971,0.9227,-0.5538,20.8500,55.7273,305.1476,
83999663200,67.5075,-0.0978,0.9225,-0.5553,20.4642,55.7020,305.0058,
84013490400,67.5216,-0.0988,0.9222,-0.5565,20.0704,55.7076,304.8324,
84027427500,67.5354,-0.0997,0.9220,-0.5576,19.6877,55.7139,304.6642,
84041525300,67.5495,-0.1005,0.9217,-0.5588,19.3196,55.7206,304.5027,
84055167200,67.5632,-0.1012,0.9217,-0.5597,19.2991,55.7596,304.4569,
84069718400,67.5777,-0.1019,0.9216,-0.5607,19.2852,55.7818,304.4297,
84082945000,67.5909,-0.1023,0.9216,-0.5610,19.3023,55.7962,304.4246,
84097152800,67.6051,-0.1027,0.9216,-0.5612,19.3200,55.8116,304.4187,
84110839700,67.6189,-0.1028,0.9216,-0.5614,19.3535,55.8241,304.3928,
84124751800,67.6327,-0.1028,0.9217,-0.5615,19.3955,55.8396,304.3591,
84138895800,67.6469,-0.1029,0.9217,-0.5617,19.4595,55.8627,304.3063,
84152795300,67.6609,-0.1032,0.9220,-0.5621,19.4771,55.9181,304.1925,
84166681600,67.6746,-0.1035,0.9224,-0.5626,19.4954,55.9871,304.0480,
84180486100,67.6885,-0.1039,0.9224,-0.5633,19.5041,56.0013,304.0188,
84194214600,67.7023,-0.1042,0.9224,-0.5641,19.5092,56.0108,303.9985,
84208290600,67.7163,-0.1045,0.9227,-0.5648,19.5082,56.0382,303.9511,
84222270600,67.7302,-0.1047,0.9229,-0.5656,19.5047,56.0760,303.8856,
84236541100,67.7445,-0.1050,0.9232,-0.5664,19.4985,56.1216,303.8065,
84250001900,67.7581,-0.1056,0.9236,-0.5673,19.4826,56.2433,303.6262,
84264584300,67.7726,-0.1062,0.9240,-0.5681,19.4611,56.3866,303.4147,
84277939300,67.7859,-0.1066,0.9243,-0.5692,19.4128,56.4885,303.2308,
84291725800,67.7999,-0.1070,0.9247,-0.5702,19.3638,56.5845,303.0565,
84305897900,67.8138,-0.1074,0.9250,-0.5712,19.3139,56.6768,302.8888,
84320097800,67.8281,-0.1077,0.9247,-0.5717,19.2896,56.6808,302.8713,
84333744000,67.8417,-0.1080,0.9244,-0.5721,19.2717,56.6830,302.8597,
84347562300,67.8556,-0.1083,0.9241,-0.5726,19.2519,56.6848,302.8481,
84361858200,67.8698,-0.1084,0.9240,-0.5730,19.2416,56.6944,302.8592,
84375329500,67.8834,-0.1086,0.9240,-0.5733,19.2696,56.7002,302.8921,
84389389900,67.8973,-0.1088,0.9240,-0.5735,19.3009,56.7059,302.9288,
84403212400,67.9112,-0.1090,0.9240,-0.5738,19.3410,56.7124,302.9756,
84417368500,67.9254,-0.1091,0.9240,-0.5742,19.3523,56.7060,303.0130,
84430952800,67.9391,-0.1093,0.9241,-0.5746,19.3659,56.6974,303.0592,
84445049600,67.9530,-0.1094,0.9240,-0.5749,19.4205,56.7141,303.1483,
84458949000,67.9670,-0.1094,0.9240,-0.5752,19.4917,56.7359,303.2637,
84472831000,67.9810,-0.1095,0.9239,-0.5756,19.5744,56.7613,303.3970,
84486813700,67.9948,-0.1096,0.9240,-0.5760,19.5872,56.7620,303.4055,
84500920100,68.0088,-0.1097,0.9240,-0.5764,19.6003,56.7624,303.4134,
84514728200,68.0229,-0.1098,0.9240,-0.5768,19.6070,56.7786,303.4210,
84528563000,68.0366,-0.1099,0.9239,-0.5772,19.6134,56.7962,303.4281,
84543097700,68.0511,-0.1101,0.9239,-0.5777,19.6194,56.8150,303.4345,
84556622600,68.0645,-0.1102,0.9240,-0.5778,19.6084,56.8402,303.4383,
84570552100,68.0787,-0.1102,0.9240,-0.5780,19.5956,56.8670,303.4413,
84584643400,68.0926,-0.1103,0.9241,-0.5782,19.5598,56.8751,303.4266,
84598324000,68.1063,-0.1104,0.9242,-0.5783,19.5204,56.8828,303.4096,
84612033800,68.1201,-0.1104,0.9243,-0.5785,19.4347,56.9293,303.4075,
84626445900,68.1344,-0.1105,0.9244,-0.5786,19.3088,56.9961,303.4037,
84640133600,68.1481,-0.1105,0.9246,-0.5788,19.1565,57.0755,303.3983,
84653770800,68.1619,-0.1104,0.9247,-0.5789,19.0652,57.0612,303.3632,
84667974800,68.1759,-0.1104,0.9248,-0.5790,18.9785,57.0454,303.3289,
84681879600,68.1899,-0.1102,0.9248,-0.5791,18.9820,57.0314,303.3364,
84695559900,68.2037,-0.1101,0.9247,-0.5792,18.9875,57.0154,303.3449,
84709677400,68.2177,-0.1100,0.9246,-0.5793,18.9949,56.9976,303.3544,
84723714600,68.2316,-0.1098,0.9247,-0.5793,19.0751,56.8968,303.3965,
84737560200,68.2455,-0.1095,0.9248,-0.5793,19.2423,56.6909,303.4820,
84751379300,68.2595,-0.1093,0.9255,-0.5791,19.3963,56.5885,303.5724,
84765405400,68.2734,-0.1089,0.9264,-0.5790,19.5546,56.4863,303.6637,
84779498900,68.2874,-0.1087,0.9266,-0.5790,19.6839,56.4365,303.7152,
84793337700,68.3015,-0.1085,0.9267,-0.5791,19.8079,56.3909,303.7636,
84807425300,68.3154,-0.1084,0.9269,-0.5791,19.9331,56.3465,303.8116,
84821166300,68.3291,-0.1084,0.9270,-0.5790,19.9381,56.3325,303.8173,
84834967600,68.3430,-0.1084,0.9271,-0.5789,19.9431,56.3179,303.8231,
84849214400,68.3572,-0.1085,0.9271,-0.5788,19.9420,56.3254,303.7990,
84862833800,68.3708,-0.1086,0.9271,-0.5788,19.9404,56.3344,303.7720,
84876779300,68.3848,-0.1087,0.9271,-0.5787,19.9421,56.3418,303.7625,
84890552700,68.3986,-0.1088,0.9271,-0.5787,19.9438,56.3504,303.7523,
84904755900,68.4127,-0.1089,0.9271,-0.5786,19.9454,56.3601,303.7416,
84918593800,68.4266,-0.1089,0.9271,-0.5784,19.9209,56.3700,303.7179,
84932326900,68.4405,-0.1089,0.9271,-0.5782,19.8940,56.3809,303.6925,
84946450900,68.4543,-0.1089,0.9271,-0.5781,19.8910,56.4053,303.6877,
84960371800,68.4683,-0.1089,0.9270,-0.5780,19.8882,56.4319,303.6836,
84974039200,68.4822,-0.1089,0.9269,-0.5779,19.8857,56.4606,303.6801,
84988081100,68.4961,-0.1089,0.9268,-0.5779,19.8884,56.4870,303.6796,
85002115700,68.5100,-0.1088,0.9267,-0.5778,19.8918,56.5149,303.6800,
85015900400,68.5240,-0.1087,0.9267,-0.5777,19.8849,56.5078,303.6890,
85029883300,68.5379,-0.1086,0.9267,-0.5776,19.8776,56.4986,303.6996,
85044274300,68.5522,-0.1084,0.9267,-0.5775,19.8698,56.4874,303.7115,
85057949900,68.5659,-0.1081,0.9268,-0.5773,19.8783,56.4726,303.7188,
85071401100,68.5795,-0.1078,0.9270,-0.5771,19.8878,56.4557,303.7268,
85085556400,68.5936,-0.1075,0.9275,-0.5770,19.9089,56.4482,303.7403,
85099971100,68.6080,-0.1073,0.9281,-0.5769,19.9320,56.4399,303.7550,
85114018100,68.6221,-0.1071,0.9290,-0.5767,19.9358,56.4249,303.7490,
85127884400,68.6358,-0.1070,0.9299,-0.5765,19.9393,56.4084,303.7420,
85141208300,68.6492,-0.1069,0.9307,-0.5764,19.9425,56.3907,303.7340,
85155328900,68.6635,-0.1067,0.9307,-0.5762,19.9474,56.3694,303.7358,
85169486100,68.6774,-0.1065,0.9307,-0.5762,19.9522,56.3466,303.7376,
85183335800,68.6914,-0.1063,0.9306,-0.5760,19.9656,56.3341,303.7526,
85196935100,68.7049,-0.1061,0.9304,-0.5759,19.9798,56.3215,303.7689,
85210721500,68.7189,-0.1055,0.9301,-0.5756,20.0733,56.2447,303.8554,
85225427300,68.7333,-0.1047,0.9297,-0.5752,20.2302,56.1177,304.0008,
85239070800,68.7471,-0.1040,0.9293,-0.5749,20.4169,55.9688,304.1736,
85252508300,68.7606,-0.1022,0.9283,-0.5735,20.6781,55.8187,304.3855,
85266745000,68.7747,-0.1005,0.9274,-0.5721,20.9414,55.6703,304.5986,
85280766900,68.7887,-0.0987,0.9276,-0.5707,21.2570,55.1460,304.9607,
85294289300,68.8024,-0.0971,0.9278,-0.5694,21.5744,54.6243,305.3202,
85308639100,68.8166,-0.0964,0.9282,-0.5682,21.5579,54.3788,305.4334,
85322514100,68.8305,-0.0957,0.9285,-0.5671,21.5466,54.1796,305.5262,
85336900400,68.8448,-0.0951,0.9287,-0.5661,21.5379,53.9962,305.6124,
85350218800,68.8584,-0.0943,0.9288,-0.5653,21.5156,53.9436,305.5605,
85364104400,68.8721,-0.0936,0.9289,-0.5645,21.4987,53.9023,305.5215,
85378344800,68.8864,-0.0929,0.9290,-0.5637,21.4772,53.8480,305.4722,
85392125500,68.9002,-0.0923,0.9286,-0.5632,21.5284,53.8233,305.4696,
85406111100,68.9141,-0.0917,0.9282,-0.5627,21.6208,53.7788,305.4665,
85419662700,68.9276,-0.0910,0.9283,-0.5625,21.6690,53.6521,305.4113,
85433438200,68.9416,-0.0901,0.9283,-0.5621,21.7279,53.4925,305.3433,
85447580700,68.9555,-0.0898,0.9285,-0.5621,21.7757,53.3879,305.2723,
85461816000,68.9698,-0.0895,0.9286,-0.5620,21.8219,53.2848,305.2025,
85475293800,68.9834,-0.0892,0.9287,-0.5618,21.8680,53.1799,305.1317,
85489594600,68.9976,-0.0891,0.9286,-0.5619,21.8764,53.1593,305.1324,
85503268300,69.0112,-0.0889,0.9285,-0.5619,21.8847,53.1383,305.1343,
85517196400,69.0252,-0.0887,0.9285,-0.5619,21.8523,53.1329,305.1461,
85531408900,69.0395,-0.0886,0.9285,-0.5619,21.8159,53.1287,305.1599,
85545186500,69.0532,-0.0886,0.9287,-0.5620,21.7861,53.1408,305.1610,
85559290300,69.0671,-0.0885,0.9289,-0.5622,21.7536,53.1556,305.1624,
85573418400,69.0815,-0.0885,0.9291,-0.5623,21.7185,53.1728,305.1641,
85587051900,69.0950,-0.0884,0.9293,-0.5626,21.6904,53.1852,305.1492,
85601036600,69.1090,-0.0884,0.9295,-0.5629,21.6608,53.1992,305.1330,
85614688900,69.1228,-0.0883,0.9297,-0.5633,21.6445,53.2427,305.1348,
85628691700,69.1367,-0.0882,0.9298,-0.5638,21.6213,53.3104,305.1383,
85642617300,69.1506,-0.0882,0.9300,-0.5642,21.5921,53.4029,305.1438,
85656499700,69.1645,-0.0878,0.9304,-0.5647,21.5942,53.4312,305.1680,
85670964700,69.1790,-0.0874,0.9307,-0.5652,21.5977,53.4612,305.1945,
85684745300,69.1927,-0.0872,0.9306,-0.5657,21.6258,53.4949,305.2075,
85698293900,69.2063,-0.0870,0.9304,-0.5663,21.6587,53.5318,305.2218,
85712064700,69.2202,-0.0867,0.9306,-0.5667,21.6762,53.5435,305.2070,
85726133800,69.2341,-0.0865,0.9308,-0.5671,21.6951,53.5543,305.1900,
85740237500,69.2482,-0.0862,0.9310,-0.5675,21.7157,53.5642,305.1708,
85754090100,69.2622,-0.0860,0.9310,-0.5677,21.7105,53.6159,305.1212,
85768175400,69.2762,-0.0859,0.9310,-0.5678,21.7001,53.7052,305.0318,
85782544500,69.2904,-0.0858,0.9309,-0.5680,21.6589,53.8033,304.9649,
85796009700,69.3042,-0.0856,0.9307,-0.5684,21.6117,53.9084,304.8914,
85809955000,69.3180,-0.0855,0.9305,-0.5687,21.5603,54.0167,304.8140,
85824252600,69.3322,-0.0850,0.9304,-0.5691,21.5566,54.0506,304.7997,
85837703200,69.3456,-0.0845,0.9303,-0.5694,21.5539,54.0730,304.7903,
85851513500,69.3597,-0.0842,0.9304,-0.5698,21.5330,54.1051,304.7882,
85865266200,69.3733,-0.0839,0.9305,-0.5701,21.5096,54.1393,304.7866,
85879247700,69.3873,-0.0836,0.9306,-0.5704,21.5192,54.1566,304.7932,
85893120700,69.4012,-0.0833,0.9307,-0.5707,21.5304,54.1734,304.8009,
85907130400,69.4151,-0.0830,0.9308,-0.5711,21.5431,54.1896,304.8099,
85921240400,69.4292,-0.0827,0.9306,-0.5712,21.5636,54.2346,304.8468,
85934811000,69.4430,-0.0825,0.9305,-0.5713,21.5962,54.3031,304.9054,
85949196700,69.4571,-0.0822,0.9303,-0.5713,21.6116,54.3324,304.9299,
85963040600,69.4711,-0.0819,0.9301,-0.5713,21.6275,54.3606,304.9549,
85977078500,69.4851,-0.0818,0.9301,-0.5713,21.5961,54.3713,304.9638,
85990479900,69.4986,-0.0817,0.9300,-0.5714,21.5606,54.3803,304.9721,
86004688300,69.5126,-0.0815,0.9299,-0.5714,21.5213,54.3876,304.9801,
86018393200,69.5264,-0.0814,0.9298,-0.5714,21.5244,54.3953,304.9904,
86032273700,69.5404,-0.0813,0.9298,-0.5714,21.5281,54.4015,305.0005,
86046279200,69.5543,-0.0812,0.9298,-0.5715,21.5163,54.4308,304.9994,
86060270600,69.5682,-0.0811,0.9299,-0.5716,21.5036,54.4612,304.9969,
86073980400,69.5821,-0.0811,0.9299,-0.5717,21.5310,54.4834,304.9838,
86087998700,69.5960,-0.0811,0.9299,-0.5718,21.5619,54.5056,304.9684,
86102130500,69.6101,-0.0811,0.9299,-0.5720,21.6016,54.5315,304.9481,
86115870900,69.6240,-0.0811,0.9301,-0.5720,21.6022,54.5397,304.9110,
86130282100,69.6383,-0.0810,0.9303,-0.5721,21.6024,54.5471,304.8671,
86143766000,69.6518,-0.0810,0.9304,-0.5722,21.6022,54.5548,304.8068,
86157946900,69.6660,-0.0809,0.9304,-0.5723,21.6151,54.5614,304.7883,
86171537100,69.6796,-0.0808,0.9304,-0.5724,21.6289,54.5669,304.7689,
86185668400,69.6937,-0.0807,0.9304,-0.5726,21.6268,54.5558,304.7394,
86199376200,69.7074,-0.0805,0.9305,-0.5728,21.6239,54.5424,304.7083,
86213560200,69.7217,-0.0803,0.9304,-0.5732,21.5977,54.5455,304.6884,
86227356000,69.7353,-0.0801,0.9304,-0.5736,21.5686,54.5483,304.6683,
86241303900,69.7493,-0.0798,0.9303,-0.5741,21.5366,54.5508,304.6479,
86255273900,69.7634,-0.0798,0.9302,-0.5748,21.5122,54.5478,304.6404,
86269086000,69.7771,-0.0798,0.9301,-0.5755,21.4862,54.5442,304.6338,
86283092200,69.7911,-0.0796,0.9297,-0.5757,21.4621,54.5461,304.6445,
86297052700,69.8051,-0.0795,0.9293,-0.5759,21.4368,54.5479,304.6575,
86310762500,69.8189,-0.0793,0.9288,-0.5762,21.4103,54.5495,304.6728,
86324856700,69.8329,-0.0794,0.9287,-0.5763,21.3917,54.5642,304.6691,
86338825600,69.8467,-0.0795,0.9286,-0.5765,21.3727,54.5799,304.6656,
86352782600,69.8609,-0.0794,0.9285,-0.5766,21.3525,54.5942,304.6593,
86366583200,69.8746,-0.0794,0.9283,-0.5766,21.3318,54.6093,304.6529,
86380499700,69.8885,-0.0794,0.9282,-0.5767,21.3145,54.6326,304.6505,
86394238700,69.9023,-0.0795,0.9280,-0.5768,21.2972,54.6573,304.6484,
86408789200,69.9168,-0.0795,0.9279,-0.5768,21.2797,54.6835,304.6467,
86422549400,69.9305,-0.0795,0.9275,-0.5770,21.2878,54.7053,304.6447,
86436362900,69.9444,-0.0795,0.9270,-0.5771,21.2981,54.7278,304.6428,
86450131300,69.9582,-0.0794,0.9266,-0.5772,21.3150,54.7413,304.6263,
86464171400,69.9721,-0.0794,0.9262,-0.5772,21.3344,54.7546,304.6087,
86478267800,69.9863,-0.0794,0.9258,-0.5772,21.3563,54.7677,304.5900,
86491768800,69.9999,-0.0794,0.9256,-0.5771,21.3510,54.7733,304.5815,
86506177300,70.0141,-0.0793,0.9253,-0.5770,21.3454,54.7781,304.5730,
86519664800,70.0277,-0.0794,0.9253,-0.5769,21.3199,54.7770,304.5952,
86533668000,70.0418,-0.0794,0.9253,-0.5768,21.2924,54.7746,304.6201,
86547511100,70.0555,-0.0793,0.9252,-0.5768,21.2818,54.7561,304.6302,
86561688100,70.0696,-0.0792,0.9250,-0.5768,21.2711,54.7351,304.6411,
86575350100,70.0835,-0.0790,0.9249,-0.5767,21.2604,54.7115,304.6528,
86589372700,70.0974,-0.0790,0.9248,-0.5767,21.2344,54.7068,304.6628,
86603334300,70.1113,-0.0790,0.9248,-0.5766,21.2070,54.7016,304.6734,
86617347600,70.1253,-0.0789,0.9247,-0.5765,21.1876,54.6855,304.6733,
86631142000,70.1393,-0.0788,0.9247,-0.5764,21.1678,54.6680,304.6727,
86645129600,70.1531,-0.0789,0.9246,-0.5764,21.1494,54.6509,304.6787,
86659066400,70.1671,-0.0789,0.9246,-0.5763,21.1308,54.6328,304.6848,
86672913800,70.1810,-0.0789,0.9246,-0.5763,21.1119,54.6135,304.6913,
86686853200,70.1949,-0.0790,0.9247,-0.5761,21.0895,54.6023,304.6831,
86701421700,70.2094,-0.0791,0.9248,-0.5760,21.0666,54.5910,304.6739,
86715342200,70.2235,-0.0789,0.9249,-0.5759,21.0870,54.5828,304.6780,
86729327800,70.2372,-0.0788,0.9249,-0.5758,21.1111,54.5748,304.6824,
86742852500,70.2508,-0.0787,0.9249,-0.5757,21.1388,54.5669,304.6872,
86756394100,70.2644,-0.0786,0.9249,-0.5755,21.1322,54.5444,304.6880,
86770159900,70.2783,-0.0785,0.9248,-0.5753,21.1258,54.5207,304.6887,
86784689300,70.2926,-0.0784,0.9248,-0.5751,21.0827,54.4727,304.6517,
86798206800,70.3062,-0.0783,0.9247,-0.5749,20.9803,54.3597,304.5623,
86812012400,70.3202,-0.0782,0.9247,-0.5747,20.8387,54.2056,304.4376,
86826345000,70.3344,-0.0782,0.9246,-0.5746,20.7673,54.2195,304.3649,
86840009000,70.3480,-0.0782,0.9246,-0.5746,20.6963,54.2364,304.2914,
86854098100,70.3623,-0.0783,0.9245,-0.5745,20.6774,54.2354,304.2710,
86868079500,70.3761,-0.0783,0.9244,-0.5745,20.6592,54.2352,304.2509,
86881713500,70.3898,-0.0784,0.9244,-0.5744,20.6271,54.2337,304.2427,
86895450100,70.4035,-0.0784,0.9244,-0.5743,20.5933,54.2328,304.2348,
86909463700,70.4175,-0.0784,0.9243,-0.5741,20.5579,54.2323,304.2273,
86923751000,70.4317,-0.0784,0.9242,-0.5739,20.5176,54.2153,304.2324,
86937928600,70.4459,-0.0784,0.9241,-0.5737,20.4626,54.1917,304.2410,
86951171700,70.4593,-0.0780,0.9233,-0.5733,20.4307,54.1452,304.2745,
86965206800,70.4732,-0.0776,0.9221,-0.5728,20.3907,54.0822,304.3220,
86979269500,70.4873,-0.0772,0.9208,-0.5721,20.3555,54.0043,304.3367,
86993190600,70.5014,-0.0769,0.9195,-0.5715,20.3201,53.9191,304.3531,
87007008000,70.5150,-0.0766,0.9184,-0.5709,20.2848,53.8264,304.3712,
87021206800,70.5292,-0.0762,0.9179,-0.5707,20.3027,53.7192,304.3104,
87035202600,70.5433,-0.0759,0.9175,-0.5706,20.3289,53.5874,304.2332,
87048899700,70.5569,-0.0758,0.9174,-0.5703,20.3363,53.5016,304.1998,
87062845800,70.5708,-0.0757,0.9172,-0.5700,20.3455,53.4205,304.1675,
87076718500,70.5847,-0.0756,0.9170,-0.5697,20.3434,53.3606,304.1477,
87090495800,70.5987,-0.0754,0.9168,-0.5693,20.3422,53.3045,304.1289,
87104863700,70.6129,-0.0753,0.9165,-0.5689,20.3417,53.2482,304.1100,
87118556500,70.6265,-0.0753,0.9165,-0.5686,20.3251,53.1780,304.1252,
87132275200,70.6404,-0.0754,0.9164,-0.5683,20.3047,53.0929,304.1461,
87146328000,70.6543,-0.0753,0.9165,-0.5678,20.3668,53.0015,304.2172,
87160508600,70.6685,-0.0752,0.9165,-0.5673,20.4491,52.8919,304.3101,
87174383800,70.6824,-0.0752,0.9166,-0.5670,20.4348,52.8553,304.3736,
87188070100,70.6960,-0.0752,0.9167,-0.5667,20.4216,52.8271,304.4310,
87201917900,70.7099,-0.0752,0.9168,-0.5664,20.4077,52.8022,304.4902,
87215800700,70.7240,-0.0752,0.9168,-0.5663,20.3887,52.7856,304.5031,
87229867700,70.7378,-0.0751,0.9167,-0.5663,20.3681,52.7698,304.5164,
87243860800,70.7519,-0.0751,0.9166,-0.5662,20.3457,52.7546,304.5301,
87258054200,70.7661,-0.0752,0.9164,-0.5661,20.3242,52.7546,304.5107,
87271469300,70.7796,-0.0752,0.9162,-0.5660,20.3014,52.7565,304.4887,
87285585900,70.7935,-0.0753,0.9162,-0.5660,20.2518,52.7348,304.4922,
87299713700,70.8078,-0.0753,0.9161,-0.5660,20.1585,52.6958,304.4987,
87313534900,70.8217,-0.0753,0.9160,-0.5659,20.1374,52.6960,304.5305,
87327966600,70.8360,-0.0753,0.9160,-0.5659,20.1168,52.6978,304.5645,
87341390500,70.8494,-0.0753,0.9159,-0.5658,20.0952,52.7014,304.6030,
87355398700,70.8635,-0.0754,0.9158,-0.5658,20.1025,52.7227,304.6297,
87369020800,70.8770,-0.0754,0.9157,-0.5657,20.1122,52.7468,304.6578,
87382966000,70.8910,-0.0754,0.9158,-0.5657,20.0989,52.7624,304.6667,
87397025800,70.9049,-0.0754,0.9159,-0.5657,20.0854,52.7796,304.6749,
87410712200,70.9189,-0.0754,0.9158,-0.5657,20.0786,52.7941,304.6715,
87424767500,70.9328,-0.0753,0.9158,-0.5657,20.0724,52.8097,304.6664,
87439094700,70.9471,-0.0753,0.9158,-0.5657,20.0668,52.8263,304.6596,
87452396700,70.9605,-0.0753,0.9158,-0.5658,20.0515,52.8374,304.6535,
87466694600,70.9747,-0.0753,0.9159,-0.5659,20.0358,52.8488,304.6461,
87480496100,70.9885,-0.0753,0.9159,-0.5660,20.0197,52.8606,304.6375,
87494684800,71.0028,-0.0753,0.9160,-0.5661,20.0082,52.8740,304.6411,
87508620400,71.0165,-0.0753,0.9162,-0.5662,19.9968,52.8878,304.6446,
87522126200,71.0301,-0.0753,0.9162,-0.5662,19.9785,52.9028,304.6393,
87536019000,71.0442,-0.0754,0.9162,-0.5662,19.9596,52.9183,304.6332,
87550262300,71.0583,-0.0755,0.9162,-0.5662,19.9364,52.9390,304.6235,
87564074900,71.0719,-0.0756,0.9163,-0.5663,19.9123,52.9606,304.6128,
87578013300,71.0860,-0.0757,0.9163,-0.5663,19.8874,52.9831,304.6010,
87591641300,71.0998,-0.0757,0.9162,-0.5663,19.8718,53.0053,304.6105,
87605659200,71.1137,-0.0758,0.9160,-0.5663,19.8563,53.0283,304.6210,
87619787600,71.1277,-0.0758,0.9161,-0.5663,19.8321,53.0274,304.6204,
87634282100,71.1424,-0.0758,0.9162,-0.5662,19.8071,53.0250,304.6196,
87647616600,71.1556,-0.0758,0.9164,-0.5662,19.7815,53.0211,304.6186,
87661782500,71.1698,-0.0758,0.9163,-0.5661,19.7333,53.0221,304.6037,
87675305000,71.1834,-0.0758,0.9163,-0.5661,19.6550,53.0222,304.5786,
87689456500,71.1974,-0.0758,0.9164,-0.5661,19.5262,53.0184,304.5933,
87703153200,71.2111,-0.0759,0.9165,-0.5661,19.3718,53.0118,304.6122,
87717078900,71.2251,-0.0759,0.9164,-0.5661,19.2801,53.0686,304.6201,
87730945500,71.2390,-0.0760,0.9163,-0.5661,19.1931,53.1248,304.6282,
87744891300,71.2529,-0.0761,0.9162,-0.5662,19.1652,53.1679,304.6055,
87758876700,71.2669,-0.0762,0.9162,-0.5663,19.1404,53.2111,304.5820,
87772639100,71.2808,-0.0763,0.9162,-0.5664,19.1155,53.2600,304.5547,
87786900200,71.2948,-0.0764,0.9162,-0.5664,19.1052,53.2794,304.5375,
87800643700,71.3086,-0.0765,0.9163,-0.5663,19.0963,53.2994,304.5190,
87814556700,71.3227,-0.0766,0.9161,-0.5663,19.0648,53.3008,304.4986,
87828561000,71.3366,-0.0767,0.9160,-0.5663,19.0322,53.3007,304.4770,
87842514500,71.3504,-0.0769,0.9159,-0.5663,18.9986,53.2994,304.4543,
87856368400,71.3644,-0.0769,0.9158,-0.5663,18.9249,53.3117,304.4260,
87870105700,71.3783,-0.0770,0.9158,-0.5664,18.8317,53.3260,304.3907,
87884440900,71.3924,-0.0771,0.9158,-0.5664,18.7201,53.3222,304.3307,
87898200900,71.4061,-0.0771,0.9159,-0.5665,18.5998,53.3157,304.2656,
87911896500,71.4200,-0.0772,0.9158,-0.5666,18.5723,53.2989,304.2372,
87926284000,71.4343,-0.0773,0.9158,-0.5667,18.5527,53.2846,304.2154,
87940403600,71.4484,-0.0775,0.9157,-0.5669,18.5340,53.2684,304.1929,
87953695100,71.4618,-0.0775,0.9157,-0.5669,18.5314,53.2884,304.1793,
87967688600,71.4757,-0.0776,0.9157,-0.5670,18.5308,53.3101,304.1659,
87981680600,71.4897,-0.0776,0.9158,-0.5670,18.5062,53.3200,304.1506,
87995325300,71.5035,-0.0776,0.9159,-0.5670,18.4810,53.3302,304.1352,
88009663300,71.5175,-0.0777,0.9158,-0.5670,18.4512,53.3317,304.1487,
88024120100,71.5321,-0.0777,0.9156,-0.5670,18.4206,53.3325,304.1653,
88037498400,71.5455,-0.0777,0.9155,-0.5670,18.3890,53.3327,304.1846,
88051450300,71.5596,-0.0778,0.9153,-0.5670,18.3300,53.3625,304.2216,
88065453900,71.5734,-0.0778,0.9152,-0.5670,18.2416,53.4079,304.2805,
88079422000,71.5874,-0.0780,0.9153,-0.5671,18.1707,53.4803,304.3029,
88092891000,71.6010,-0.0781,0.9153,-0.5672,18.0946,53.5615,304.3280,
88107266600,71.6153,-0.0783,0.9154,-0.5674,18.0141,53.6511,304.3557,
88121380300,71.6293,-0.0787,0.9156,-0.5677,18.0105,53.7141,304.3717,
88134603700,71.6428,-0.0792,0.9159,-0.5681,18.0101,53.7739,304.3869,
88148636300,71.6567,-0.0793,0.9159,-0.5682,18.0333,53.8850,304.4598,
88163016100,71.6710,-0.0794,0.9160,-0.5684,18.0689,54.0317,304.5581,
88176915200,71.6849,-0.0795,0.9160,-0.5685,18.1155,54.2024,304.6744,
88190611200,71.6988,-0.0796,0.9161,-0.5689,18.1960,54.2977,304.8614,
88204767700,71.7127,-0.0796,0.9162,-0.5694,18.2907,54.4011,305.0724,
88218755500,71.7267,-0.0797,0.9165,-0.5698,18.4424,54.4825,305.3184,
88232632500,71.7407,-0.0799,0.9167,-0.5703,18.6082,54.5651,305.5804,
88246789100,71.7548,-0.0799,0.9167,-0.5705,18.8941,54.7845,305.8600,
88260292300,71.7682,-0.0800,0.9166,-0.5707,19.1930,55.0098,306.1484,
88274311800,71.7825,-0.0800,0.9166,-0.5709,19.4888,55.2294,306.4304,
88288319700,71.7963,-0.0803,0.9162,-0.5711,19.6422,55.4477,306.4655,
88302110300,71.8101,-0.0808,0.9157,-0.5715,19.7888,55.6505,306.4995,
88315656300,71.8238,-0.0813,0.9154,-0.5720,19.8679,55.7949,306.4815,
88330229300,71.8382,-0.0817,0.9152,-0.5725,19.9468,55.9342,306.4645,
88344083500,71.8520,-0.0821,0.9150,-0.5729,20.0320,56.0806,306.4471,
88357958500,71.8660,-0.0824,0.9148,-0.5732,19.9390,56.2126,306.3415,
88371946700,71.8801,-0.0827,0.9146,-0.5735,19.8240,56.3774,306.2091,
88385619700,71.8936,-0.0833,0.9144,-0.5743,19.7702,56.6359,305.8877,
88399974300,71.9078,-0.0840,0.9142,-0.5751,19.7167,56.9122,305.5420,
88413566700,71.9217,-0.0845,0.9140,-0.5758,19.5777,57.0933,305.3040,
88427576400,71.9356,-0.0849,0.9137,-0.5765,19.4531,57.2578,305.0866,
88441531800,71.9495,-0.0853,0.9135,-0.5771,19.3377,57.4121,304.8815,
88455597100,71.9637,-0.0855,0.9133,-0.5780,19.2403,57.4960,304.7563,
88469138400,71.9771,-0.0858,0.9131,-0.5789,19.1523,57.5729,304.6412,
88483409600,71.9914,-0.0860,0.9125,-0.5797,19.1137,57.6500,304.6125,
88497011900,72.0050,-0.0862,0.9120,-0.5805,19.0791,57.7197,304.5861,
88511348100,72.0194,-0.0867,0.9117,-0.5812,18.8883,57.9906,304.5430,
88525234300,72.0332,-0.0871,0.9115,-0.5818,18.6514,58.3271,304.4883,
88539683800,72.0477,-0.0876,0.9113,-0.5825,18.4020,58.6813,304.4293,
88553069000,72.0612,-0.0880,0.9110,-0.5829,18.2578,59.0779,304.4750,
88566652500,72.0746,-0.0883,0.9107,-0.5833,18.1183,59.4576,304.5171,
88580483900,72.0885,-0.0885,0.9107,-0.5833,18.0184,59.8544,304.5867,
88594413100,72.1025,-0.0886,0.9108,-0.5834,17.9197,60.2403,304.6529,
88608710700,72.1167,-0.0888,0.9108,-0.5834,17.8222,60.6162,304.7161,
88622821900,72.1307,-0.0888,0.9108,-0.5834,17.7291,60.8023,304.6343,
88636577300,72.1446,-0.0889,0.9108,-0.5834,17.6414,60.9804,304.5594,
88656602400,72.1646,-0.0890,0.9108,-0.5835,17.6253,61.0152,304.5632,
88667580300,72.1756,-0.0891,0.9108,-0.5836,17.6151,61.0377,304.5659,
88681121300,72.1891,-0.0891,0.9107,-0.5838,17.6093,61.0234,304.5476,
88695336000,72.2035,-0.0891,0.9106,-0.5840,17.6030,61.0078,304.5276,
88709160400,72.2171,-0.0891,0.9105,-0.5841,17.5960,60.9912,304.5061,
88723530300,72.2314,-0.0891,0.9105,-0.5844,17.5261,60.9354,304.4612,
88746785500,72.2546,-0.0890,0.9104,-0.5848,17.3753,60.8165,304.3660,
88761714900,72.2697,-0.0890,0.9104,-0.5850,17.2943,60.7846,304.2908,
88775367100,72.2834,-0.0889,0.9105,-0.5853,17.2157,60.7568,304.2179,
88789792600,72.2978,-0.0889,0.9107,-0.5853,17.1830,60.6730,304.1283,
88803303800,72.3113,-0.0889,0.9108,-0.5854,17.1509,60.5855,304.0353,
88818055100,72.3261,-0.0886,0.9112,-0.5851,17.2263,60.5619,304.0049,
88831856300,72.3399,-0.0882,0.9118,-0.5848,17.3779,60.5187,303.9490,
88845458400,72.3535,-0.0872,0.9131,-0.5842,17.6249,60.3566,303.8339,
88859150300,72.3671,-0.0861,0.9144,-0.5836,17.9204,60.1670,303.7021,
88872981200,72.3811,-0.0852,0.9155,-0.5831,18.2316,59.9711,303.5686,
88887153900,72.3951,-0.0842,0.9165,-0.5827,18.4997,59.8513,303.5055,
88901260100,72.4092,-0.0834,0.9173,-0.5823,18.7545,59.7401,303.4492,
88914994700,72.4231,-0.0829,0.9174,-0.5824,18.8087,59.7139,303.4527,
88928644700,72.4367,-0.0825,0.9176,-0.5824,18.8422,59.6986,303.4559,
88942720300,72.4506,-0.0821,0.9177,-0.5825,18.8705,59.6862,303.4593,
88956465000,72.4645,-0.0821,0.9177,-0.5825,18.8551,59.6527,303.4639,
88970356100,72.4785,-0.0821,0.9178,-0.5825,18.8379,59.6170,303.4695,
88984849400,72.4928,-0.0821,0.9176,-0.5824,18.7877,59.6050,303.4909,
88998436000,72.5064,-0.0821,0.9174,-0.5823,18.6858,59.5832,303.5349,
89012193900,72.5203,-0.0821,0.9172,-0.5823,18.6099,59.4888,303.6144,
89026126900,72.5341,-0.0821,0.9170,-0.5822,18.5202,59.3755,303.7120,
89040088000,72.5481,-0.0820,0.9167,-0.5822,18.4237,59.2520,303.8205,
89054041700,72.5621,-0.0820,0.9166,-0.5822,18.3928,59.1667,303.8499,
89067961500,72.5758,-0.0820,0.9165,-0.5823,18.3678,59.0940,303.8751,
89081893600,72.5898,-0.0819,0.9163,-0.5824,18.3900,59.0777,303.8793,
89095629500,72.6038,-0.0818,0.9161,-0.5825,18.4153,59.0612,303.8834,
89109619300,72.6175,-0.0817,0.9159,-0.5825,18.4436,59.0446,303.8875,
89123745100,72.6317,-0.0817,0.9156,-0.5825,18.4696,59.0387,303.8853,
89138240500,72.6462,-0.0816,0.9154,-0.5825,18.4980,59.0335,303.8825,
89151587000,72.6597,-0.0816,0.9153,-0.5825,18.5312,59.0271,303.8715,
89165590000,72.6735,-0.0816,0.9151,-0.5824,18.5668,59.0212,303.8592,
89179302700,72.6873,-0.0817,0.9149,-0.5823,18.6036,59.0089,303.8653,
89192874700,72.7010,-0.0817,0.9145,-0.5822,18.6444,58.9958,303.8725,
89207136100,72.7151,-0.0817,0.9141,-0.5821,18.6971,58.9795,303.8822,
89221158000,72.7291,-0.0816,0.9141,-0.5820,18.8114,58.9217,303.9416,
89234876600,72.7430,-0.0816,0.9140,-0.5820,18.9571,58.8483,304.0196,
89248931000,72.7569,-0.0815,0.9140,-0.5819,19.0129,58.7989,304.0250,
89262821900,72.7708,-0.0815,0.9141,-0.5819,19.0551,58.7603,304.0288,
89276989400,72.7849,-0.0814,0.9140,-0.5819,19.1571,58.6710,304.0061,
89290369300,72.7985,-0.0813,0.9140,-0.5819,19.2801,58.5617,303.9761,
89304699200,72.8126,-0.0813,0.9140,-0.5818,19.4141,58.4410,303.9408,
89318547700,72.8265,-0.0812,0.9141,-0.5818,19.4223,58.3707,303.8789,
89332659300,72.8407,-0.0811,0.9142,-0.5818,19.4269,58.3074,303.8213,
89346221700,72.8542,-0.0810,0.9143,-0.5817,19.4295,58.2380,303.7562,
89360083300,72.8681,-0.0810,0.9142,-0.5817,19.4707,58.1775,303.7189,
89373850500,72.8820,-0.0809,0.9142,-0.5817,19.5148,58.1118,303.6776,
89388158900,72.8960,-0.0808,0.9143,-0.5817,19.5443,58.0511,303.6468,
89402001400,72.9100,-0.0807,0.9143,-0.5816,19.5729,57.9902,303.6156,
89415715500,72.9238,-0.0805,0.9142,-0.5815,19.6284,57.9691,303.6219,
89429881800,72.9379,-0.0803,0.9141,-0.5815,19.6959,57.9460,303.6314,
89444170400,72.9521,-0.0802,0.9141,-0.5814,19.7772,57.9210,303.6448,
89457945200,72.9659,-0.0800,0.9141,-0.5813,19.8342,57.9034,303.6759,
89471448800,72.9796,-0.0798,0.9141,-0.5813,19.8921,57.8875,303.7100,
89485530100,72.9935,-0.0797,0.9142,-0.5812,19.9322,57.8949,303.7456,
89499431700,73.0073,-0.0795,0.9142,-0.5811,19.9715,57.9048,303.7832,
89513065400,73.0212,-0.0796,0.9141,-0.5810,19.9685,57.9363,303.8040,
89527300600,73.0353,-0.0796,0.9139,-0.5810,19.9628,57.9718,303.8261,
89541321100,73.0493,-0.0796,0.9137,-0.5809,19.9544,58.0113,303.8495,
89554953600,73.0630,-0.0796,0.9137,-0.5808,19.9206,58.0361,303.8474,
89569105300,73.0771,-0.0795,0.9136,-0.5807,19.8823,58.0630,303.8441,
89582939000,73.0909,-0.0795,0.9136,-0.5807,19.8274,58.1267,303.8410,
89596836400,73.1048,-0.0795,0.9136,-0.5806,19.7505,58.2137,303.8351,
89610689200,73.1187,-0.0795,0.9137,-0.5806,19.6561,58.3184,303.8264,
89624751200,73.1327,-0.0794,0.9138,-0.5805,19.6511,58.3441,303.8373,
89638516300,73.1465,-0.0793,0.9139,-0.5805,19.6461,58.3697,303.8481,
89652415600,73.1605,-0.0792,0.9139,-0.5805,19.6721,58.3780,303.8374,
89666810300,73.1747,-0.0791,0.9140,-0.5805,19.7006,58.3858,303.8252,
89680778700,73.1887,-0.0790,0.9140,-0.5804,19.7157,58.3750,303.8093,
89694238200,73.2023,-0.0789,0.9141,-0.5803,19.7318,58.3618,303.7918,
89708193500,73.2161,-0.0788,0.9142,-0.5802,19.7487,58.3465,303.7727,
89722615100,73.2305,-0.0786,0.9141,-0.5801,19.7578,58.3345,303.7375,
89735764700,73.2439,-0.0785,0.9141,-0.5800,19.7669,58.3210,303.6996,
89750886600,73.2587,-0.0785,0.9143,-0.5799,19.7531,58.3148,303.6352,
89764071900,73.2720,-0.0786,0.9145,-0.5798,19.7279,58.3041,303.5269,
89777884400,73.2858,-0.0786,0.9145,-0.5798,19.7379,58.3163,303.4701,
89791924500,73.3000,-0.0786,0.9146,-0.5798,19.7476,58.3289,303.4153,
89806052500,73.3140,-0.0786,0.9146,-0.5798,19.7580,58.3429,303.3584,
89819681100,73.3276,-0.0785,0.9146,-0.5797,19.7566,58.3592,303.3753,
89833560700,73.3416,-0.0785,0.9146,-0.5796,19.7548,58.3769,303.3961,
89847479000,73.3555,-0.0783,0.9146,-0.5796,19.7557,58.3884,303.4109,
89861472400,73.3693,-0.0782,0.9146,-0.5795,19.7565,58.4005,303.4284,
89875123000,73.3832,-0.0781,0.9146,-0.5795,19.7573,58.4130,303.4484,
89889530400,73.3974,-0.0778,0.9144,-0.5792,19.7504,58.4022,303.4655,
89903174700,73.4112,-0.0772,0.9140,-0.5788,19.7428,58.3897,303.4844,
89917127100,73.4250,-0.0770,0.9138,-0.5783,19.7393,58.3819,303.4891,
89931386700,73.4395,-0.0768,0.9135,-0.5779,19.7356,58.3732,303.4941,
89945032200,73.4529,-0.0767,0.9135,-0.5778,19.7152,58.3538,303.4852,
89958809800,73.4668,-0.0766,0.9135,-0.5778,19.6929,58.3327,303.4752,
89972747900,73.4809,-0.0765,0.9135,-0.5778,19.6689,58.3098,303.4641,
89986750300,73.4947,-0.0763,0.9134,-0.5777,19.6305,58.2894,303.4353,
90000947000,73.5089,-0.0761,0.9132,-0.5777,19.5700,58.2576,303.3893,
90014446700,73.5225,-0.0760,0.9131,-0.5777,19.3961,58.0991,303.2220,
90028703200,73.5367,-0.0760,0.9129,-0.5776,19.1754,57.8980,303.0088,
90042522000,73.5505,-0.0759,0.9127,-0.5776,18.9397,57.6838,302.7808,
90057142800,73.5650,-0.0758,0.9124,-0.5776,18.6110,57.6299,302.6375,
90070500100,73.5786,-0.0757,0.9120,-0.5776,18.2861,57.5782,302.4959,
90084399400,73.5924,-0.0758,0.9110,-0.5776,18.2502,57.5528,302.4496,
90098038400,73.6060,-0.0758,0.9100,-0.5776,18.2314,57.5393,302.4245,
90112134900,73.6202,-0.0759,0.9095,-0.5776,18.0989,57.5908,302.3976,
90125974400,73.6339,-0.0759,0.9091,-0.5776,17.9056,57.6682,302.3593,
90140221800,73.6482,-0.0760,0.9087,-0.5776,17.6751,57.7625,302.3145,
90153719500,73.6618,-0.0761,0.9085,-0.5776,17.5842,57.8852,302.2840,
90167694400,73.6756,-0.0762,0.9082,-0.5775,17.4972,58.0057,302.2550,
90181606300,73.6896,-0.0763,0.9074,-0.5775,17.3932,58.0702,302.2500,
90195340000,73.7034,-0.0765,0.9066,-0.5774,17.2908,58.1341,302.2458,
90209445800,73.7173,-0.0766,0.9063,-0.5772,17.2395,58.2607,302.3092,
90223592300,73.7314,-0.0766,0.9060,-0.5771,17.1824,58.4088,302.3853,
90237596200,73.7456,-0.0767,0.9058,-0.5769,17.1200,58.5775,302.4737,
90251224900,73.7592,-0.0767,0.9057,-0.5769,17.1261,58.5619,302.4792,
90265105700,73.7731,-0.0767,0.9056,-0.5770,17.1340,58.5439,302.4852,
90279000700,73.7869,-0.0767,0.9054,-0.5770,17.1436,58.5235,302.4917,
90292981600,73.8011,-0.0766,0.9055,-0.5773,17.1505,58.4996,302.5004,
90306876800,73.8148,-0.0766,0.9055,-0.5776,17.1587,58.4733,302.5097,
90320888200,73.8288,-0.0765,0.9060,-0.5780,17.1701,58.3774,302.5156,
90334662000,73.8427,-0.0765,0.9065,-0.5785,17.1912,58.2072,302.5254,
90349172800,73.8571,-0.0763,0.9064,-0.5791,17.1794,58.0707,302.6341,
90363175500,73.8711,-0.0760,0.9063,-0.5798,17.1664,57.9190,302.7579,
90376375900,73.8843,-0.0758,0.9062,-0.5805,17.1529,57.7599,302.8907,
90390234600,73.8983,-0.0758,0.9061,-0.5804,17.1266,57.7336,302.9789,
90404429500,73.9124,-0.0758,0.9060,-0.5803,17.1044,57.7130,303.0536,
90418243200,73.9262,-0.0759,0.9058,-0.5801,17.0554,57.7051,303.0853,
90432186000,73.9403,-0.0760,0.9056,-0.5799,17.0025,57.6979,303.1188,
90446204300,73.9541,-0.0760,0.9054,-0.5798,16.9601,57.6949,303.1514,
90460125200,73.9680,-0.0761,0.9053,-0.5797,16.9141,57.6927,303.1863,
90473945600,73.9820,-0.0761,0.9051,-0.5796,16.8627,57.6912,303.2250,
90487860200,73.9958,-0.0761,0.9049,-0.5795,16.8603,57.6994,303.2220,
90501965000,74.0099,-0.0762,0.9047,-0.5794,16.8590,57.7090,303.2175,
90515563300,74.0237,-0.0761,0.9048,-0.5793,16.8627,57.7053,303.2190,
90529871100,74.0378,-0.0760,0.9049,-0.5792,16.8678,57.7014,303.2198,
90543745200,74.0517,-0.0759,0.9051,-0.5791,16.8634,57.6647,303.2324,
90557556200,74.0654,-0.0758,0.9052,-0.5790,16.8593,57.6245,303.2456,
90571367800,74.0795,-0.0757,0.9054,-0.5789,16.8545,57.5705,303.2628,
90585436100,74.0934,-0.0756,0.9055,-0.5788,16.8486,57.5492,303.2776,
90599284600,74.1072,-0.0756,0.9056,-0.5788,16.8427,57.5270,303.2932,
90613154500,74.1212,-0.0756,0.9057,-0.5788,16.8253,57.4993,303.2798,
90627069800,74.1350,-0.0757,0.9057,-0.5788,16.8067,57.4703,303.2640,
90641476800,74.1493,-0.0758,0.9058,-0.5788,16.7871,57.4402,303.2461,
90654952900,74.1631,-0.0758,0.9058,-0.5788,16.7365,57.4452,303.1875,
90669055400,74.1769,-0.0759,0.9057,-0.5787,16.6339,57.4594,303.0659,
90682948300,74.1909,-0.0760,0.9058,-0.5787,16.5648,57.5143,302.9391,
90696763700,74.2048,-0.0761,0.9058,-0.5787,16.4884,57.5822,302.7926,
90710534400,74.2187,-0.0761,0.9057,-0.5786,16.4864,57.6912,302.7581,
90724890400,74.2328,-0.0762,0.9056,-0.5785,16.4879,57.8093,302.7243,
90738574800,74.2465,-0.0763,0.9055,-0.5783,16.4931,57.9462,302.6884,
90752366500,74.2605,-0.0763,0.9053,-0.5781,16.5304,58.0506,302.5636,
90766751500,74.2747,-0.0764,0.9049,-0.5777,16.5762,58.1687,302.4251,
90780256000,74.2882,-0.0765,0.9046,-0.5773,16.7018,58.3755,302.2421,
90794114900,74.3022,-0.0766,0.9043,-0.5769,16.8434,58.6005,302.0468,
90808767400,74.3166,-0.0767,0.9039,-0.5765,16.9907,58.8276,301.8532,
90822820700,74.3307,-0.0767,0.9038,-0.5763,17.0265,58.8140,301.7562,
90836571000,74.3444,-0.0767,0.9037,-0.5761,17.0534,58.8049,301.6880,
90849851900,74.3580,-0.0767,0.9037,-0.5759,17.1006,58.7845,301.6366,
90864168900,74.3721,-0.0767,0.9036,-0.5758,17.1553,58.7617,301.5790,
90877967800,74.3860,-0.0766,0.9037,-0.5758,17.1712,58.7324,301.5833,
90891567600,74.3996,-0.0766,0.9038,-0.5757,17.1883,58.7007,301.5896,
90905497000,74.4134,-0.0765,0.9039,-0.5757,17.2065,58.6666,301.5979,
90919410700,74.4273,-0.0764,0.9040,-0.5757,17.2494,58.5910,301.6385,
90933317500,74.4414,-0.0763,0.9040,-0.5757,17.3117,58.4813,301.7009,
90947458500,74.4553,-0.0763,0.9040,-0.5756,17.4509,58.3320,301.7791,
90961236700,74.4692,-0.0762,0.9040,-0.5756,17.6077,58.1664,301.8693,
90974859300,74.4830,-0.0762,0.9040,-0.5755,17.7706,57.9967,301.9651,
90989214500,74.4972,-0.0761,0.9040,-0.5755,17.8725,57.9024,301.9759,
91003274200,74.5112,-0.0761,0.9040,-0.5754,17.9607,57.8221,301.9859,
91017495500,74.5255,-0.0761,0.9040,-0.5754,18.0463,57.7505,301.9532,
91030699600,74.5388,-0.0761,0.9041,-0.5754,18.1338,57.6780,301.9191,
91044673900,74.5526,-0.0761,0.9041,-0.5754,18.1233,57.6803,301.8983,
91058753400,74.5667,-0.0762,0.9042,-0.5753,18.1101,57.6844,301.8759,
91072516600,74.5806,-0.0762,0.9042,-0.5753,18.0946,57.6903,301.8518,
91086453800,74.5944,-0.0763,0.9043,-0.5753,18.1075,57.6639,301.8210,
91100469500,74.6085,-0.0764,0.9043,-0.5754,18.1208,57.6360,301.7882,
91114407500,74.6225,-0.0764,0.9044,-0.5754,18.1104,57.6519,301.7763,
91128365700,74.6364,-0.0765,0.9045,-0.5754,18.0980,57.6709,301.7647,
91142288800,74.6503,-0.0766,0.9046,-0.5754,18.0838,57.6927,301.7535,
91156091800,74.6642,-0.0767,0.9047,-0.5753,18.0827,57.6948,301.7623,
91170257400,74.6781,-0.0768,0.9048,-0.5753,18.0811,57.6976,301.7731,
91184220700,74.6922,-0.0769,0.9047,-0.5753,18.0704,57.7228,301.7925,
91197984900,74.7059,-0.0769,0.9046,-0.5752,18.0585,57.7507,301.8144,
91212057700,74.7202,-0.0769,0.9045,-0.5753,18.0444,57.7531,301.8024,
91225905800,74.7338,-0.0768,0.9043,-0.5754,18.0292,57.7551,301.7892,
91239759900,74.7477,-0.0768,0.9042,-0.5755,18.0127,57.7569,301.7747,
91253791900,74.7619,-0.0769,0.9043,-0.5755,18.0063,57.7645,301.7347,
91267613300,74.7756,-0.0769,0.9044,-0.5756,17.9997,57.7725,301.6914,
91282199300,74.7900,-0.0771,0.9046,-0.5757,18.0007,57.8219,301.6042,
91295510900,74.8037,-0.0773,0.9047,-0.5758,18.0035,57.8909,301.4834,
91309390800,74.8174,-0.0777,0.9051,-0.5759,18.0383,57.9695,301.4257,
91323658800,74.8316,-0.0782,0.9054,-0.5760,18.0763,58.0510,301.3690,
91337226800,74.8452,-0.0787,0.9058,-0.5761,18.1185,58.1375,301.3116,
91350925000,74.8590,-0.0790,0.9058,-0.5760,18.1493,58.2138,301.3009,
91365042300,74.8730,-0.0792,0.9058,-0.5758,18.1804,58.2883,301.2932,
91378898900,74.8869,-0.0793,0.9058,-0.5758,18.2035,58.2888,301.2910,
91392856100,74.9009,-0.0794,0.9057,-0.5757,18.2285,58.2877,301.2898,
91406701700,74.9147,-0.0795,0.9057,-0.5756,18.2555,58.2851,301.2897,
91420824800,74.9288,-0.0795,0.9056,-0.5756,18.2402,58.2815,301.2498,
91434664000,74.9428,-0.0794,0.9056,-0.5755,18.2227,58.2766,301.2073,
91448993900,74.9570,-0.0794,0.9055,-0.5755,18.2024,58.2701,301.1609,
91463130500,74.9711,-0.0793,0.9054,-0.5755,18.2111,58.2597,301.1174,
91476806800,74.9848,-0.0793,0.9053,-0.5755,18.2216,58.2458,301.0645,
91490612400,74.9988,-0.0793,0.9054,-0.5755,18.2405,58.2363,301.0164,
91504869200,75.0128,-0.0792,0.9054,-0.5755,18.2619,58.2248,300.9633,
91518224800,75.0262,-0.0792,0.9055,-0.5756,18.3650,58.2037,300.9163,
91531821900,75.0400,-0.0791,0.9056,-0.5757,18.5132,58.1729,300.8541,
91546057400,75.0541,-0.0791,0.9059,-0.5758,18.7954,58.0963,300.8981,
91560220100,75.0682,-0.0790,0.9064,-0.5761,19.1407,58.0019,300.9628,
91573998900,75.0822,-0.0788,0.9070,-0.5764,19.5088,57.9008,301.0422,
91588477800,75.0963,-0.0788,0.9079,-0.5765,19.8521,57.7761,301.0464,
91601697300,75.1097,-0.0787,0.9088,-0.5765,20.1798,57.6563,301.0578,
91616007100,75.1241,-0.0788,0.9100,-0.5766,20.2971,57.6290,301.1009,
91630255000,75.1382,-0.0789,0.9111,-0.5766,20.3898,57.6073,301.1384,
91644192400,75.1522,-0.0790,0.9114,-0.5765,20.4006,57.6114,301.1623,
91658288400,75.1663,-0.0791,0.9117,-0.5765,20.4117,57.6160,301.1894,
91672142800,75.1802,-0.0791,0.9119,-0.5765,20.4232,57.6212,301.2197,
91685924700,75.1939,-0.0791,0.9125,-0.5761,20.4427,57.6056,301.2379,
91699322600,75.2073,-0.0791,0.9132,-0.5756,20.4633,57.5885,301.2577,
91713369600,75.2215,-0.0791,0.9140,-0.5751,20.4695,57.5830,301.2609,
91727548600,75.2354,-0.0791,0.9148,-0.5747,20.4751,57.5774,301.2638,
91741033000,75.2491,-0.0791,0.9156,-0.5742,20.4801,57.5717,301.2663,
91755076900,75.2632,-0.0791,0.9162,-0.5741,20.5015,57.5507,301.2604,
91769421500,75.2774,-0.0790,0.9168,-0.5741,20.5239,57.5283,301.2534,
91783368600,75.2913,-0.0789,0.9177,-0.5739,20.6126,57.4249,301.2123,
91797146700,75.3051,-0.0788,0.9188,-0.5738,20.7619,57.2486,301.1403,
91810711200,75.3189,-0.0788,0.9196,-0.5740,21.0604,57.0217,301.0205,
91824892300,75.3329,-0.0787,0.9203,-0.5743,21.3865,56.7738,300.8857,
91838947500,75.3469,-0.0787,0.9210,-0.5745,21.7096,56.5278,300.7482,
91852868100,75.3610,-0.0784,0.9218,-0.5743,21.8299,56.3924,300.7327,
91866359800,75.3744,-0.0780,0.9225,-0.5742,21.9288,56.2813,300.7190,
91880591700,75.3886,-0.0776,0.9230,-0.5739,21.9767,56.2287,300.7220,
91894575100,75.4026,-0.0771,0.9236,-0.5737,22.0157,56.1860,300.7243,
91908495000,75.4165,-0.0767,0.9241,-0.5734,22.0529,56.1455,300.7264,
91922041300,75.4301,-0.0764,0.9248,-0.5730,22.0431,56.1369,300.7099,
91936356300,75.4444,-0.0761,0.9256,-0.5726,22.0315,56.1284,300.6918,
91950136100,75.4582,-0.0760,0.9265,-0.5724,22.0242,56.1028,300.6837,
91964107100,75.4721,-0.0759,0.9275,-0.5723,22.0159,56.0758,300.6753,
91977983500,75.4860,-0.0757,0.9285,-0.5719,22.0059,56.0262,300.6889,
91991405000,75.4996,-0.0755,0.9296,-0.5715,21.9850,55.9248,300.7188,
92005941900,75.5138,-0.0753,0.9305,-0.5711,21.9559,55.7866,300.7617,
92019474000,75.5275,-0.0753,0.9308,-0.5708,21.9370,55.7507,300.8240,
92033374300,75.5416,-0.0752,0.9311,-0.5707,21.9191,55.7190,300.8843,
92047628100,75.5557,-0.0752,0.9315,-0.5703,21.9082,55.7001,300.8974,
92061333700,75.5693,-0.0752,0.9319,-0.5699,21.8966,55.6812,300.9109,
92075248200,75.5834,-0.0753,0.9320,-0.5698,21.8754,55.6821,300.8913,
92089601800,75.5976,-0.0754,0.9320,-0.5697,21.8526,55.6851,300.8687,
92103509800,75.6115,-0.0755,0.9321,-0.5695,21.8282,55.6899,300.8432,
92117335800,75.6253,-0.0756,0.9319,-0.5694,21.7769,55.7418,300.8148,
92131387300,75.6395,-0.0757,0.9318,-0.5693,21.6844,55.8407,300.7619,
92145226600,75.6532,-0.0758,0.9316,-0.5691,21.5658,55.9734,300.6924,
92159305900,75.6673,-0.0759,0.9315,-0.5690,21.4701,55.9654,300.6635,
92172932300,75.6810,-0.0759,0.9315,-0.5688,21.3806,55.9588,300.6364,
92186716100,75.6947,-0.0761,0.9308,-0.5686,21.3368,55.9457,300.6564,
92200724700,75.7088,-0.0762,0.9300,-0.5683,21.2898,55.9317,300.6792,
92214556400,75.7227,-0.0762,0.9296,-0.5683,21.2465,55.8591,300.7359,
92228710500,75.7367,-0.0762,0.9294,-0.5682,21.1867,55.7512,300.8209,
92242514500,75.7505,-0.0763,0.9293,-0.5683,21.1548,55.6249,300.9403,
92256588200,75.7646,-0.0763,0.9292,-0.5683,21.1254,55.4845,301.0745,
92270206800,75.7784,-0.0763,0.9291,-0.5683,21.1003,55.3376,301.2163,
92284634100,75.7926,-0.0763,0.9292,-0.5685,21.1139,55.3068,301.2520,
92298312800,75.8062,-0.0764,0.9293,-0.5686,21.1241,55.2885,301.2739,
92312040700,75.8202,-0.0762,0.9295,-0.5685,21.1427,55.2155,301.3250,
92325971800,75.8340,-0.0760,0.9296,-0.5684,21.1698,55.1197,301.3917,
92339783600,75.8477,-0.0756,0.9300,-0.5682,21.2040,55.0087,301.4687,
92353742800,75.8619,-0.0752,0.9301,-0.5677,21.3469,54.6272,301.5614,
92367734700,75.8757,-0.0747,0.9302,-0.5671,21.5143,54.1935,301.6627,
92381615600,75.8896,-0.0727,0.9301,-0.5659,21.7024,52.9679,301.9318,
92395348800,75.9034,-0.0706,0.9300,-0.5646,21.8891,51.8079,302.1788,
92409356000,75.9173,-0.0688,0.9300,-0.5635,22.0552,50.8185,302.3832,
92423371200,75.9314,-0.0664,0.9308,-0.5606,22.4394,49.6247,302.3701,
92437288500,75.9453,-0.0643,0.9316,-0.5582,22.7670,48.5843,302.3615,
92451297800,75.9593,-0.0616,0.9313,-0.5553,23.1661,47.7276,302.3940,
92465258400,75.9732,-0.0593,0.9311,-0.5529,23.5156,46.9449,302.4209,
92479457100,75.9875,-0.0574,0.9320,-0.5499,23.7210,46.6261,302.0112,
92493317700,76.0014,-0.0558,0.9327,-0.5474,23.9140,46.2966,301.6526,
92507235200,76.0151,-0.0543,0.9333,-0.5452,24.1163,45.9258,301.2971,
92521059500,76.0291,-0.0540,0.9328,-0.5432,24.3045,45.8422,301.2864,
92535193000,76.0433,-0.0535,0.9324,-0.5413,24.4874,45.7384,301.2720,
92548901800,76.0569,-0.0545,0.9328,-0.5389,24.4683,45.6914,301.2583,
92562988000,76.0709,-0.0552,0.9332,-0.5366,24.4537,45.6449,301.2456,
92576631600,76.0847,-0.0567,0.9326,-0.5345,24.4486,45.6596,301.2348,
92590318300,76.0985,-0.0578,0.9321,-0.5325,24.4448,45.6726,301.2225,
92604607700,76.1126,-0.0586,0.9317,-0.5306,24.4420,45.6839,301.2087,
92618641800,76.1266,-0.0585,0.9314,-0.5286,24.4488,45.6292,301.2113,
92632470800,76.1406,-0.0583,0.9311,-0.5267,24.4599,45.5483,301.2150,
92646287200,76.1543,-0.0577,0.9312,-0.5263,24.4384,45.5174,301.2190,
92660347000,76.1684,-0.0571,0.9312,-0.5259,24.4120,45.4783,301.2239,
92674161200,76.1823,-0.0561,0.9305,-0.5250,24.4500,45.3069,301.4149,
92688265800,76.1963,-0.0550,0.9297,-0.5240,24.5116,45.0615,301.6919,
92702246600,76.2102,-0.0539,0.9290,-0.5228,24.5872,44.7902,302.0019,
92715914700,76.2241,-0.0535,0.9295,-0.5216,24.5585,44.4284,302.1592,
92730228700,76.2382,-0.0531,0.9300,-0.5204,24.5368,44.0836,302.3123,
92744203300,76.2523,-0.0531,0.9301,-0.5195,24.4692,43.8568,302.2920,
92758166200,76.2661,-0.0530,0.9302,-0.5184,24.4118,43.6559,302.2761,
92771846800,76.2800,-0.0529,0.9303,-0.5173,24.3578,43.4592,302.2623,
92785966000,76.2939,-0.0530,0.9303,-0.5164,24.3288,43.2035,302.1023,
92800187300,76.3082,-0.0531,0.9303,-0.5153,24.2973,42.9182,301.9258,
92813734500,76.3218,-0.0531,0.9303,-0.5142,24.2641,42.6124,301.7386,
92827841500,76.3359,-0.0530,0.9301,-0.5142,24.2470,42.4092,301.4963,
92841830500,76.3498,-0.0529,0.9300,-0.5141,24.2297,42.2027,301.2530,
92855443000,76.3636,-0.0529,0.9303,-0.5142,24.2886,42.0122,301.0071,
92869568100,76.3776,-0.0529,0.9306,-0.5143,24.3491,41.8149,300.7551,
92883712900,76.3918,-0.0530,0.9308,-0.5143,24.3124,41.7335,300.4302,
92897587600,76.4055,-0.0530,0.9310,-0.5143,24.2723,41.6463,300.0818,
92911363200,76.4195,-0.0529,0.9313,-0.5143,24.2908,41.6039,299.8122,
92925458100,76.4335,-0.0529,0.9316,-0.5143,24.3091,41.5632,299.5517,
92939489400,76.4475,-0.0529,0.9319,-0.5143,24.3276,41.5233,299.2951,
92953335600,76.4615,-0.0528,0.9319,-0.5142,24.1373,41.4874,299.1316,
92967257500,76.4753,-0.0527,0.9320,-0.5141,23.9260,41.4487,298.9513,
92981255700,76.4892,-0.0525,0.9321,-0.5139,23.8315,41.3470,298.8763,
92995079400,76.5033,-0.0522,0.9323,-0.5137,23.7425,41.2505,298.8064,
93009221800,76.5172,-0.0519,0.9322,-0.5134,23.7071,41.1773,298.7968,
93022854800,76.5309,-0.0516,0.9321,-0.5130,23.6716,41.1014,298.7885,
93037309300,76.5453,-0.0512,0.9319,-0.5126,23.6315,41.0130,298.7805,
93050750400,76.5590,-0.0509,0.9318,-0.5122,23.6374,40.9947,298.7830,
93065508400,76.5735,-0.0506,0.9317,-0.5117,23.6449,40.9760,298.7866,
93078731000,76.5868,-0.0504,0.9317,-0.5115,23.6947,40.9816,298.8192,
93092633400,76.6008,-0.0503,0.9318,-0.5114,23.7887,40.9947,298.8808,
93106636100,76.6147,-0.0501,0.9318,-0.5112,23.9437,41.0200,298.9828,
93120616700,76.6286,-0.0500,0.9318,-0.5111,24.2231,41.2405,299.4433,
93134386500,76.6426,-0.0499,0.9317,-0.5110,24.5477,41.5087,299.9868,
93148580800,76.6566,-0.0495,0.9322,-0.5105,24.9214,41.5156,300.6270,
93162296700,76.6704,-0.0491,0.9327,-0.5099,25.2795,41.5321,301.2446,
93176437600,76.6844,-0.0483,0.9327,-0.5093,25.4998,41.4109,301.7896,
93189986400,76.6982,-0.0476,0.9327,-0.5087,25.7043,41.3071,302.2923,
93204195600,76.7122,-0.0468,0.9327,-0.5082,25.8961,41.2168,302.7613,
93218314300,76.7264,-0.0461,0.9317,-0.5074,26.0183,41.0872,302.9198,
93232209200,76.7403,-0.0454,0.9307,-0.5067,26.1282,40.9772,303.0680,
93245682100,76.7537,-0.0447,0.9291,-0.5064,26.1483,40.9248,303.1508,
93259926000,76.7680,-0.0440,0.9277,-0.5060,26.1684,40.8791,303.2293,
93273280900,76.7815,-0.0433,0.9264,-0.5057,26.1912,40.8321,303.3152,
93287615200,76.7956,-0.0431,0.9264,-0.5050,26.1754,40.8081,303.3012,
93302158200,76.8101,-0.0428,0.9263,-0.5044,26.1588,40.7822,303.2874,
93315052100,76.8233,-0.0431,0.9257,-0.5038,26.0043,40.6130,303.3996,
93329295800,76.8373,-0.0433,0.9250,-0.5032,25.7632,40.3475,303.5850,
93343335100,76.8513,-0.0436,0.9242,-0.5025,25.4957,40.0505,303.8023,
93357279700,76.8652,-0.0435,0.9247,-0.5017,25.3384,39.8851,303.7504,
93370901600,76.8791,-0.0434,0.9252,-0.5009,25.2053,39.7450,303.7119,
93385028700,76.8930,-0.0436,0.9251,-0.4997,25.1652,39.5856,303.8056,
93398739800,76.9067,-0.0438,0.9249,-0.4985,25.1222,39.4108,303.9131,
93412774100,76.9210,-0.0435,0.9260,-0.4975,25.1211,39.3956,303.9102,
93426810500,76.9349,-0.0431,0.9271,-0.4964,25.1205,39.3829,303.9082,
93440526800,76.9485,-0.0428,0.9281,-0.4954,25.1201,39.3696,303.9065,
93454867000,76.9630,-0.0431,0.9277,-0.4951,25.1194,39.2939,303.9088,
93468318500,76.9763,-0.0433,0.9273,-0.4948,25.1184,39.1379,303.9146,
93482319400,76.9904,-0.0433,0.9275,-0.4944,25.1362,39.1294,303.8674,
93495928600,77.0041,-0.0432,0.9277,-0.4938,25.1559,39.1220,303.8160,
93510195500,77.0181,-0.0434,0.9271,-0.4930,25.2011,39.0695,303.7466,
93524259000,77.0323,-0.0436,0.9264,-0.4922,25.2665,38.9957,303.6482,
93538374200,77.0464,-0.0438,0.9258,-0.4912,25.3463,38.9076,303.5300,
93552066100,77.0603,-0.0436,0.9261,-0.4911,25.3827,38.9363,303.4702,
93566220700,77.0742,-0.0433,0.9266,-0.4908,25.4220,38.9711,303.4069,
93580259800,77.0883,-0.0434,0.9266,-0.4909,25.4339,38.9479,303.4146,
93593694100,77.1019,-0.0435,0.9267,-0.4909,25.4460,38.9231,303.4251,
93608089000,77.1161,-0.0436,0.9268,-0.4908,25.4582,38.8968,303.4385,
93622119000,77.1300,-0.0435,0.9270,-0.4908,25.4479,38.8800,303.4489,
93635475300,77.1437,-0.0435,0.9272,-0.4907,25.4357,38.8628,303.4615,
93649640700,77.1577,-0.0436,0.9277,-0.4907,25.4390,38.8818,303.4535,
93664076400,77.1721,-0.0436,0.9284,-0.4906,25.4422,38.9040,303.4453,
93677668600,77.1857,-0.0437,0.9285,-0.4908,25.4611,38.9187,303.4146,
93691448700,77.1995,-0.0437,0.9286,-0.4910,25.4815,38.9352,303.3813,
93705473600,77.2136,-0.0437,0.9287,-0.4912,25.5136,38.9621,303.3290,
93719375300,77.2274,-0.0440,0.9285,-0.4914,25.4798,39.3877,302.9995,
93733337900,77.2415,-0.0444,0.9282,-0.4916,25.4358,39.9236,302.5910,
93747011400,77.2551,-0.0447,0.9281,-0.4923,25.3901,40.1546,302.2187,
93761277500,77.2693,-0.0450,0.9281,-0.4930,25.3477,40.3609,301.8931,
93775001200,77.2831,-0.0454,0.9282,-0.4947,25.4618,40.5961,301.7954,
93789041600,77.2970,-0.0459,0.9283,-0.4965,25.5642,40.8130,301.7065,
93803070600,77.3110,-0.0464,0.9283,-0.4980,25.6627,41.0268,301.6199,
93816810800,77.3248,-0.0463,0.9287,-0.4988,25.6728,41.0533,301.6496,
93830431400,77.3386,-0.0463,0.9290,-0.4994,25.6805,41.0746,301.6721,
93844661800,77.3527,-0.0461,0.9294,-0.4999,25.6901,41.0937,301.7682,
93858506600,77.3666,-0.0459,0.9299,-0.5004,25.7140,41.1436,302.0152,
93872440300,77.3806,-0.0457,0.9304,-0.5010,25.7456,41.2126,302.3512,
93886610400,77.3946,-0.0456,0.9305,-0.5011,25.8487,41.3270,302.6805,
93900433600,77.4084,-0.0455,0.9306,-0.5012,25.9523,41.4446,303.0132,
93914466600,77.4226,-0.0456,0.9302,-0.5018,26.0806,41.6651,303.6689,
93928477200,77.4365,-0.0457,0.9296,-0.5027,26.2089,41.8937,304.3401,
93942657300,77.4507,-0.0458,0.9288,-0.5038,26.3273,42.1118,304.9734,
93956073800,77.4642,-0.0456,0.9286,-0.5041,26.3452,42.2226,305.0782,
93970242500,77.4783,-0.0455,0.9285,-0.5043,26.3574,42.2956,305.1507,
93983932300,77.4920,-0.0456,0.9285,-0.5045,26.3543,42.3527,305.1394,
93997789200,77.5059,-0.0457,0.9285,-0.5047,26.3494,42.4518,305.1226,
94011738500,77.5198,-0.0458,0.9287,-0.5049,26.3480,42.6129,305.0531,
94025792500,77.5337,-0.0459,0.9289,-0.5051,26.3473,42.8163,304.9682,
94039574600,77.5476,-0.0460,0.9292,-0.5054,26.3476,43.0397,304.8778,
94053639200,77.5618,-0.0463,0.9298,-0.5058,26.3189,43.2230,304.6725,
94067696700,77.5756,-0.0465,0.9305,-0.5063,26.2906,43.4094,304.4642,
94081643500,77.5895,-0.0465,0.9309,-0.5064,26.1553,43.4719,304.1028,
94095149800,77.6033,-0.0466,0.9312,-0.5065,26.0172,43.5339,303.7355,
94109092600,77.6171,-0.0466,0.9317,-0.5067,26.0206,43.7024,303.4057,
94123398800,77.6314,-0.0467,0.9322,-0.5070,26.0255,43.8646,303.0867,
94136884200,77.6449,-0.0467,0.9328,-0.5072,26.0316,44.0192,302.7814,
94150739100,77.6589,-0.0468,0.9334,-0.5074,26.1327,44.1388,302.6696,
94164477100,77.6725,-0.0468,0.9340,-0.5076,26.2235,44.2462,302.5677,
94178546100,77.6865,-0.0477,0.9356,-0.5091,26.5283,44.6698,303.0294,
94192234200,77.7004,-0.0486,0.9373,-0.5107,26.9634,45.2897,303.7034,
94206292700,77.7143,-0.0494,0.9387,-0.5121,27.4176,45.9566,304.4268,
94220101800,77.7282,-0.0504,0.9402,-0.5134,27.6543,46.4440,304.9683,
94234488500,77.7426,-0.0513,0.9414,-0.5146,27.8652,46.8832,305.4550,
94248253700,77.7563,-0.0525,0.9429,-0.5163,28.0761,47.2267,305.7707,
94261893100,77.7699,-0.0536,0.9443,-0.5179,28.2729,47.5527,306.0727,
94275284000,77.7835,-0.0545,0.9455,-0.5192,28.4662,47.8777,306.3758,
94289464300,77.7974,-0.0549,0.9467,-0.5206,28.4990,47.9258,306.3410,
94303571400,77.8116,-0.0553,0.9478,-0.5219,28.5226,47.9610,306.3236,
94317307100,77.8254,-0.0549,0.9477,-0.5230,28.5526,47.9411,306.2124,
94331318000,77.8395,-0.0546,0.9477,-0.5242,28.6102,47.9100,306.0169,
94344847200,77.8528,-0.0545,0.9476,-0.5258,28.5756,47.8538,305.6419,
94358833300,77.8669,-0.0545,0.9476,-0.5274,28.5362,47.7959,305.2151,
94372528300,77.8807,-0.0546,0.9476,-0.5290,28.4969,47.7437,304.7881,
94386493400,77.8946,-0.0548,0.9472,-0.5305,28.3358,47.8910,304.3905,
94400441000,77.9084,-0.0550,0.9468,-0.5319,28.1787,48.0430,304.0043,
94414414300,77.9226,-0.0557,0.9464,-0.5329,28.0218,48.4203,303.7215,
94428361600,77.9364,-0.0563,0.9460,-0.5340,27.8722,48.7894,303.4513,
94442282800,77.9504,-0.0568,0.9457,-0.5351,27.7329,49.1411,303.1993,
94456436100,77.9644,-0.0575,0.9460,-0.5361,27.4326,49.5348,303.1758,
94469709400,77.9778,-0.0581,0.9463,-0.5372,27.1479,49.9151,303.1465,
94484111200,77.9922,-0.0589,0.9454,-0.5386,27.0968,50.7095,303.3920,
94497849400,78.0059,-0.0597,0.9446,-0.5401,27.0368,51.5195,303.6318,
94511803300,78.0200,-0.0603,0.9438,-0.5418,26.8704,52.2179,303.8558,
94525906800,78.0339,-0.0609,0.9431,-0.5434,26.7127,52.8686,304.0553,
94539761700,78.0478,-0.0615,0.9425,-0.5449,26.5620,53.4812,304.2354,
94553204000,78.0613,-0.0624,0.9419,-0.5464,26.6507,53.9754,304.4468,
94567858300,78.0758,-0.0632,0.9415,-0.5480,26.7230,54.4561,304.6454,
94581609600,78.0897,-0.0631,0.9412,-0.5491,26.7514,54.7840,304.7122,
94595349100,78.1036,-0.0631,0.9409,-0.5502,26.7734,55.1102,304.7785,
94609284500,78.1173,-0.0631,0.9408,-0.5511,26.7473,55.2707,304.7661,
94624017600,78.1320,-0.0632,0.9407,-0.5521,26.7205,55.4306,304.7562,
94637438200,78.1455,-0.0632,0.9406,-0.5531,26.6903,55.6068,304.7473,
94650940800,78.1592,-0.0632,0.9400,-0.5538,26.6982,55.7800,304.7306,
94664679800,78.1727,-0.0632,0.9394,-0.5546,26.7052,55.9730,304.7139,
94679195100,78.1872,-0.0633,0.9395,-0.5550,26.6161,56.0423,304.6353,
94692931500,78.2012,-0.0634,0.9395,-0.5553,26.5176,56.1203,304.5504,
94706507900,78.2146,-0.0636,0.9396,-0.5557,26.4056,56.2104,304.4554,
94720699500,78.2288,-0.0636,0.9392,-0.5562,26.2127,56.3885,304.2792,
94734179800,78.2423,-0.0636,0.9388,-0.5568,25.9983,56.5886,304.0845,
94748642600,78.2567,-0.0638,0.9384,-0.5576,25.8191,56.7310,303.7865,
94762624000,78.2707,-0.0639,0.9379,-0.5584,25.6428,56.8735,303.4940,
94776992100,78.2851,-0.0640,0.9375,-0.5593,25.4728,57.0129,303.2126,
94790573500,78.2987,-0.0642,0.9372,-0.5598,25.3569,57.1033,303.0070,
94804372200,78.3124,-0.0643,0.9369,-0.5603,25.2490,57.1886,302.8166,
94818442900,78.3264,-0.0643,0.9371,-0.5606,25.0021,57.1973,302.6519,
94832307500,78.3404,-0.0643,0.9373,-0.5609,24.7428,57.2093,302.4781,
94846308800,78.3543,-0.0644,0.9374,-0.5614,24.6198,57.1905,302.4181,
94860169900,78.3682,-0.0645,0.9376,-0.5620,24.5138,57.1753,302.3660,
94874210800,78.3824,-0.0646,0.9378,-0.5627,24.4097,57.1613,302.3145,
94888168700,78.3962,-0.0646,0.9381,-0.5635,24.3119,57.1926,302.2846,
94901778700,78.4098,-0.0647,0.9383,-0.5642,24.2060,57.2275,302.2520,
94915829100,78.4240,-0.0646,0.9384,-0.5646,24.1767,57.2397,302.2419,
94929336400,78.4374,-0.0646,0.9386,-0.5648,24.1523,57.2503,302.2333,
94943504300,78.4515,-0.0646,0.9387,-0.5651,24.1268,57.2618,302.2242,
94957890300,78.4659,-0.0646,0.9389,-0.5655,24.1236,57.2924,302.2379,
94971671900,78.4798,-0.0646,0.9392,-0.5659,24.1213,57.3255,302.2532,
94985358700,78.4934,-0.0646,0.9391,-0.5661,24.1466,57.3799,302.2824,
94999042900,78.5071,-0.0646,0.9391,-0.5663,24.1992,57.4872,302.3407,
95013281900,78.5214,-0.0647,0.9388,-0.5669,24.3885,57.7230,302.4438,
95027385000,78.5354,-0.0648,0.9385,-0.5676,24.6281,58.0137,302.5724,
95041239600,78.5493,-0.0649,0.9381,-0.5684,24.8861,58.3200,302.7095,
95054926700,78.5631,-0.0650,0.9378,-0.5689,24.9365,58.4481,302.7568,
95069166000,78.5771,-0.0650,0.9376,-0.5693,24.9767,58.5450,302.7927,
95082664600,78.5907,-0.0650,0.9374,-0.5698,24.9923,58.5480,302.8124,
95096945300,78.6050,-0.0651,0.9371,-0.5702,25.0095,58.5501,302.8335,
95110397500,78.6186,-0.0651,0.9369,-0.5707,25.0283,58.5513,302.8560,
95124992100,78.6329,-0.0651,0.9368,-0.5709,25.0459,58.5549,302.8994,
95138925400,78.6469,-0.0652,0.9367,-0.5711,25.0703,58.5590,302.9596,
95152157700,78.6604,-0.0651,0.9366,-0.5713,25.0585,58.5841,302.9978,
95166954300,78.6750,-0.0651,0.9366,-0.5716,25.0450,58.6108,303.0378,
95180661100,78.6886,-0.0651,0.9364,-0.5717,25.0612,58.6330,303.0737,
95193956200,78.7022,-0.0651,0.9363,-0.5718,25.0791,58.6561,303.1108,
95207945600,78.7160,-0.0651,0.9361,-0.5720,25.0987,58.6806,303.1498,
95221977700,78.7301,-0.0650,0.9357,-0.5720,25.1089,58.7101,303.1637,
95235779900,78.7439,-0.0648,0.9352,-0.5720,25.1195,58.7408,303.1764,
95249822300,78.7579,-0.0650,0.9351,-0.5720,25.1171,58.7742,303.1656,
95264061400,78.7721,-0.0651,0.9350,-0.5720,25.1138,58.8088,303.1515,
95277944100,78.7860,-0.0653,0.9351,-0.5719,25.1003,58.8587,303.1510,
95291888600,78.8000,-0.0655,0.9351,-0.5719,25.0799,58.9281,303.1484,
95305453700,78.8135,-0.0657,0.9351,-0.5719,25.0533,59.0127,303.1429,
95319749600,78.8278,-0.0659,0.9350,-0.5719,24.9945,59.1806,303.1745,
95333187100,78.8414,-0.0661,0.9349,-0.5720,24.9230,59.3769,303.2102,
95347139500,78.8551,-0.0664,0.9344,-0.5721,24.9300,59.5430,303.2385,
95361170200,78.8692,-0.0668,0.9338,-0.5723,24.9380,59.7041,303.2651,
95375092100,78.8833,-0.0671,0.9332,-0.5725,24.9469,59.8635,303.2907,
95389335700,78.8973,-0.0675,0.9326,-0.5728,24.8873,60.0561,303.3135,
95402977100,78.9110,-0.0679,0.9321,-0.5730,24.8233,60.2584,303.3363,
95416726000,78.9248,-0.0681,0.9320,-0.5731,24.7676,60.3951,303.3676,
95430403200,78.9386,-0.0683,0.9318,-0.5733,24.7155,60.5192,303.3960,
95445080500,78.9531,-0.0685,0.9317,-0.5734,24.6644,60.6378,303.4231,
95459414300,78.9674,-0.0687,0.9313,-0.5737,24.6514,60.8176,303.4979,
95473094500,78.9813,-0.0690,0.9308,-0.5740,24.6377,61.0129,303.5801,
95486688600,78.9947,-0.0693,0.9308,-0.5741,24.5846,61.0570,303.5728,
95500156900,79.0081,-0.0696,0.9308,-0.5742,24.5399,61.0913,303.5657,
95513835000,79.0220,-0.0700,0.9310,-0.5744,24.4770,61.1627,303.5745,
95528458400,79.0365,-0.0704,0.9312,-0.5746,24.4023,61.2451,303.5844,
95542141300,79.0502,-0.0712,0.9317,-0.5748,24.3077,61.3443,303.6206,
95555853300,79.0641,-0.0721,0.9323,-0.5749,24.2035,61.4507,303.6607,
95570354200,79.0783,-0.0729,0.9329,-0.5751,24.0934,61.5607,303.7034,
95583872700,79.0919,-0.0733,0.9329,-0.5751,24.0378,61.6626,303.7805,
95597574100,79.1056,-0.0736,0.9330,-0.5751,23.9845,61.7613,303.8576,
95611464200,79.1197,-0.0740,0.9331,-0.5753,23.9402,61.8602,303.8832,
95625591200,79.1335,-0.0744,0.9333,-0.5755,23.8959,61.9609,303.9086,
95639308700,79.1474,-0.0748,0.9334,-0.5757,23.8509,62.0653,303.9342,
95653327700,79.1616,-0.0754,0.9332,-0.5766,23.8039,62.1159,303.9885,
95667898500,79.1760,-0.0761,0.9329,-0.5776,23.7573,62.1647,304.0433,
95681530900,79.1895,-0.0766,0.9323,-0.5783,23.7570,62.2666,304.1170,
95695049400,79.2033,-0.0770,0.9316,-0.5790,23.7599,62.3908,304.2074,
95709106400,79.2172,-0.0775,0.9312,-0.5796,23.7588,62.4442,304.2371,
95723044000,79.2311,-0.0780,0.9308,-0.5802,23.7592,62.4847,304.2593,
95736882700,79.2448,-0.0784,0.9304,-0.5807,23.7607,62.5224,304.2797,
95750661300,79.2589,-0.0787,0.9303,-0.5810,23.7559,62.6641,304.2863,
95765205200,79.2732,-0.0791,0.9302,-0.5812,23.7512,62.8610,304.2910,
95778840500,79.2869,-0.0794,0.9301,-0.5815,23.7479,63.0838,304.2914,
95792546300,79.3007,-0.0795,0.9301,-0.5815,23.6908,63.2038,304.2965,
95807026800,79.3151,-0.0796,0.9302,-0.5815,23.6391,63.3098,304.2982,
95820650800,79.3287,-0.0798,0.9302,-0.5815,23.6576,63.4982,304.3598,
95834538700,79.3428,-0.0799,0.9301,-0.5815,23.6808,63.7077,304.4277,
95848540800,79.3564,-0.0800,0.9300,-0.5816,23.6890,63.7894,304.4644,
95862204500,79.3703,-0.0801,0.9298,-0.5817,23.6962,63.8506,304.4922,
95876520100,79.3846,-0.0802,0.9299,-0.5817,23.6734,63.8652,304.4838,
95889749400,79.3980,-0.0802,0.9300,-0.5817,23.6485,63.8783,304.4733,
95904075600,79.4121,-0.0802,0.9301,-0.5817,23.6216,63.8900,304.4607,
95917748400,79.4258,-0.0802,0.9299,-0.5815,23.6076,63.8875,304.4696,
95931639500,79.4399,-0.0801,0.9298,-0.5814,23.5931,63.8824,304.4787,
95945783500,79.4538,-0.0802,0.9298,-0.5815,23.5790,63.8593,304.4941,
95959806400,79.4677,-0.0802,0.9299,-0.5815,23.5645,63.8323,304.5103,
95973479100,79.4817,-0.0802,0.9300,-0.5816,23.5496,63.8014,304.5273,
95987463200,79.4956,-0.0803,0.9298,-0.5815,23.5327,63.7965,304.5511,
96001574300,79.5096,-0.0803,0.9297,-0.5815,23.5153,63.7908,304.5761,
96015228400,79.5234,-0.0805,0.9295,-0.5815,23.4741,63.7966,304.5590,
96029244800,79.5373,-0.0806,0.9292,-0.5815,23.4302,63.8029,304.5390,
96043129300,79.5512,-0.0808,0.9289,-0.5815,23.3588,63.8130,304.5040,
96057098100,79.5652,-0.0808,0.9286,-0.5815,23.2523,63.8174,304.3383,
96071351000,79.5795,-0.0808,0.9283,-0.5814,23.1152,63.8229,304.1147,
96085398000,79.5935,-0.0810,0.9274,-0.5812,22.9979,63.7928,304.0224,
96098987100,79.6071,-0.0813,0.9263,-0.5810,22.8921,63.7642,303.9366,
96112718500,79.6210,-0.0814,0.9259,-0.5810,22.8104,63.7487,303.8737,
96126924100,79.6349,-0.0814,0.9256,-0.5810,22.7340,63.7337,303.8134,
96140497000,79.6486,-0.0815,0.9253,-0.5810,22.6582,63.7181,303.7523,
96154451800,79.6627,-0.0816,0.9252,-0.5809,22.5650,63.7209,303.6958,
96168581400,79.6766,-0.0817,0.9251,-0.5808,22.4652,63.7243,303.6348,
96182947500,79.6909,-0.0819,0.9251,-0.5808,22.2580,63.6105,303.5486,
96196361900,79.7045,-0.0820,0.9252,-0.5808,22.0130,63.4725,303.4484,
96210217200,79.7185,-0.0820,0.9252,-0.5806,21.9569,63.4688,303.4357,
96224165500,79.7322,-0.0820,0.9252,-0.5805,21.9264,63.4671,303.4295,
96238277800,79.7462,-0.0820,0.9251,-0.5804,21.8988,63.4658,303.4245,
96252205700,79.7605,-0.0820,0.9251,-0.5804,21.9077,63.4438,303.4395,
96266036300,79.7741,-0.0820,0.9251,-0.5804,21.9196,63.4200,303.4569,
96280047800,79.7882,-0.0822,0.9251,-0.5803,21.9093,63.4045,303.4733,
96293835700,79.8020,-0.0823,0.9251,-0.5803,21.8993,63.3883,303.4915,
96307744600,79.8158,-0.0824,0.9252,-0.5802,21.8897,63.3716,303.5115,
96321700700,79.8298,-0.0825,0.9251,-0.5801,21.8660,63.3595,303.5276,
96335449000,79.8437,-0.0825,0.9251,-0.5800,21.8414,63.3473,303.5449,
96349629000,79.8576,-0.0826,0.9249,-0.5799,21.8184,63.3521,303.5529,
96363658600,79.8718,-0.0827,0.9247,-0.5799,21.7946,63.3584,303.5611,
96378002100,79.8860,-0.0828,0.9246,-0.5799,21.7565,63.3657,303.5801,
96391228800,79.8995,-0.0829,0.9245,-0.5798,21.7152,63.3746,303.6010,
96405635200,79.9137,-0.0831,0.9243,-0.5798,21.6571,63.3882,303.6304,
96419189500,79.9273,-0.0831,0.9245,-0.5797,21.6543,63.3889,303.6421,
96433008900,79.9413,-0.0831,0.9246,-0.5795,21.6533,63.3900,303.6540,
96446987400,79.9551,-0.0831,0.9247,-0.5794,21.6541,63.3913,303.6659,
96460920100,79.9689,-0.0831,0.9245,-0.5793,21.6779,63.3960,303.6773,
96474493500,79.9827,-0.0831,0.9243,-0.5792,21.7051,63.4011,303.6887,
96488713800,79.9968,-0.0831,0.9243,-0.5792,21.7193,63.4036,303.6918,
96502661600,80.0108,-0.0830,0.9242,-0.5791,21.7354,63.4063,303.6942,
96516729600,80.0247,-0.0830,0.9242,-0.5790,21.7390,63.3677,303.6969,
96530339700,80.0386,-0.0830,0.9242,-0.5789,21.7430,63.3255,303.6990,
96544398700,80.0525,-0.0829,0.9241,-0.5788,21.7238,63.3048,303.7080,
96558370200,80.0665,-0.0829,0.9240,-0.5787,21.7024,63.2833,303.7173,
96572241900,80.0804,-0.0829,0.9239,-0.5786,21.6790,63.2608,303.7267,
96586419100,80.0945,-0.0829,0.9237,-0.5785,21.6316,63.2057,303.7261,
96600132500,80.1082,-0.0830,0.9234,-0.5784,21.5599,63.1240,303.7238,
96614074100,80.1223,-0.0829,0.9233,-0.5784,21.5911,63.0758,303.7799,
96628373300,80.1364,-0.0827,0.9233,-0.5784,21.6382,63.0111,303.8591,
96642024900,80.1501,-0.0826,0.9233,-0.5783,21.7017,62.9317,303.9604,
96655617900,80.1638,-0.0826,0.9233,-0.5783,21.7297,62.8876,304.0316,
96669909500,80.1780,-0.0826,0.9233,-0.5782,21.7579,62.8482,304.0992,
96683725100,80.1918,-0.0825,0.9234,-0.5781,21.7693,62.8074,304.1268,
96697609600,80.2057,-0.0824,0.9236,-0.5780,21.7803,62.7713,304.1511,
96711614400,80.2199,-0.0823,0.9237,-0.5779,21.7672,62.7503,304.1432,
96725840900,80.2339,-0.0823,0.9237,-0.5778,21.7526,62.7290,304.1332,
96739481400,80.2475,-0.0823,0.9238,-0.5777,21.7367,62.7075,304.1211,
96752981800,80.2612,-0.0823,0.9237,-0.5777,21.7133,62.7178,304.1118,
96767196400,80.2753,-0.0824,0.9237,-0.5777,21.6881,62.7308,304.1010,
96781151900,80.2893,-0.0825,0.9236,-0.5775,21.6429,62.7332,304.0714,
96795470400,80.3036,-0.0825,0.9235,-0.5774,21.5519,62.7401,304.0103,
96809203000,80.3173,-0.0826,0.9233,-0.5772,21.4288,62.7519,303.9258,
96823058400,80.3312,-0.0826,0.9233,-0.5771,21.3553,62.8180,303.8816,
96836992500,80.3451,-0.0826,0.9233,-0.5770,21.2792,62.8906,303.8347,
96850583300,80.3588,-0.0827,0.9233,-0.5769,21.2691,62.8975,303.8436,
96864872900,80.3729,-0.0827,0.9233,-0.5768,21.2594,62.9050,303.8539,
96878637200,80.3867,-0.0827,0.9233,-0.5766,21.2314,62.9055,303.8409,
96892402700,80.4007,-0.0826,0.9232,-0.5764,21.2019,62.9057,303.8268,
96906710500,80.4148,-0.0826,0.9232,-0.5762,21.1711,62.9059,303.8115,
96920333900,80.4285,-0.0824,0.9231,-0.5762,21.1861,62.9043,303.8324,
96934265100,80.4425,-0.0823,0.9231,-0.5763,21.2041,62.9024,303.8555,
96948248300,80.4563,-0.0822,0.9229,-0.5763,21.1973,62.8819,303.8557,
96962307500,80.4703,-0.0822,0.9227,-0.5763,21.1905,62.8594,303.8556,
96976067500,80.4843,-0.0821,0.9226,-0.5763,21.1838,62.8350,303.8552,
96990019100,80.4981,-0.0821,0.9226,-0.5765,21.1988,62.8256,303.8782,
97004034200,80.5121,-0.0820,0.9226,-0.5766,21.2157,62.8158,303.9029,
97017979600,80.5260,-0.0819,0.9227,-0.5767,21.2355,62.8130,303.9284,
97032478400,80.5407,-0.0817,0.9228,-0.5768,21.2572,62.8106,303.9555,
97045720000,80.5537,-0.0816,0.9231,-0.5768,21.2769,62.7846,303.9711,
97059642900,80.5678,-0.0813,0.9237,-0.5767,21.2985,62.7558,303.9873,
97073557900,80.5818,-0.0810,0.9244,-0.5767,21.3276,62.7169,304.0079,
97087391700,80.5955,-0.0805,0.9255,-0.5768,21.3478,62.7030,304.0834,
97101268800,80.6094,-0.0800,0.9267,-0.5769,21.3727,62.6868,304.1799,
97115124100,80.6233,-0.0798,0.9269,-0.5769,21.4076,62.6534,304.2970,
97129371700,80.6374,-0.0796,0.9271,-0.5770,21.4454,62.6174,304.4263,
97143260100,80.6513,-0.0795,0.9273,-0.5770,21.4844,62.5807,304.5618,
97157046400,80.6651,-0.0795,0.9279,-0.5770,21.4536,62.5727,304.5659,
97171112100,80.6793,-0.0794,0.9287,-0.5770,21.4195,62.5647,304.5688,
97185067700,80.6931,-0.0794,0.9287,-0.5770,21.3945,62.5653,304.5619,
97198784100,80.7069,-0.0793,0.9288,-0.5770,21.3675,62.5666,304.5530,
97212600700,80.7209,-0.0793,0.9287,-0.5771,21.3417,62.5649,304.5065,
97226695100,80.7347,-0.0792,0.9285,-0.5772,21.2991,62.5627,304.4255,
97240651800,80.7487,-0.0792,0.9284,-0.5773,21.2351,62.5606,304.2984,
97254421000,80.7627,-0.0791,0.9284,-0.5774,21.1883,62.5026,304.2260,
97268521800,80.7766,-0.0791,0.9283,-0.5774,21.1402,62.4413,304.1493,
97282594200,80.7907,-0.0790,0.9283,-0.5775,21.1392,62.4089,304.1039,
97296495500,80.8045,-0.0788,0.9283,-0.5776,21.1396,62.3793,304.0624,
97310220200,80.8185,-0.0787,0.9281,-0.5777,21.1397,62.3652,304.0625,
97324310800,80.8323,-0.0785,0.9277,-0.5777,21.1408,62.3510,304.0646,
97338116100,80.8462,-0.0782,0.9272,-0.5777,21.1429,62.3370,304.0685,
97351947400,80.8601,-0.0781,0.9267,-0.5777,21.1366,62.3335,304.0603,
97365953200,80.8740,-0.0780,0.9262,-0.5777,21.1304,62.3310,304.0526,
97379837800,80.8879,-0.0778,0.9257,-0.5777,21.0980,62.3232,304.0553,
97393625000,80.9019,-0.0777,0.9252,-0.5777,21.0630,62.3157,304.0594,
97407784400,80.9158,-0.0775,0.9247,-0.5777,21.0256,62.3086,304.0650,
97421542700,80.9296,-0.0775,0.9247,-0.5777,21.0259,62.3009,304.0638,
97435554400,80.9438,-0.0776,0.9246,-0.5778,21.0276,62.2935,304.0632,
97449359100,80.9575,-0.0775,0.9246,-0.5778,21.0584,62.3027,304.0965,
97463580500,80.9716,-0.0775,0.9246,-0.5779,21.0930,62.3137,304.1335,
97477484500,80.9855,-0.0775,0.9246,-0.5780,21.1179,62.2877,304.1356,
97491318500,80.9996,-0.0775,0.9247,-0.5781,21.1450,62.2595,304.1373,
97505161900,81.0131,-0.0775,0.9248,-0.5782,21.1743,62.2290,304.1384,
97519096300,81.0271,-0.0775,0.9249,-0.5783,21.2178,62.2360,304.1333,
97532927500,81.0412,-0.0776,0.9251,-0.5784,21.2751,62.2464,304.1259,
97546749700,81.0548,-0.0777,0.9253,-0.5784,21.2923,62.2448,304.1087,
97560527400,81.0686,-0.0778,0.9255,-0.5785,21.3092,62.2434,304.0896,
97574500800,81.0827,-0.0779,0.9257,-0.5786,21.3259,62.2423,304.0687,
97588928800,81.0970,-0.0780,0.9259,-0.5787,21.3460,62.2933,304.0427,
97603290400,81.1114,-0.0781,0.9260,-0.5789,21.3850,62.4017,303.9884,
97616441200,81.1245,-0.0783,0.9262,-0.5791,21.3777,62.4363,303.8801,
97630371200,81.1385,-0.0785,0.9263,-0.5794,21.3651,62.4751,303.7545,
97644777400,81.1529,-0.0788,0.9265,-0.5796,21.3469,62.5176,303.6131,
97658433700,81.1665,-0.0791,0.9266,-0.5803,21.3113,62.5671,303.6110,
97672365400,81.1806,-0.0795,0.9267,-0.5810,21.2777,62.6107,303.6100,
97686387100,81.1944,-0.0799,0.9263,-0.5818,21.2145,62.6378,303.5571,
97700088900,81.2082,-0.0804,0.9260,-0.5825,21.1307,62.6710,303.4888,
97714324400,81.2225,-0.0809,0.9260,-0.5831,21.0469,62.8525,303.2712,
97728142400,81.2362,-0.0814,0.9260,-0.5835,20.9470,63.0712,303.0078,
97742222300,81.2502,-0.0818,0.9260,-0.5840,20.8453,63.2963,302.7353,
97755922900,81.2642,-0.0821,0.9258,-0.5841,20.6485,63.4711,302.5715,
97769567000,81.2776,-0.0823,0.9256,-0.5842,20.4654,63.6340,302.4180,
97783629900,81.2917,-0.0827,0.9247,-0.5845,20.3951,63.8355,302.3618,
97798126900,81.3062,-0.0832,0.9238,-0.5848,20.3293,64.0252,302.3085,
97811187900,81.3194,-0.0836,0.9236,-0.5851,20.2625,64.1555,302.3249,
97825115900,81.3332,-0.0838,0.9234,-0.5853,20.1997,64.2774,302.3405,
97839213100,81.3472,-0.0841,0.9233,-0.5855,20.1357,64.4013,302.3568,
97853440300,81.3616,-0.0844,0.9228,-0.5859,20.0123,64.5140,302.3732,
97867125500,81.3752,-0.0848,0.9222,-0.5863,19.8751,64.6379,302.3915,
97881559700,81.3897,-0.0850,0.9222,-0.5864,19.7659,64.6989,302.3628,
97895365300,81.4036,-0.0852,0.9222,-0.5865,19.6582,64.7577,302.3337,
97908745100,81.4168,-0.0855,0.9218,-0.5868,19.5508,64.8488,302.2839,
97922652700,81.4307,-0.0859,0.9213,-0.5872,19.4354,64.9467,302.2288,
97936620300,81.4447,-0.0864,0.9207,-0.5877,19.3149,65.0491,302.1696,
97950734300,81.4590,-0.0867,0.9205,-0.5879,19.2148,65.2130,302.0981,
97964580800,81.4726,-0.0869,0.9203,-0.5881,19.1111,65.3865,302.0214,
97978191100,81.4863,-0.0871,0.9201,-0.5883,19.0072,65.5635,301.9422,
97992112500,81.5003,-0.0873,0.9202,-0.5884,18.7600,65.7272,301.7975,
98006365400,81.5145,-0.0875,0.9203,-0.5886,18.5037,65.8976,301.6451,
98020415400,81.5285,-0.0879,0.9203,-0.5889,18.2069,66.1612,301.2438,
98033629300,81.5419,-0.0883,0.9203,-0.5894,17.9128,66.4263,300.8391,
98047800500,81.5559,-0.0885,0.9201,-0.5897,17.6518,66.5710,300.5360,
98061785500,81.5699,-0.0888,0.9200,-0.5901,17.4201,66.7014,300.2633,
98075580100,81.5838,-0.0890,0.9198,-0.5903,17.3506,66.7284,300.1924,
98090086400,81.5982,-0.0891,0.9197,-0.5906,17.3015,66.7478,300.1414,
98103693600,81.6118,-0.0893,0.9195,-0.5908,17.2601,66.7644,300.0978,
98117596400,81.6255,-0.0893,0.9195,-0.5908,17.2684,66.7589,300.0822,
98131413700,81.6395,-0.0892,0.9195,-0.5909,17.2776,66.7529,300.0650,
98145334400,81.6534,-0.0892,0.9193,-0.5907,17.2943,66.7625,300.0509,
98159459700,81.6675,-0.0892,0.9190,-0.5906,17.3124,66.7734,300.0357,
98172838300,81.6811,-0.0892,0.9186,-0.5903,17.3320,66.7854,300.0195,
98187262700,81.6953,-0.0891,0.9186,-0.5902,17.3600,66.7747,300.0090,
98201108300,81.7092,-0.0891,0.9185,-0.5901,17.3900,66.7629,299.9981,
98214872100,81.7231,-0.0890,0.9186,-0.5900,17.4278,66.7430,299.9886,
98228919400,81.7369,-0.0890,0.9187,-0.5899,17.4730,66.7188,299.9776,
98243389200,81.7514,-0.0890,0.9188,-0.5897,17.5354,66.6848,299.9631,
98256786800,81.7649,-0.0890,0.9189,-0.5897,17.6883,66.5604,299.9604,
98270900700,81.7791,-0.0889,0.9191,-0.5897,17.8805,66.4016,299.9587,
98284807600,81.7928,-0.0889,0.9193,-0.5895,17.9705,66.3556,299.8892,
98298904200,81.8069,-0.0890,0.9197,-0.5893,18.0474,66.3161,299.8278,
98312338800,81.8206,-0.0892,0.9202,-0.5891,18.1215,66.2780,299.7670,
98326707300,81.8348,-0.0891,0.9201,-0.5889,18.4207,66.0898,299.7132,
98340600600,81.8487,-0.0889,0.9199,-0.5887,18.7783,65.8631,299.6489,
98354857700,81.8630,-0.0889,0.9198,-0.5886,18.8371,65.7711,299.6282,
98368370900,81.8764,-0.0888,0.9197,-0.5884,18.8760,65.7076,299.6145,
98382352100,81.8904,-0.0885,0.9195,-0.5882,18.9618,65.5698,299.6741,
98396458900,81.9045,-0.0882,0.9194,-0.5880,19.0668,65.3981,299.7513,
98410224500,81.9184,-0.0879,0.9192,-0.5877,19.1809,65.2086,299.8392,
98424346300,81.9324,-0.0876,0.9193,-0.5872,19.1522,65.1512,299.9053,
98438597500,81.9466,-0.0872,0.9194,-0.5867,19.1256,65.1023,299.9639,
98452501600,81.9607,-0.0870,0.9192,-0.5863,19.2259,64.9324,300.1859,
98466146400,81.9742,-0.0868,0.9190,-0.5859,19.3495,64.7260,300.4605,
98480064200,81.9881,-0.0864,0.9191,-0.5856,19.4476,64.6056,300.6931,
98494074800,82.0023,-0.0860,0.9192,-0.5853,19.5398,64.4949,300.9130,
98508850200,82.0169,-0.0857,0.9193,-0.5850,19.6279,64.3910,301.1245,
98522012300,82.0300,-0.0852,0.9191,-0.5847,19.7239,64.2523,301.1696,
98535665000,82.0439,-0.0848,0.9190,-0.5845,19.8139,64.1231,301.2127,
98549510800,82.0576,-0.0842,0.9188,-0.5843,19.9185,63.9012,301.1525,
98563560600,82.0717,-0.0837,0.9186,-0.5841,20.0352,63.6523,301.0840,
98577240700,82.0852,-0.0829,0.9181,-0.5838,20.2796,63.3302,300.8684,
98591559900,82.0998,-0.0821,0.9176,-0.5834,20.5439,62.9806,300.6307,
98605364900,82.1134,-0.0814,0.9172,-0.5831,20.8080,62.6297,300.3886,
98619090200,82.1271,-0.0809,0.9168,-0.5829,21.0361,62.4248,300.2093,
98633129400,82.1412,-0.0805,0.9164,-0.5828,21.2469,62.2342,300.0411,
98646974800,82.1551,-0.0802,0.9161,-0.5827,21.4502,62.0495,299.8766,
98660986300,82.1690,-0.0800,0.9158,-0.5824,21.5886,62.0243,299.8009,
98674771300,82.1830,-0.0799,0.9156,-0.5822,21.7162,61.9991,299.7297,
98688709000,82.1967,-0.0800,0.9158,-0.5820,21.7286,62.0038,299.7487,
98702814900,82.2109,-0.0800,0.9160,-0.5819,21.7423,62.0084,299.7689,
98717757200,82.2258,-0.0800,0.9159,-0.5817,21.7362,62.0552,299.7799,
98730668400,82.2389,-0.0800,0.9159,-0.5815,21.7293,62.1060,299.7910,
98744926300,82.2529,-0.0800,0.9158,-0.5815,21.7184,62.1784,299.8106,
98758507800,82.2666,-0.0800,0.9158,-0.5814,21.7016,62.2876,299.8391,
98772374000,82.2806,-0.0800,0.9157,-0.5813,21.6804,62.4218,299.8731,
98786606600,82.2947,-0.0800,0.9154,-0.5813,21.6248,62.6219,299.9428,
98800222700,82.3082,-0.0801,0.9150,-0.5813,21.5610,62.8454,300.0199,
98814302100,82.3225,-0.0803,0.9144,-0.5813,21.4530,63.0800,300.1118,
98827927300,82.3360,-0.0805,0.9139,-0.5812,21.3407,63.3173,300.2044,
98842258700,82.3503,-0.0807,0.9133,-0.5811,21.2272,63.5510,300.2950,
98856204400,82.3643,-0.0811,0.9134,-0.5811,21.2982,63.6029,300.4083,
98870105600,82.3782,-0.0817,0.9136,-0.5812,21.3815,63.6611,300.5400,
98884063900,82.3922,-0.0818,0.9139,-0.5811,21.4354,63.6564,300.5770,
98897964300,82.4060,-0.0819,0.9143,-0.5808,21.4914,63.6495,300.6138,
98911752900,82.4199,-0.0822,0.9156,-0.5805,21.5038,63.6219,300.6221,
98925719600,82.4338,-0.0825,0.9171,-0.5802,21.5160,63.5905,300.6294,
98939683300,82.4477,-0.0827,0.9185,-0.5799,21.5281,63.5555,300.6359,
98953431200,82.4617,-0.0831,0.9192,-0.5802,21.5370,63.5260,300.6066,
98968119200,82.4760,-0.0834,0.9199,-0.5804,21.5454,63.4940,300.5734,
98981775600,82.4898,-0.0837,0.9205,-0.5806,21.5535,63.4594,300.5363,
98997152400,82.5052,-0.0836,0.9206,-0.5805,21.5395,63.3600,300.4874,
99010628600,82.5189,-0.0835,0.9206,-0.5805,21.5761,63.2682,300.4454,
99024812300,82.5328,-0.0834,0.9207,-0.5804,21.6195,63.1614,300.3956,
99038321500,82.5464,-0.0833,0.9208,-0.5803,21.6685,63.0428,300.3394,
99052037100,82.5603,-0.0833,0.9209,-0.5802,21.6984,63.0268,300.3246,
99065965500,82.5741,-0.0833,0.9211,-0.5801,21.7264,63.0139,300.3113,
99079884600,82.5878,-0.0834,0.9211,-0.5799,21.7435,62.9740,300.3730,
99093441100,82.6017,-0.0835,0.9210,-0.5795,21.7772,62.8936,300.5080,
99107376200,82.6155,-0.0836,0.9210,-0.5791,21.8198,62.7900,300.6954,
99121121900,82.6292,-0.0837,0.9212,-0.5789,21.8098,62.8117,300.7404,
99134984600,82.6431,-0.0838,0.9214,-0.5788,21.8014,62.8293,300.7738,
99148493300,82.6565,-0.0841,0.9215,-0.5784,21.7583,62.8435,300.8024,
99162583300,82.6707,-0.0844,0.9216,-0.5779,21.6821,62.8697,300.8512,
99176058100,82.6843,-0.0846,0.9219,-0.5777,21.6191,62.9389,300.9189,
99190633200,82.6986,-0.0848,0.9222,-0.5775,21.5411,63.0269,301.0015,
99204449500,82.7126,-0.0850,0.9225,-0.5774,21.4502,63.1315,301.0966,
99218556500,82.7266,-0.0855,0.9224,-0.5767,21.2321,63.1596,301.4322,
99231962300,82.7402,-0.0860,0.9223,-0.5759,20.9693,63.1906,301.8364,
99246255300,82.7542,-0.0861,0.9225,-0.5759,20.9071,63.2896,302.2428,
99259778200,82.7679,-0.0862,0.9227,-0.5760,20.8503,63.3838,302.6305,
99273621600,82.7818,-0.0862,0.9229,-0.5760,20.7981,63.4738,303.0018,
99287577700,82.7957,-0.0862,0.9228,-0.5759,20.5928,63.2259,303.3761,
99301590900,82.8096,-0.0862,0.9227,-0.5758,20.3832,62.9682,303.7685,
99315384000,82.8236,-0.0862,0.9227,-0.5759,20.2261,62.7042,304.3968,
99329692500,82.8378,-0.0862,0.9227,-0.5759,20.0806,62.4522,304.9963,
99344374800,82.8525,-0.0862,0.9227,-0.5760,19.9510,62.2213,305.5453,
99357110400,82.8651,-0.0859,0.9226,-0.5760,19.8043,61.5107,306.2307,
99371098100,82.8793,-0.0857,0.9226,-0.5760,19.6738,60.8587,306.8790,
99384979200,82.8930,-0.0853,0.9227,-0.5762,19.5379,60.6171,307.3629,
99398806100,82.9069,-0.0848,0.9230,-0.5765,19.4228,60.3982,307.7898,
99412664800,82.9209,-0.0844,0.9229,-0.5766,19.4002,60.4163,307.8499,
99427123700,82.9352,-0.0840,0.9228,-0.5767,19.3865,60.4208,307.8901,
99440879600,82.9490,-0.0836,0.9227,-0.5768,19.3755,60.4211,307.9245,
99455248200,82.9635,-0.0835,0.9221,-0.5767,19.3527,60.4413,307.9518,
99468844800,82.9768,-0.0833,0.9213,-0.5766,19.3273,60.4610,307.9843,
99482620300,82.9907,-0.0835,0.9209,-0.5764,19.2726,60.6161,308.0272,
99496454000,83.0045,-0.0836,0.9205,-0.5763,19.1811,60.8699,308.1035,
99510649400,83.0189,-0.0836,0.9195,-0.5758,18.9476,60.9314,308.2404,
99524667900,83.0327,-0.0836,0.9185,-0.5754,18.6707,60.9929,308.4063,
99538532900,83.0465,-0.0836,0.9175,-0.5750,18.3663,61.0490,308.5919,
99552189800,83.0604,-0.0835,0.9167,-0.5749,18.0030,61.1859,309.0565,
99565924800,83.0740,-0.0835,0.9160,-0.5749,17.6264,61.3133,309.5391,
99580076200,83.0881,-0.0834,0.9154,-0.5748,17.3620,61.2320,309.9629,
99593781300,83.1020,-0.0834,0.9149,-0.5747,17.1121,61.1474,310.3664,
99608093900,83.1162,-0.0834,0.9143,-0.5746,16.8738,61.0599,310.7537,
99621997900,83.1301,-0.0834,0.9142,-0.5745,16.5726,60.9768,311.2979,
99635696400,83.1439,-0.0834,0.9141,-0.5745,16.2776,60.8872,311.8323,
99649417600,83.1575,-0.0833,0.9140,-0.5745,15.8334,60.3890,312.8087,
99663852800,83.1720,-0.0831,0.9138,-0.5745,15.4177,59.9141,313.7357,
99677742700,83.1858,-0.0831,0.9136,-0.5747,15.1199,59.6631,314.1156,
99691555100,83.1997,-0.0831,0.9134,-0.5749,14.8669,59.4454,314.4535,
99705444500,83.2135,-0.0831,0.9132,-0.5752,14.6308,59.2387,314.7806,
99719450700,83.2276,-0.0834,0.9130,-0.5754,14.3965,58.9919,315.0624,
99733372100,83.2416,-0.0837,0.9129,-0.5757,14.1592,58.7415,315.3597,
99747394500,83.2554,-0.0843,0.9128,-0.5761,13.9031,58.4212,315.8080,
99761189700,83.2693,-0.0850,0.9126,-0.5766,13.6390,58.0901,316.2758,
99774705100,83.2830,-0.0857,0.9125,-0.5770,13.3771,57.7602,316.7455,
99789056300,83.2971,-0.0860,0.9125,-0.5776,13.3001,57.6184,316.8862,
99803045800,83.3111,-0.0862,0.9124,-0.5782,13.2271,57.4914,317.0201,
99816508400,83.3246,-0.0872,0.9126,-0.5797,13.1552,57.3485,317.3960,
99830323700,83.3386,-0.0883,0.9127,-0.5811,13.0654,57.1770,317.8314,
99844494900,83.3525,-0.0892,0.9129,-0.5825,12.9639,56.9881,318.2975,
99858471500,83.3665,-0.0892,0.9129,-0.5829,12.8032,56.7490,318.5793,
99872290900,83.3805,-0.0892,0.9129,-0.5832,12.6449,56.5126,318.8663,
99886512600,83.3946,-0.0892,0.9129,-0.5837,12.4688,56.4224,319.2269,
99900212100,83.4083,-0.0892,0.9129,-0.5841,12.2903,56.3226,319.5966,
99914026500,83.4222,-0.0893,0.9130,-0.5847,12.1094,56.2139,319.9760,
99928004400,83.4360,-0.0892,0.9130,-0.5847,11.9408,56.1433,320.0779,
99942021400,83.4501,-0.0892,0.9131,-0.5847,11.7866,56.0743,320.1823,
99955619000,83.4638,-0.0893,0.9131,-0.5846,11.8186,56.1645,320.1604,
99970032100,83.4781,-0.0893,0.9130,-0.5845,11.9231,56.4656,320.0966,
99983753900,83.4918,-0.0894,0.9129,-0.5844,12.0850,56.8832,319.8459,
99997573600,83.5057,-0.0894,0.9128,-0.5842,12.2568,57.3273,319.5867,
100011356300,83.5196,-0.0896,0.9126,-0.5839,12.4037,57.7013,319.3396,
100025888000,83.5340,-0.0898,0.9124,-0.5834,12.5336,58.0331,319.1249,
100039729500,83.5477,-0.0900,0.9122,-0.5828,12.6488,58.3285,318.9374,
100053194400,83.5614,-0.0903,0.9122,-0.5824,12.6570,58.4241,318.9716,
100067492200,83.5756,-0.0905,0.9123,-0.5820,12.6620,58.4855,318.9939,
100081179600,83.5893,-0.0908,0.9124,-0.5819,12.6505,58.4955,319.0175,
100094882700,83.6032,-0.0910,0.9125,-0.5818,12.6376,58.5061,319.0432,
100109380200,83.6175,-0.0911,0.9126,-0.5818,12.6242,58.4976,319.0755,
100123299500,83.6314,-0.0913,0.9128,-0.5818,12.6096,58.4876,319.1103,
100137260300,83.6453,-0.0914,0.9131,-0.5818,12.5939,58.4761,319.1476,
100151022300,83.6593,-0.0917,0.9134,-0.5819,12.5733,58.4418,319.2334,
100165081900,83.6732,-0.0920,0.9138,-0.5820,12.5461,58.3937,319.3495,
100179059100,83.6872,-0.0921,0.9140,-0.5822,12.4346,58.2250,319.5395,
100192897100,83.7011,-0.0921,0.9141,-0.5823,12.3042,58.0235,319.7593,
100206743500,83.7148,-0.0922,0.9149,-0.5832,12.2046,57.8845,319.8704,
100220728500,83.7288,-0.0923,0.9158,-0.5842,12.1143,57.7566,319.9677,
100234637300,83.7429,-0.0923,0.9167,-0.5852,12.0282,57.6333,320.0576,
100248765900,83.7568,-0.0923,0.9168,-0.5852,11.9550,57.3747,320.1145,
100262660500,83.7708,-0.0923,0.9169,-0.5852,11.8765,57.0915,320.1724,
100276888100,83.7850,-0.0923,0.9170,-0.5853,11.7972,56.7993,320.2281,
100290743700,83.7989,-0.0923,0.9173,-0.5854,11.7991,56.7995,320.1751,
100304524800,83.8126,-0.0924,0.9177,-0.5858,11.8012,56.7993,320.1167,
100318282800,83.8264,-0.0923,0.9185,-0.5856,11.9238,56.9347,319.8640,
100332021000,83.8403,-0.0922,0.9194,-0.5853,12.1148,57.1416,319.4778,
100346288200,83.8544,-0.0922,0.9198,-0.5846,12.4785,57.3844,318.8951,
100360395300,83.8685,-0.0923,0.9202,-0.5840,12.8414,57.6194,318.3237,
100374082100,83.8824,-0.0924,0.9206,-0.5833,13.1767,57.8306,317.8040,
100388194700,83.8963,-0.0929,0.9218,-0.5800,13.2462,58.1070,317.8593,
100401841500,83.9099,-0.0934,0.9230,-0.5770,13.3100,58.3381,317.8968,
100415688000,83.9239,-0.0952,0.9227,-0.5743,13.3025,58.4988,318.0554,
100429203300,83.9373,-0.0966,0.9225,-0.5721,13.2973,58.6906,318.2376,
100443136000,83.9513,-0.0978,0.9224,-0.5702,13.2948,58.9123,318.4414,
100457004400,83.9651,-0.0972,0.9233,-0.5688,13.1793,59.4013,318.2456,
100470885800,83.9791,-0.0967,0.9241,-0.5674,13.0470,59.9956,318.0008,
100484849600,83.9930,-0.0961,0.9244,-0.5667,12.8401,60.1541,317.7118,
100498632700,84.0068,-0.0956,0.9246,-0.5660,12.6531,60.3051,317.4403,
100512344600,84.0206,-0.0923,0.9240,-0.5649,14.8367,61.7584,310.6938,
100526310200,84.0344,-0.0890,0.9233,-0.5637,16.5182,62.6574,305.7929,
100540297500,84.0484,-0.0862,0.9229,-0.5626,17.6825,63.1833,302.5075,
100554079300,84.0624,-0.0835,0.9259,-0.5621,19.9347,61.6996,298.3647,
100568124300,84.0762,-0.0810,0.9284,-0.5615,21.4868,60.7327,295.1237,
100582085400,84.0902,-0.0790,0.9287,-0.5597,22.3646,60.2551,294.8096,
100596394500,84.1045,-0.0771,0.9289,-0.5581,23.1415,59.8788,294.1245,
100609743900,84.1180,-0.0755,0.9292,-0.5567,23.9571,59.5008,293.1349,
100624113300,84.1322,-0.0747,0.9296,-0.5559,23.9731,59.2503,293.3469,
100637873600,84.1459,-0.0738,0.9299,-0.5552,24.0575,59.0098,293.3785,
100651658900,84.1598,-0.0736,0.9305,-0.5545,23.4473,58.2321,294.9464,
100665580100,84.1737,-0.0733,0.9310,-0.5537,22.9807,57.3820,296.2486,
100679227600,84.1874,-0.0733,0.9312,-0.5527,22.2091,57.1022,298.0064,
100693303300,84.2015,-0.0732,0.9314,-0.5516,21.7267,56.8233,299.1331,
100707183000,84.2153,-0.0730,0.9316,-0.5504,21.4315,56.5695,299.8473,
100721225400,84.2294,-0.0723,0.9325,-0.5486,21.2900,55.6117,300.7269,
100734790300,84.2431,-0.0715,0.9335,-0.5468,21.2057,54.7786,301.4121,
100749205200,84.2573,-0.0708,0.9336,-0.5453,21.4596,54.1712,301.9254,
100763187400,84.2713,-0.0700,0.9338,-0.5438,21.6789,53.6243,302.3382,
100776864800,84.2850,-0.0696,0.9341,-0.5426,21.8822,53.2372,302.8136,
100790636400,84.2989,-0.0692,0.9344,-0.5415,22.0746,52.8496,303.2370,
100805058200,84.3131,-0.0687,0.9347,-0.5404,22.2624,52.4561,303.6285,
100818705800,84.3268,-0.0683,0.9350,-0.5391,22.2437,52.2122,303.8978,
100832476900,84.3408,-0.0678,0.9354,-0.5378,22.2408,51.9588,304.1534,
100846047200,84.3542,-0.0680,0.9355,-0.5368,22.1533,51.9816,304.1678,
100860058200,84.3682,-0.0680,0.9356,-0.5358,22.0985,51.9892,304.1808,
100873895200,84.3822,-0.0680,0.9357,-0.5347,22.0307,51.9914,304.2011,
100887963300,84.3961,-0.0682,0.9355,-0.5342,21.9757,52.0137,304.1977,
100901964900,84.4101,-0.0684,0.9354,-0.5337,21.9108,52.0353,304.1960,
100915752400,84.4240,-0.0687,0.9352,-0.5332,21.8477,52.0280,304.2043,
100929767900,84.4379,-0.0690,0.9351,-0.5325,21.7792,52.0141,304.2160,
100944254700,84.4523,-0.0690,0.9345,-0.5315,21.7321,52.0179,304.2265,
100957597100,84.4658,-0.0690,0.9339,-0.5304,21.6888,52.0189,304.2379,
100971484000,84.4797,-0.0690,0.9334,-0.5293,21.6457,52.0175,304.2509,
100985482600,84.4936,-0.0686,0.9327,-0.5279,21.5126,51.9786,304.2451,
100999711900,84.5079,-0.0682,0.9320,-0.5266,21.3421,51.9222,304.2386,
101013200600,84.5215,-0.0673,0.9313,-0.5253,21.2808,51.8230,304.2426,
101027541500,84.5356,-0.0665,0.9307,-0.5241,21.2225,51.7150,304.2476,
101041448000,84.5495,-0.0658,0.9301,-0.5229,21.1633,51.5908,304.2540,
101054972800,84.5632,-0.0652,0.9299,-0.5223,21.1034,51.3803,304.3269,
101068803700,84.5769,-0.0646,0.9297,-0.5218,21.0423,51.1323,304.4135,
101083438800,84.5915,-0.0640,0.9296,-0.5212,21.0693,51.0279,304.4738,
101096797300,84.6049,-0.0633,0.9294,-0.5206,21.0986,50.9345,304.5281,
101110971500,84.6193,-0.0627,0.9293,-0.5199,21.1325,50.8405,304.5831,
101124504400,84.6327,-0.0624,0.9294,-0.5195,21.1181,50.7108,304.5826,
101138808800,84.6469,-0.0621,0.9295,-0.5190,21.1056,50.5699,304.5818,
101152730400,84.6610,-0.0620,0.9296,-0.5188,21.0727,50.5464,304.5584,
101166340800,84.6745,-0.0619,0.9296,-0.5185,21.0413,50.5245,304.5354,
101180342000,84.6884,-0.0618,0.9297,-0.5180,20.9852,50.4564,304.5342,
101194211600,84.7024,-0.0616,0.9298,-0.5174,20.9091,50.3628,304.5339,
101208379700,84.7165,-0.0614,0.9299,-0.5167,20.8206,50.2528,304.5348,
101222238600,84.7304,-0.0613,0.9299,-0.5161,20.8082,50.2253,304.5679,
101235979000,84.7443,-0.0612,0.9299,-0.5156,20.7996,50.2043,304.5955,
101250397100,84.7585,-0.0607,0.9296,-0.5151,20.8550,50.1946,304.7112,
101264049900,84.7722,-0.0602,0.9294,-0.5146,20.9505,50.1834,304.9017,
101277803100,84.7860,-0.0600,0.9293,-0.5142,21.0210,50.2155,305.0390,
101291490700,84.7998,-0.0598,0.9293,-0.5139,21.0956,50.2526,305.1787,
101305681300,84.8137,-0.0596,0.9292,-0.5136,21.1763,50.2955,305.3248,
101319514600,84.8276,-0.0594,0.9292,-0.5132,21.1599,50.2828,305.3967,
101333416000,84.8417,-0.0591,0.9291,-0.5128,21.1449,50.2721,305.4618,
101347286800,84.8554,-0.0590,0.9289,-0.5126,21.1434,50.2793,305.4812,
101361944500,84.8700,-0.0589,0.9288,-0.5123,21.1421,50.2878,305.5006,
101375082300,84.8834,-0.0586,0.9286,-0.5121,21.1148,50.3083,305.4975,
101389732000,84.8979,-0.0583,0.9284,-0.5119,21.0850,50.3312,305.4920,
101403407300,84.9115,-0.0580,0.9282,-0.5116,21.0527,50.3564,305.4842,
101417212000,84.9253,-0.0576,0.9282,-0.5115,20.7450,50.9215,305.0147,
101430919700,84.9392,-0.0571,0.9282,-0.5114,20.3647,51.6434,304.4030,
101444683500,84.9528,-0.0540,0.9305,-0.5109,18.2017,53.3612,302.6184,
101459053100,84.9672,-0.0508,0.9329,-0.5104,16.5310,54.7672,301.1517,
101472608000,84.9808,-0.0481,0.9349,-0.5099,15.3133,55.8442,300.0233,
101486720500,84.9949,-0.0422,0.9472,-0.5101,9.5615,57.7795,297.6940,
101500791300,85.0089,-0.0377,0.9562,-0.5103,5.7809,59.3145,295.9206,
101514798500,85.0231,-0.0326,0.9848,-0.5137,0.7168,58.0902,294.1076,
101528457300,85.0365,-0.0285,1.0061,-0.5161,357.1864,57.7450,292.7456,
101542668600,85.0508,-0.0249,1.0229,-0.5179,354.4460,57.8047,291.5837,
101556820900,85.0649,-0.0243,1.0509,-0.5204,350.5389,57.8141,292.0070,
101570768700,85.0790,-0.0232,1.0732,-0.5223,347.3717,57.9835,291.9409,
101584406400,85.0925,-0.0296,1.1104,-0.5285,342.3456,58.0674,291.0411,
101598548600,85.1067,-0.0336,1.1402,-0.5331,338.6590,58.3223,290.2249,
101611958400,85.1203,-0.0362,1.1654,-0.5369,335.7288,58.6644,289.4563,
101626180700,85.1343,-0.0393,1.1907,-0.5389,329.8522,59.6025,292.5405,
101639995200,85.1481,-0.0415,1.2135,-0.5409,325.7299,60.1373,294.1206,
101653986800,85.1623,-0.0551,1.2400,-0.5455,321.0107,64.1964,295.3771,
101668019600,85.1761,-0.0649,1.2641,-0.5493,317.7109,66.6273,295.8013,
101682047000,85.1901,-0.0750,1.2829,-0.5519,307.9020,69.7236,295.6445,
101696072000,85.2042,-0.0828,1.3018,-0.5545,302.6893,71.8100,295.0710,
101710038300,85.2181,-0.0898,1.3139,-0.5568,291.6239,80.9251,289.8643,
101723627100,85.2317,-0.0959,1.3280,-0.5591,286.5646,88.4243,284.1454,
101737826600,85.2459,-0.1013,1.3431,-0.5614,283.6703,95.1865,278.4285,
101751448700,85.2596,-0.1067,1.3483,-0.5680,275.6700,115.6540,264.3214,
101765193400,85.2733,-0.1117,1.3569,-0.5734,272.9799,170.2242,212.9001,
101779449200,85.2876,-0.1166,1.3676,-0.5780,274.0903,217.1321,167.8566,
101793163700,85.3015,-0.1335,1.3786,-0.5915,278.3331,211.0299,173.8637,
101807097500,85.3152,-0.1469,1.3907,-0.6021,281.5432,212.3516,172.8388,
101820853900,85.3290,-0.1725,1.3960,-0.5926,281.4464,217.2896,177.3361,
101835000100,85.3433,-0.1927,1.4039,-0.5870,281.9148,222.0276,178.4738,
101848545200,85.3567,-0.2091,1.3886,-0.5785,280.0841,215.8669,179.4787,
101862701400,85.3708,-0.2235,1.3811,-0.5731,277.6052,205.1497,182.5311,
101876712600,85.3849,-0.2367,1.3785,-0.5695,276.3763,198.4545,184.8069,
101890796200,85.3991,-0.2618,1.3691,-0.5550,280.4810,123.3524,247.0491,
101904891100,85.4130,-0.2828,1.3643,-0.5447,284.0652,110.2656,254.3344,
101918538800,85.4266,-0.2966,1.3656,-0.5275,290.8384,102.9266,253.1281,
101932311200,85.4406,-0.3100,1.3678,-0.5147,293.9126,99.7793,252.0410,
101945812700,85.4540,-2.4270,0.0574,-0.4420,0.0000,90.0000,0.0000,
101960127900,85.4684,-2.4270,0.0574,-0.4420,0.0000,90.0000,0.0000,
101973791400,85.4822,-2.4270,0.0574,-0.4420,0.0000,90.0000,0.0000,
101987831600,85.4961,-2.4270,0.0574,-0.4420,0.0000,90.0000,0.0000,
102001783500,85.5101,-2.4270,0.0574,-0.4420,0.0000,90.0000,0.0000,
102015721300,85.5242,-2.4270,0.0574,-0.4420,0.0000,90.0000,0.0000,
102029819200,85.5381,-2.4270,0.0574,-0.4420,0.0000,90.0000,0.0000,
102044340000,85.5526,-2.4270,0.0574,-0.4420,0.0000,90.0000,0.0000,
102057741100,85.5661,-2.4270,0.0574,-0.4420,0.0000,90.0000,0.0000,
102071355000,85.5798,-2.4270,0.0574,-0.4420,0.0000,90.0000,0.0000,
102085360000,85.5936,-2.4270,0.0574,-0.4420,0.0000,90.0000,0.0000,
102099340700,85.6077,-2.4270,0.0574,-0.4420,0.0000,90.0000,0.0000,
102113019900,85.6214,-2.4270,0.0574,-0.4420,0.0000,90.0000,0.0000,
102127028900,85.6353,-2.4270,0.0574,-0.4420,0.0000,90.0000,0.0000,
102140936600,85.6492,-2.4270,0.0574,-0.4420,0.0000,90.0000,0.0000,
102154740400,85.6632,-2.4270,0.0574,-0.4420,0.0000,90.0000,0.0000,
102168672500,85.6770,-2.4270,0.0574,-0.4420,0.0000,90.0000,0.0000,
102182812300,85.6911,-2.4270,0.0574,-0.4420,0.0000,90.0000,0.0000,
102197090600,85.7053,-2.4270,0.0574,-0.4420,0.0000,90.0000,0.0000,
102210497300,85.7189,-2.4270,0.0574,-0.4420,0.0000,90.0000,0.0000,
102224595600,85.7329,-2.4270,0.0574,-0.4420,0.0000,90.0000,0.0000,
102238492900,85.7468,-2.4270,0.0574,-0.4420,0.0000,90.0000,0.0000,
102252778300,85.7611,-2.4270,0.0574,-0.4420,0.0000,90.0000,0.0000,
102266337000,85.7746,-2.4270,0.0574,-0.4420,0.0000,90.0000,0.0000,
102280127400,85.7884,-2.4270,0.0574,-0.4420,0.0000,90.0000,0.0000,
102294006300,85.8024,-2.4270,0.0574,-0.4420,0.0000,90.0000,0.0000,
102308476600,85.8167,-2.4270,0.0574,-0.4420,0.0000,90.0000,0.0000,
102322029000,85.8303,-2.4270,0.0574,-0.4420,0.0000,90.0000,0.0000,
102335726900,85.8442,-2.4270,0.0574,-0.4420,0.0000,90.0000,0.0000,
102350016600,85.8583,-2.4270,0.0574,-0.4420,0.0000,90.0000,0.0000,
102364603700,85.8729,-2.4270,0.0574,-0.4420,0.0000,90.0000,0.0000,
102377835500,85.8861,-2.4270,0.0574,-0.4420,0.0000,90.0000,0.0000,
102391460200,85.8999,-2.4270,0.0574,-0.4420,0.0000,90.0000,0.0000,
102405349000,85.9136,-2.4270,0.0574,-0.4420,0.0000,90.0000,0.0000,
102419809900,85.9280,-2.4270,0.0574,-0.4420,0.0000,90.0000,0.0000,
102433217400,85.9416,-2.4270,0.0574,-0.4420,0.0000,90.0000,0.0000,
102447410200,85.9557,-2.4270,0.0574,-0.4420,0.0000,90.0000,0.0000,
102461271700,85.9696,-2.4270,0.0574,-0.4420,0.0000,90.0000,0.0000,
102475273700,85.9836,-2.4270,0.0574,-0.4420,0.0000,90.0000,0.0000,
102489214600,85.9975,-2.4270,0.0574,-0.4420,0.0000,90.0000,0.0000,
102503160400,86.0115,-2.4270,0.0574,-0.4420,0.0000,90.0000,0.0000,
102516919900,86.0252,-2.4270,0.0574,-0.4420,0.0000,90.0000,0.0000,
102531382500,86.0397,-2.4270,0.0574,-0.4420,0.0000,90.0000,0.0000,
102544737500,86.0530,-2.4270,0.0574,-0.4420,0.0000,90.0000,0.0000,
102559098800,86.0674,-2.4270,0.0574,-0.4420,0.0000,90.0000,0.0000,
102572501600,86.0809,-2.4270,0.0574,-0.4420,0.0000,90.0000,0.0000,
102586976400,86.0952,-2.4270,0.0574,-0.4420,0.0000,90.0000,0.0000,
102600463000,86.1088,-2.4270,0.0574,-0.4420,0.0000,90.0000,0.0000,
102614653800,86.1231,-2.4270,0.0574,-0.4420,0.0000,90.0000,0.0000,
102628639200,86.1369,-2.4270,0.0574,-0.4420,0.0000,90.0000,0.0000,
102642462600,86.1507,-2.4270,0.0574,-0.4420,0.0000,90.0000,0.0000,
102656548700,86.1649,-2.4270,0.0574,-0.4420,0.0000,90.0000,0.0000,
102670240100,86.1787,-2.4270,0.0574,-0.4420,0.0000,90.0000,0.0000,
102683994700,86.1923,-2.4270,0.0574,-0.4420,0.0000,90.0000,0.0000,
102697991500,86.2062,-2.4270,0.0574,-0.4420,0.0000,90.0000,0.0000,
102711748400,86.2202,-2.4270,0.0574,-0.4420,0.0000,90.0000,0.0000,
102726078400,86.2344,-2.4270,0.0574,-0.4420,0.0000,90.0000,0.0000,
102739569800,86.2479,-2.4270,0.0574,-0.4420,0.0000,90.0000,0.0000,
102753994300,86.2623,-2.4270,0.0574,-0.4420,0.0000,90.0000,0.0000,
102768002700,86.2763,-2.4270,0.0574,-0.4420,0.0000,90.0000,0.0000,
102782023600,86.2903,-2.4270,0.0574,-0.4420,0.0000,90.0000,0.0000,
102795333100,86.3038,-2.4270,0.0574,-0.4420,0.0000,90.0000,0.0000,
102809725300,86.3180,-2.4270,0.0574,-0.4420,0.0000,90.0000,0.0000,
102823251100,86.3315,-2.4270,0.0574,-0.4420,0.0000,90.0000,0.0000,
102837644300,86.3459,-2.4270,0.0574,-0.4420,0.0000,90.0000,0.0000,
102851879100,86.3603,-2.4270,0.0574,-0.4420,0.0000,90.0000,0.0000,
102865379300,86.3736,-2.4270,0.0574,-0.4420,0.0000,90.0000,0.0000,
102878956300,86.3873,-2.4270,0.0574,-0.4420,0.0000,90.0000,0.0000,
102892807300,86.4012,-2.4270,0.0574,-0.4420,0.0000,90.0000,0.0000,
102906894600,86.4152,-2.4270,0.0574,-0.4420,0.0000,90.0000,0.0000,
102921312100,86.4295,-2.4270,0.0574,-0.4420,0.0000,90.0000,0.0000,
102934737400,86.4432,-2.4270,0.0574,-0.4420,0.0000,90.0000,0.0000,
102948549700,86.4568,-2.4270,0.0574,-0.4420,0.0000,90.0000,0.0000,
102962482200,86.4708,-2.4270,0.0574,-0.4420,0.0000,90.0000,0.0000,
102976349900,86.4846,-2.4270,0.0574,-0.4420,0.0000,90.0000,0.0000,
102990435400,86.4989,-2.4270,0.0574,-0.4420,0.0000,90.0000,0.0000,
103004409000,86.5127,-2.4270,0.0574,-0.4420,0.0000,90.0000,0.0000,
103018478800,86.5267,-2.4270,0.0574,-0.4420,0.0000,90.0000,0.0000,
103031986300,86.5403,-2.4270,0.0574,-0.4420,0.0000,90.0000,0.0000,
103046104200,86.5544,-2.4270,0.0574,-0.4420,0.0000,90.0000,0.0000,
103060118700,86.5684,-2.4270,0.0574,-0.4420,0.0000,90.0000,0.0000,
103073895600,86.5823,-2.4270,0.0574,-0.4420,0.0000,90.0000,0.0000,
103087876700,86.5961,-2.4270,0.0574,-0.4420,0.0000,90.0000,0.0000,
103101859500,86.6101,-2.4270,0.0574,-0.4420,0.0000,90.0000,0.0000,
103115556300,86.6240,-2.4270,0.0574,-0.4420,0.0000,90.0000,0.0000,
103129987900,86.6382,-2.4270,0.0574,-0.4420,0.0000,90.0000,0.0000,
103143628300,86.6519,-2.4270,0.0574,-0.4420,0.0000,90.0000,0.0000,
103157387600,86.6657,-2.4270,0.0574,-0.4420,0.0000,90.0000,0.0000,
103171528300,86.6799,-2.4270,0.0574,-0.4420,0.0000,90.0000,0.0000,
103185248400,86.6935,-2.4270,0.0574,-0.4420,0.0000,90.0000,0.0000,
103199334700,86.7075,-2.4270,0.0574,-0.4420,0.0000,90.0000,0.0000,
103213354800,86.7218,-2.4270,0.0574,-0.4420,0.0000,90.0000,0.0000,
103227361900,86.7356,-2.4270,0.0574,-0.4420,0.0000,90.0000,0.0000,
103241359000,86.7497,-2.4270,0.0574,-0.4420,0.0000,90.0000,0.0000,
103255236800,86.7636,-2.4270,0.0574,-0.4420,0.0000,90.0000,0.0000,
103268795600,86.7771,-2.4270,0.0574,-0.4420,0.0000,90.0000,0.0000,
103282861000,86.7911,-2.4270,0.0574,-0.4420,0.0000,90.0000,0.0000,
103296863700,86.8051,-2.4270,0.0574,-0.4420,0.0000,90.0000,0.0000,
103310904200,86.8192,-2.4270,0.0574,-0.4420,0.0000,90.0000,0.0000,
103324815900,86.8331,-2.4270,0.0574,-0.4420,0.0000,90.0000,0.0000,
103338676000,86.8470,-2.4270,0.0574,-0.4420,0.0000,90.0000,0.0000,
103352549000,86.8610,-2.4270,0.0574,-0.4420,0.0000,90.0000,0.0000,
103366302200,86.8745,-2.4270,0.0574,-0.4420,0.0000,90.0000,0.0000,
103380259400,86.8885,-2.4270,0.0574,-0.4420,0.0000,90.0000,0.0000,
103393927200,86.9023,-2.4270,0.0574,-0.4420,0.0000,90.0000,0.0000,
103408018800,86.9163,-2.4270,0.0574,-0.4420,0.0000,90.0000,0.0000,
103422326000,86.9305,-2.4270,0.0574,-0.4420,0.0000,90.0000,0.0000,
103435727900,86.9441,-2.4270,0.0574,-0.4420,0.0000,90.0000,0.0000,
103450205700,86.9585,-2.4270,0.0574,-0.4420,0.0000,90.0000,0.0000,
103463696700,86.9720,-2.4270,0.0574,-0.4420,0.0000,90.0000,0.0000,
103477987100,86.9862,-2.4270,0.0574,-0.4420,0.0000,90.0000,0.0000,
103491299500,86.9997,-2.4270,0.0574,-0.4420,0.0000,90.0000,0.0000,
103505426400,87.0137,-2.4270,0.0574,-0.4420,0.0000,90.0000,0.0000,
103519118200,87.0274,-2.4270,0.0574,-0.4420,0.0000,90.0000,0.0000,
103533641400,87.0420,-2.4270,0.0574,-0.4420,0.0000,90.0000,0.0000,
103547578700,87.0559,-2.4270,0.0574,-0.4420,0.0000,90.0000,0.0000,
103561275600,87.0696,-2.4270,0.0574,-0.4420,0.0000,90.0000,0.0000,
103574981100,87.0834,-2.4270,0.0574,-0.4420,0.0000,90.0000,0.0000,
103589153000,87.0972,-2.4270,0.0574,-0.4420,0.0000,90.0000,0.0000,
103603545600,87.1117,-2.4270,0.0574,-0.4420,0.0000,90.0000,0.0000,
103617548300,87.1256,-0.0447,1.2244,-0.5052,318.1368,70.3332,290.0499,
103631322000,87.1395,-0.0447,1.2244,-0.5052,318.1368,70.3332,290.0499,
103645517200,87.1535,-0.0447,1.2244,-0.5052,318.1368,70.3332,290.0499,
103659238700,87.1673,-0.0464,1.1980,-0.5005,329.1163,68.7257,285.2405,
103673112500,87.1813,-0.0477,1.1791,-0.4971,335.7618,67.3273,282.3700,
103687134800,87.1951,-0.0524,1.1682,-0.5004,341.2183,66.8317,284.2254,
103700755200,87.2088,-0.0559,1.1592,-0.5026,344.8193,66.5014,284.9211,
103714697100,87.2229,-0.0559,1.1524,-0.5063,349.0959,66.7927,282.4937,
103728852400,87.2369,-0.0562,1.1461,-0.5091,352.3104,66.7411,280.9706,
103743025300,87.2511,-0.0566,1.1401,-0.5111,354.9774,66.5464,279.8714,
103756252800,87.2644,-0.0516,1.1344,-0.5092,357.0645,64.5179,274.8173,
103770011600,87.2781,-0.0482,1.1287,-0.5080,358.9329,63.0200,271.4323,
103783981200,87.2921,-0.0443,1.1241,-0.5065,359.1920,61.2141,266.7728,
103798255500,87.3063,-0.0414,1.1193,-0.5054,359.8256,59.8652,263.5553,
103812201700,87.3203,-0.0402,1.1137,-0.5086,0.1756,55.8208,261.6550,
103825803600,87.3339,-0.0391,1.1083,-0.5108,0.6799,52.9416,259.8945,
103839748100,87.3478,-0.0381,1.1028,-0.5126,1.2413,50.6838,258.2243,
103853532500,87.3618,-0.0315,1.0893,-0.5206,6.2986,50.1867,258.5482,
103867661700,87.3757,-0.0266,1.0781,-0.5265,10.2607,49.3072,258.1902,
103881945600,87.3900,-0.0156,1.0592,-0.5295,16.1337,50.3953,260.8365,
103895293900,87.4035,-0.0072,1.0438,-0.5322,20.1948,50.7271,262.0623,
103909596100,87.4176,-0.0003,1.0305,-0.5347,23.2574,50.6195,262.5216,
103923605400,87.4316,-0.0021,1.0177,-0.5382,26.5636,49.7991,255.6591,
103937373700,87.4455,-0.0023,1.0060,-0.5412,29.2253,48.7218,251.0345,
103951073800,87.4593,-0.0093,0.9894,-0.5393,32.3514,50.2078,245.3342,
103965439900,87.4735,-0.0135,0.9748,-0.5386,34.6587,50.5102,241.7236,
103979471900,87.4875,-0.0229,0.9608,-0.5344,38.5567,52.0312,238.2251,
103992773700,87.5010,-0.0294,0.9477,-0.5319,41.2218,52.5044,235.6825,
104007920100,87.5160,-0.0341,0.9352,-0.5303,43.2949,52.5087,233.5568,
104021094200,87.5292,-0.0413,0.9259,-0.5262,45.6296,53.5834,231.1164,
104034984400,87.5432,-0.0468,0.9160,-0.5234,47.6284,54.0149,228.9375,
104048425700,87.5565,-0.0515,0.9134,-0.5233,49.4331,51.2968,226.6735,
104062554800,87.5706,-0.0554,0.9085,-0.5231,51.1386,48.9822,224.2665,
104076435500,87.5845,-0.0589,0.9106,-0.5241,50.7472,48.8420,224.2941,
104090284300,87.5984,-0.0619,0.9100,-0.5247,50.6423,48.7080,224.1744,
104104294700,87.6124,-0.0649,0.9075,-0.5251,50.6097,48.5007,223.9182,
104118644600,87.6266,-0.0695,0.9108,-0.5233,50.2297,48.9503,224.4062,
104132006200,87.6402,-0.0738,0.9117,-0.5219,49.6734,49.6520,225.0789,
104146458900,87.6545,-0.0787,0.9097,-0.5190,49.7562,50.2579,225.9166,
104160056800,87.6681,-0.0832,0.9068,-0.5167,49.9212,50.7986,226.6175,
104173964400,87.6821,-0.0873,0.9032,-0.5148,50.1550,51.2829,227.2006,
104188364100,87.6964,-0.0878,0.9050,-0.5141,50.7853,51.8150,228.3278,
104201868600,87.7099,-0.0887,0.9057,-0.5135,51.5060,52.3383,229.3825,
104215675300,87.7239,-0.0862,0.9084,-0.5134,52.1738,52.3704,230.0384,
104229714600,87.7378,-0.0839,0.9108,-0.5131,52.8393,52.3932,230.5672,
104243559800,87.7516,-0.0761,0.9161,-0.5137,53.0692,53.1112,231.8595,
104257679800,87.7657,-0.0710,0.9192,-0.5140,53.3410,53.7571,233.0043,
104271368400,87.7796,-0.0678,0.9208,-0.5141,53.6392,54.3427,234.0241,
104285321700,87.7934,-0.0624,0.9217,-0.5143,53.0206,55.9031,235.6658,
104299349200,87.8074,-0.0587,0.9220,-0.5143,52.4493,57.4253,237.2803,
104313238600,87.8214,-0.0567,0.9219,-0.5148,51.1839,59.0631,238.9991,
104327222800,87.8353,-0.0552,0.9217,-0.5150,50.1271,60.4371,240.4551,
104341047600,87.8491,-0.0539,0.9214,-0.5152,49.2758,61.5627,241.6587,
104354811700,87.8631,-0.0540,0.9215,-0.5151,49.1380,60.8144,241.1711,
104369187100,87.8772,-0.0541,0.9215,-0.5150,48.9794,60.1491,240.7672,
104382919600,87.8910,-0.0541,0.9214,-0.5152,48.9390,59.9698,240.5586,
104396637500,87.9047,-0.0542,0.9213,-0.5155,48.8983,59.8483,240.4158,
104410465900,87.9187,-0.0553,0.9202,-0.5158,48.9596,59.3986,239.9207,
104424571700,87.9326,-0.0568,0.9188,-0.5162,49.0237,58.8719,239.3416,
104438389600,87.9465,-0.0580,0.9174,-0.5165,49.0784,58.3589,238.7781,
104452620600,87.9609,-0.0592,0.9166,-0.5170,49.1181,58.3057,238.5838,
104466349800,87.9745,-0.0601,0.9159,-0.5174,49.1476,58.2738,238.4375,
104480355900,87.9884,-0.0614,0.9150,-0.5170,49.4137,58.0414,237.9649,
104494100900,88.0023,-0.0627,0.9141,-0.5167,49.7228,57.7787,237.4231,
104508262600,88.0163,-0.0628,0.9141,-0.5169,49.7142,57.8911,237.5081,
104522195400,88.0303,-0.0628,0.9141,-0.5170,49.7063,57.9836,237.5798,
104535812300,88.0440,-0.0629,0.9141,-0.5171,49.6876,58.1866,237.7398,
104549739300,88.0579,-0.0630,0.9142,-0.5171,49.7292,58.3341,237.9950,
104563740000,88.0718,-0.0631,0.9143,-0.5172,49.7894,58.5577,238.3842,
104577664200,88.0858,-0.0627,0.9144,-0.5171,48.6243,60.1029,242.3915,
104591503700,88.0997,-0.0615,0.9149,-0.5169,47.4814,61.3788,245.9610,
104605702400,88.1138,-0.0601,0.9153,-0.5166,46.5616,62.2619,248.6234,
104619528200,88.1276,-0.0598,0.9156,-0.5164,46.6278,61.2578,247.8035,
104633056600,88.1413,-0.0595,0.9158,-0.5162,46.6275,60.5747,247.3320,
104647654900,88.1557,-0.0590,0.9159,-0.5162,46.3996,59.3485,246.7808,
104661084400,88.1692,-0.0585,0.9160,-0.5161,46.1106,58.1379,246.3604,
104675056300,88.1833,-0.0584,0.9158,-0.5163,46.2510,56.9076,244.9388,
104688881200,88.1970,-0.0584,0.9157,-0.5164,46.3272,55.7424,243.6753,
104703196700,88.2112,-0.0583,0.9156,-0.5166,46.3502,54.6957,242.6091,
104716944000,88.2251,-0.0585,0.9152,-0.5172,46.2557,53.9131,241.4373,
104730679600,88.2389,-0.0586,0.9147,-0.5181,46.1430,53.1925,240.4230,
104744798400,88.2529,-0.0591,0.9136,-0.5192,46.1538,52.8993,239.8870,
104758859200,88.2669,-0.0596,0.9126,-0.5204,46.1488,52.6282,239.4360,
104772542600,88.2808,-0.0600,0.9116,-0.5214,46.1332,52.3614,239.0234,
104786613900,88.2947,-0.0602,0.9104,-0.5219,46.0661,52.1086,238.7828,
104800615400,88.3087,-0.0604,0.9094,-0.5223,45.9947,51.8493,238.5426,
104814557400,88.3227,-0.0605,0.9090,-0.5225,45.9049,51.4701,238.1143,
104828495500,88.3366,-0.0607,0.9087,-0.5227,45.7977,51.0382,237.6354,
104842381000,88.3505,-0.0608,0.9084,-0.5229,45.6786,50.5790,237.1341,
104856153300,88.3644,-0.0610,0.9079,-0.5233,45.5336,50.0596,236.6076,
104870550200,88.3786,-0.0612,0.9073,-0.5239,45.3819,49.5364,236.0825,
104884224400,88.3923,-0.0614,0.9072,-0.5247,45.5327,48.8948,234.9284,
104897888000,88.4060,-0.0616,0.9071,-0.5256,45.6722,48.2043,233.7124,
104911700100,88.4199,-0.0615,0.9071,-0.5267,45.5962,47.5477,232.2909,
104925829000,88.4339,-0.0613,0.9070,-0.5278,45.5141,46.9368,230.9915,
104939690700,88.4478,-0.0612,0.9069,-0.5288,45.4306,46.3838,229.8328,
104953585800,88.4619,-0.0611,0.9070,-0.5295,45.4923,45.9139,228.5363,
104967655600,88.4757,-0.0611,0.9070,-0.5301,45.5309,45.4589,227.3304,
104981527900,88.4896,-0.0611,0.9069,-0.5300,45.6260,44.8847,226.1503,
104995257800,88.5035,-0.0611,0.9069,-0.5299,45.6949,44.3427,225.0425,
105009321700,88.5174,-0.0610,0.9071,-0.5301,45.6326,44.2089,224.9754,
105023289100,88.5314,-0.0609,0.9073,-0.5303,45.5972,44.1233,224.9147,
105037354100,88.5454,-0.0607,0.9076,-0.5305,45.5648,44.0382,224.8433,
105050888800,88.5591,-0.0602,0.9076,-0.5307,45.5282,44.0412,224.9582,
105064990200,88.5731,-0.0597,0.9076,-0.5310,45.4352,44.0370,225.2247,
105078822600,88.5869,-0.0597,0.9075,-0.5311,45.3280,44.4379,226.1188,
105092817700,88.6010,-0.0597,0.9074,-0.5311,45.2052,44.8692,227.0768,
105106722700,88.6148,-0.0596,0.9073,-0.5312,45.0859,45.2638,227.9495,
105120963700,88.6291,-0.0598,0.9071,-0.5312,45.0540,47.8867,230.6060,
105134644100,88.6429,-0.0600,0.9068,-0.5313,44.9480,50.2639,233.0077,
105148762700,88.6567,-0.0604,0.9070,-0.5312,44.9606,53.2448,235.8901,
105162616300,88.6707,-0.0611,0.9072,-0.5310,44.8842,55.6146,238.1815,
105176134700,88.6844,-0.0624,0.9075,-0.5301,44.8191,56.9278,239.1262,
105190178600,88.6982,-0.0638,0.9080,-0.5291,44.7438,58.0646,239.9794,
105204228500,88.7123,-0.0651,0.9083,-0.5283,44.6561,59.1476,240.8163,
105218150700,88.7263,-0.0652,0.9090,-0.5277,44.4948,59.7998,241.3332,
105232177100,88.7404,-0.0654,0.9095,-0.5272,44.3356,60.4850,241.8858,
105246109700,88.7542,-0.0656,0.9098,-0.5268,44.3572,60.4730,241.8958,
105259900300,88.7679,-0.0659,0.9101,-0.5263,44.3659,60.4836,241.9155,
105274188100,88.7824,-0.0662,0.9104,-0.5258,44.3736,60.5097,241.9498,
105288363900,88.7965,-0.0660,0.9105,-0.5259,44.2666,60.6679,242.3210,
105302042400,88.8101,-0.0658,0.9107,-0.5260,44.0803,60.9762,242.9740,
105315570800,88.8238,-0.0658,0.9105,-0.5260,44.1565,60.9976,243.2000,
105329568700,88.8376,-0.0657,0.9104,-0.5259,44.2239,61.0443,243.4332,
105343443200,88.8515,-0.0655,0.9104,-0.5260,44.2230,61.1365,243.6045,
105357567700,88.8656,-0.0654,0.9105,-0.5261,44.2193,61.2404,243.7810,
105371306600,88.8795,-0.0652,0.9105,-0.5261,44.2126,61.3664,243.9823,
105385350200,88.8934,-0.0652,0.9103,-0.5260,44.0585,61.7692,244.5733,
105399277200,88.9074,-0.0653,0.9101,-0.5259,43.8674,62.2624,245.2840,
105413416600,88.9217,-0.0652,0.9100,-0.5258,43.8368,62.3395,245.5382,
105427320500,88.9354,-0.0650,0.9100,-0.5258,43.8089,62.4129,245.7574,
105440825000,88.9489,-0.0649,0.9099,-0.5257,43.7806,62.4893,245.9695,
105454793300,88.9631,-0.0650,0.9097,-0.5256,44.1411,62.1848,246.2130,
105468699100,88.9768,-0.0651,0.9095,-0.5255,44.5958,61.8114,246.5277,
105482794200,88.9908,-0.0649,0.9095,-0.5254,45.1338,60.2602,245.7722,
105496596500,89.0047,-0.0647,0.9094,-0.5254,45.6416,58.7459,245.0273,
105510457400,89.0187,-0.0645,0.9095,-0.5254,46.8729,55.3935,242.8322,
105524497400,89.0326,-0.0643,0.9096,-0.5255,47.8195,52.5258,240.9240,
105538449300,89.0465,-0.0640,0.9097,-0.5255,48.5221,50.1916,239.3544,
105552328600,89.0605,-0.0631,0.9097,-0.5257,48.3398,46.6139,235.9767,
105566233900,89.0743,-0.0620,0.9096,-0.5260,48.1730,43.6270,233.2403,
105580178500,89.0883,-0.0607,0.9087,-0.5269,47.9502,37.4597,225.3880,
105593846300,89.1020,-0.0595,0.9079,-0.5279,47.4590,32.8330,219.7139,
105607880700,89.1160,-0.0585,0.9075,-0.5303,47.2316,32.1860,218.2449,
105621838600,89.1299,-0.0576,0.9072,-0.5326,47.0161,31.2765,216.7747,
105635593300,89.1438,-0.0568,0.9069,-0.5345,46.7754,30.1644,215.1894,
105650069800,89.1581,-0.0569,0.9066,-0.5355,46.8410,30.2599,214.4818,
105664224600,89.1723,-0.0569,0.9063,-0.5363,46.8514,30.0581,213.5214,
105677868300,89.1859,-0.0570,0.9065,-0.5363,46.8988,30.4644,213.8200,
105691294500,89.1995,-0.0572,0.9068,-0.5364,46.9257,30.7394,213.9817,
105705560500,89.2136,-0.0573,0.9072,-0.5366,46.9409,30.9485,214.0585,
105719855800,89.2279,-0.0578,0.9078,-0.5362,46.9918,31.8392,214.6579,
105733162200,89.2414,-0.0584,0.9085,-0.5358,47.0237,32.6905,215.1708,
105747167200,89.2552,-0.0590,0.9091,-0.5353,47.2191,34.0688,216.2466,
105760991200,89.2690,-0.0595,0.9097,-0.5348,47.3698,35.2279,217.1075,
105774648500,89.2829,-0.0599,0.9097,-0.5343,47.4023,35.6359,217.5147,
105789049400,89.2971,-0.0602,0.9097,-0.5339,47.4214,35.8995,217.7655,
105803087300,89.3112,-0.0606,0.9098,-0.5335,47.4337,36.0828,217.9310,
105817082800,89.3250,-0.0605,0.9098,-0.5333,47.4513,36.1514,218.0223,
105830583400,89.3388,-0.0603,0.9097,-0.5332,47.4633,36.1948,218.0793,
105844905200,89.3530,-0.0601,0.9096,-0.5334,47.4970,36.1946,218.0939,
105858471600,89.3666,-0.0598,0.9094,-0.5336,47.5334,36.1897,218.1033,
105872468800,89.3807,-0.0592,0.9092,-0.5340,47.5726,36.1802,218.1076,
105886368600,89.3944,-0.0590,0.9091,-0.5342,47.6004,36.1417,218.0914,
105900091300,89.4082,-0.0588,0.9091,-0.5344,47.6303,36.0952,218.0682,
105914304300,89.4225,-0.0586,0.9092,-0.5347,47.6659,36.0658,218.0880,
105928200200,89.4362,-0.0585,0.9092,-0.5351,47.7107,36.0250,218.1097,
105942050500,89.4501,-0.0585,0.9093,-0.5353,47.7549,35.9478,218.2726,
105955758100,89.4640,-0.0585,0.9095,-0.5355,47.8071,35.8436,218.4828,
105969951300,89.4779,-0.0586,0.9096,-0.5357,47.8585,35.7265,218.7094,
105984160800,89.4922,-0.0587,0.9097,-0.5359,47.9136,35.8551,219.0555,
105997793400,89.5059,-0.0588,0.9098,-0.5361,47.9628,35.9824,219.3935,
106011696000,89.5199,-0.0591,0.9100,-0.5362,47.9911,36.2139,219.7466,
106025580800,89.5336,-0.0595,0.9102,-0.5365,48.0152,36.4488,220.1006,
106039657600,89.5477,-0.0599,0.9105,-0.5367,48.0354,36.6890,220.4586,
106053271000,89.5615,-0.0605,0.9107,-0.5365,48.0168,36.7864,220.6802,
106067291600,89.5754,-0.0612,0.9110,-0.5363,47.9969,36.8787,220.8881,
106081338400,89.5894,-0.0616,0.9112,-0.5363,48.0132,36.9085,220.9260,
106095309200,89.6035,-0.0619,0.9113,-0.5362,48.0271,36.9345,220.9580,
106109171500,89.6172,-0.0622,0.9115,-0.5362,48.0418,36.9623,220.9913,
106123063400,89.6312,-0.0625,0.9115,-0.5363,48.0628,36.9601,220.9731,
106137093900,89.6452,-0.0627,0.9116,-0.5364,48.0850,36.9569,220.9515,
106150827900,89.6590,-0.0628,0.9118,-0.5363,48.0967,36.9404,220.9292,
106164764200,89.6728,-0.0629,0.9120,-0.5362,48.1085,36.9218,220.9041,
106178719200,89.6868,-0.0628,0.9124,-0.5361,48.1302,36.9333,220.8917,
106192657400,89.7009,-0.0627,0.9130,-0.5359,48.1529,36.9459,220.8782,
106206338700,89.7143,-0.0626,0.9136,-0.5357,48.1767,36.9598,220.8636,
106220430800,89.7285,-0.0627,0.9142,-0.5356,48.2142,36.9489,220.8581,
106234393900,89.7426,-0.0628,0.9149,-0.5356,48.2539,36.9367,220.8524,
106248784300,89.7569,-0.0628,0.9153,-0.5356,48.2838,36.9436,220.8740,
106262721800,89.7707,-0.0628,0.9156,-0.5356,48.3144,36.9514,220.8983,
106276497700,89.7846,-0.0628,0.9162,-0.5353,48.3063,36.8956,220.9718,
106290067600,89.7983,-0.0627,0.9168,-0.5351,48.2823,36.7799,221.1224,
106304155000,89.8123,-0.0626,0.9175,-0.5348,48.2425,36.6267,221.3200,
106318720500,89.8267,-0.0627,0.9175,-0.5348,48.1409,36.5666,221.4468,
106332155700,89.8404,-0.0627,0.9176,-0.5347,48.0374,36.5081,221.5685,
106346085100,89.8542,-0.0627,0.9176,-0.5347,47.8602,36.2950,221.6161,
106360008200,89.8681,-0.0627,0.9176,-0.5347,47.6601,36.0600,221.6670,
106373816200,89.8820,-0.0627,0.9176,-0.5346,47.4486,35.8166,221.7184,
106387553500,89.8957,-0.0626,0.9179,-0.5348,47.3229,35.5036,221.6657,
106401362200,89.9094,-0.0625,0.9182,-0.5349,47.1966,35.1997,221.6145,
106415308500,89.9235,-0.0621,0.9183,-0.5349,47.1600,34.8779,221.4140,
106429405500,89.9374,-0.0617,0.9185,-0.5348,47.1204,34.5591,221.2153,
106443236800,89.9513,-0.0612,0.9187,-0.5348,47.0764,34.2292,221.0093,
106457269000,89.9653,-0.0606,0.9187,-0.5350,46.9555,34.0524,220.7419,
106470961500,89.9792,-0.0599,0.9188,-0.5352,46.8135,33.8484,220.4335,
106485048900,89.9930,-0.0597,0.9184,-0.5349,46.7010,33.7703,220.1789,
106498663200,90.0067,-0.0594,0.9180,-0.5346,46.5797,33.6880,219.9081,
106512229900,90.0205,-0.0591,0.9177,-0.5337,46.3107,33.9573,220.0372,
106526330000,90.0344,-0.0589,0.9174,-0.5327,45.9702,34.2972,220.2025,
106540542300,90.0485,-0.0586,0.9170,-0.5317,45.5937,34.6711,220.3859,
106554322900,90.0625,-0.0590,0.9168,-0.5313,45.2621,35.2843,220.6974,
106568364100,90.0764,-0.0594,0.9166,-0.5309,44.9310,35.8845,221.0021,
106582334100,90.0904,-0.0602,0.9168,-0.5298,44.6451,36.2982,221.2837,
106596210000,90.1044,-0.0611,0.9170,-0.5286,44.3796,36.6775,221.5413,
106610377100,90.1185,-0.0617,0.9178,-0.5274,44.3756,36.7182,221.4888,
106624204000,90.1323,-0.0622,0.9186,-0.5262,44.3717,36.7461,221.4570,
106638322900,90.1463,-0.0627,0.9193,-0.5251,44.3668,36.7750,221.4273,
106652083900,90.1603,-0.0617,0.9203,-0.5232,44.4548,36.4554,221.1027,
106666338200,90.1744,-0.0608,0.9213,-0.5214,44.6301,35.7929,220.4322,
106679958300,90.1880,-0.0585,0.9215,-0.5202,44.9077,35.0073,219.5789,
106694005200,90.2022,-0.0564,0.9218,-0.5190,45.1715,34.2258,218.7323,
106707949400,90.2159,-0.0547,0.9220,-0.5180,45.4054,33.5018,217.9501,
106721720700,90.2298,-0.0521,0.9224,-0.5161,45.4981,32.3275,217.0597,
106735559300,90.2438,-0.0499,0.9228,-0.5144,45.5774,31.2214,216.2146,
106749520700,90.2576,-0.0487,0.9232,-0.5131,45.6925,30.0824,215.4476,
106763804900,90.2718,-0.0476,0.9236,-0.5119,45.7901,29.0336,214.7325,
106777632000,90.2857,-0.0468,0.9243,-0.5109,45.8364,28.5336,214.5188,
106791525900,90.2998,-0.0459,0.9249,-0.5099,45.8776,28.0810,214.3132,
106805647700,90.3137,-0.0451,0.9255,-0.5089,45.9177,27.6318,214.0999,
106819730400,90.3277,-0.0445,0.9255,-0.5081,45.9301,27.2060,214.0099,
106833397600,90.3416,-0.0439,0.9255,-0.5072,45.9448,26.7475,213.8988,
106847506100,90.3556,-0.0438,0.9255,-0.5070,45.9669,26.3230,213.8525,
106861492800,90.3696,-0.0437,0.9255,-0.5067,45.9905,25.8789,213.7904,
106875310800,90.3835,-0.0435,0.9255,-0.5060,45.9935,25.7938,213.8028,
106889477800,90.3976,-0.0432,0.9256,-0.5051,45.9962,25.7269,213.8067,
106903626100,90.4117,-0.0428,0.9257,-0.5041,45.9989,25.6640,213.8067,
106917527400,90.4256,-0.0426,0.9257,-0.5026,46.0543,25.5737,213.8478,
106931335300,90.4395,-0.0424,0.9256,-0.5011,46.1274,25.4503,213.8971,
106945378900,90.4534,-0.0424,0.9263,-0.4992,46.1579,25.3986,214.4185,
106959181200,90.4672,-0.0423,0.9270,-0.4974,46.1927,25.3343,215.0307,
106973062200,90.4813,-0.0421,0.9276,-0.4958,46.2264,25.2673,215.6368,
106987106200,90.4951,-0.0424,0.9280,-0.4952,46.4107,24.2894,215.4716,
107001089500,90.5092,-0.0425,0.9284,-0.4946,46.5856,23.3420,215.3202,
107014858300,90.5231,-0.0421,0.9284,-0.4940,46.5666,22.5483,215.3269,
107028907000,90.5369,-0.0417,0.9285,-0.4933,46.5527,21.8299,215.3392,
107043032600,90.5510,-0.0411,0.9286,-0.4924,46.5429,21.1736,215.3553,
107056971600,90.5650,-0.0395,0.9292,-0.4916,46.5891,20.5818,215.0561,
107070641200,90.5789,-0.0378,0.9298,-0.4907,46.6287,20.0334,214.7973,
107084683600,90.5928,-0.0360,0.9313,-0.4877,46.7314,19.3903,214.9107,
107099156000,90.6071,-0.0343,0.9326,-0.4850,46.8373,18.7049,215.0250,
107112403700,90.6206,-0.0344,0.9334,-0.4819,47.1271,18.0622,214.8347,
107126467700,90.6345,-0.0343,0.9342,-0.4793,47.3909,17.4427,214.6589,
107140656900,90.6487,-0.0342,0.9348,-0.4770,47.6389,16.8309,214.4910,
107154335800,90.6625,-0.0341,0.9358,-0.4754,47.6126,16.8729,214.7110,
107168330800,90.6764,-0.0339,0.9367,-0.4739,47.5952,16.8881,214.8934,
107182275000,90.6904,-0.0342,0.9368,-0.4733,47.5526,16.8855,215.1251,
107195986100,90.7042,-0.0344,0.9370,-0.4728,47.5081,16.8624,215.3882,
107210200800,90.7182,-0.0350,0.9370,-0.4728,47.3102,16.9035,216.0913,
107224248100,90.7323,-0.0357,0.9372,-0.4728,47.1026,16.9194,216.8399,
107238139100,90.7462,-0.0365,0.9374,-0.4726,46.9092,16.9094,217.5486,
107251696300,90.7600,-0.0367,0.9373,-0.4728,46.6249,17.1049,218.5490,
107265915100,90.7740,-0.0368,0.9373,-0.4730,46.3656,17.2556,219.4614,
107279796600,90.7880,-0.0368,0.9373,-0.4730,45.7789,17.2510,220.5794,
107293682900,90.8020,-0.0368,0.9373,-0.4730,45.2537,17.2213,221.5947,
107307579000,90.8157,-0.0368,0.9375,-0.4732,45.1410,17.4322,221.8944,
107321757600,90.8299,-0.0368,0.9376,-0.4734,45.0525,17.5730,222.1285,
107335311600,90.8436,-0.0368,0.9378,-0.4737,44.9673,17.6921,222.3527,
107349302700,90.8574,-0.0368,0.9379,-0.4737,44.9681,17.8195,222.4871,
107363238800,90.8714,-0.0367,0.9380,-0.4737,44.9647,17.9469,222.6334,
107377377500,90.8855,-0.0366,0.9382,-0.4737,44.9519,18.0002,222.6731,
107391082800,90.8994,-0.0365,0.9385,-0.4736,44.9387,18.0468,222.7116,
107405709500,90.9138,-0.0364,0.9389,-0.4734,44.9224,18.0986,222.7579,
107419290100,90.9274,-0.0363,0.9397,-0.4730,44.9213,18.1597,223.0033,
107432943500,90.9412,-0.0363,0.9407,-0.4725,44.9167,18.2524,223.4119,
107446979200,90.9551,-0.0365,0.9410,-0.4727,44.8652,18.2833,223.4593,
107460743400,90.9689,-0.0366,0.9413,-0.4727,44.8317,18.3007,223.4887,
107474404700,90.9827,-0.0367,0.9415,-0.4728,44.7995,18.3154,223.5159,
107488563200,90.9967,-0.0367,0.9416,-0.4729,44.7075,18.3334,223.5365,
107502481400,91.0106,-0.0367,0.9418,-0.4730,44.5723,18.3562,223.5645,
107516589700,91.0248,-0.0368,0.9420,-0.4732,44.5104,18.3515,223.5359,
107530076400,91.0384,-0.0370,0.9423,-0.4734,44.4516,18.3448,223.5063,
107544198600,91.0523,-0.0374,0.9430,-0.4740,44.4134,18.3924,223.4485,
107558097200,91.0663,-0.0378,0.9439,-0.4746,44.3613,18.4614,223.3614,
107571947700,91.0803,-0.0383,0.9447,-0.4752,44.3004,18.5465,223.2502,
107586123200,91.0943,-0.0385,0.9459,-0.4761,44.3982,18.6931,223.0972,
107600111200,91.1082,-0.0387,0.9470,-0.4770,44.5215,18.8640,222.9157,
107613881300,91.1222,-0.0395,0.9487,-0.4777,45.2512,19.4781,222.4131,
107627868000,91.1361,-0.0403,0.9502,-0.4783,46.0092,20.0970,221.9072,
107641732300,91.1499,-0.0408,0.9513,-0.4790,46.9818,20.5389,221.1641,
107655509700,91.1638,-0.0413,0.9522,-0.4797,47.8247,20.9103,220.5297,
107669577600,91.1777,-0.0417,0.9531,-0.4802,48.5520,21.2222,219.9893,
107683428300,91.1916,-0.0425,0.9539,-0.4805,49.0733,21.6240,219.6531,
107697370900,91.2056,-0.0433,0.9548,-0.4807,49.5629,21.9791,219.3386,
107711174800,91.2194,-0.0437,0.9548,-0.4805,49.9134,22.1518,219.0125,
107725108000,91.2333,-0.0441,0.9547,-0.4804,50.2674,22.3231,218.6953,
107739081500,91.2473,-0.0446,0.9547,-0.4802,50.6392,22.5001,218.3712,
107752909600,91.2612,-0.0450,0.9543,-0.4797,50.8138,22.4143,217.9908,
107767011300,91.2751,-0.0455,0.9538,-0.4792,51.0055,22.3489,217.6183,
107780919500,91.2891,-0.0458,0.9527,-0.4779,51.0364,22.3761,217.5326,
107794781100,91.3031,-0.0461,0.9517,-0.4765,51.0749,22.4042,217.4520,
107808839700,91.3170,-0.0464,0.9511,-0.4761,51.1159,22.4638,217.3905,
107823150500,91.3312,-0.0466,0.9507,-0.4758,51.1744,22.5386,217.3109,
107836694400,91.3449,-0.0469,0.9502,-0.4755,51.2551,22.6331,217.2084,
107850450800,91.3588,-0.0470,0.9500,-0.4752,51.4244,22.9641,217.1225,
107864616900,91.3728,-0.0472,0.9498,-0.4750,51.6303,23.3483,217.0186,
107878488900,91.3866,-0.0467,0.9489,-0.4728,51.6703,23.3792,216.8736,
107892197100,91.4005,-0.0462,0.9480,-0.4704,51.7085,23.4065,216.7509,
107906300300,91.4144,-0.0457,0.9471,-0.4682,51.7493,23.4341,216.6309,
107920405200,91.4285,-0.0437,0.9452,-0.4665,51.6884,23.3951,216.4553,
107933996800,91.4423,-0.0420,0.9435,-0.4650,51.6210,23.3514,216.2500,
107948079300,91.4562,-0.0382,0.9422,-0.4643,51.3643,23.0311,215.6857,
107962033300,91.4702,-0.0351,0.9410,-0.4636,51.0650,22.6627,215.0289,
107975767600,91.4841,-0.0341,0.9400,-0.4647,50.7432,21.8463,214.1363,
107989731200,91.4978,-0.0331,0.9391,-0.4654,50.4193,21.0457,213.2596,
108003399800,91.5116,-0.0322,0.9383,-0.4660,50.1097,20.3000,212.4418,
108017097800,91.5253,-0.0315,0.9374,-0.4690,49.7031,20.1509,212.3292,
108030876300,91.5392,-0.0306,0.9364,-0.4717,49.3262,19.9996,212.2097,
108044894600,91.5530,-0.0310,0.9337,-0.4781,48.9128,19.5955,212.1591,
108059046400,91.5672,-0.0311,0.9315,-0.4830,48.4768,19.1635,212.0951,
108072578700,91.5809,-0.0311,0.9298,-0.4866,48.0437,18.7303,212.0230,
108086665800,91.5948,-0.0297,0.9242,-0.4910,46.6050,17.8297,212.0292,
108100396700,91.6085,-0.0286,0.9199,-0.4946,45.2776,17.0013,212.0444,
108114521400,91.6228,-0.0283,0.9183,-0.4968,44.1011,17.3046,213.2326,
108128448600,91.6366,-0.0279,0.9168,-0.4988,43.0827,17.4680,214.1585,
108142251000,91.6504,-0.0307,0.9146,-0.5035,42.1678,18.5924,215.5520,
108156117700,91.6644,-0.0328,0.9124,-0.5079,41.2995,19.4693,216.7147,
108170004900,91.6781,-0.0343,0.9103,-0.5116,40.4793,20.1624,217.7010,
108183784900,91.6919,-0.0383,0.9090,-0.5131,39.7575,21.2382,218.1853,
108197634300,91.7058,-0.0413,0.9076,-0.5149,39.0260,22.1780,218.6577,
108211470600,91.7197,-0.0429,0.9058,-0.5167,38.6223,23.0730,218.8004,
108225382500,91.7336,-0.0443,0.9040,-0.5186,38.1817,23.8860,218.9741,
108239472200,91.7476,-0.0457,0.9023,-0.5206,37.7130,24.6382,219.1682,
108253228300,91.7616,-0.0461,0.9025,-0.5218,37.7586,25.6400,219.1121,
108267275000,91.7754,-0.0467,0.9025,-0.5231,37.7205,26.6144,219.1054,
108281206600,91.7894,-0.0471,0.9028,-0.5237,37.9210,27.4024,218.9234,
108294707700,91.8030,-0.0477,0.9030,-0.5246,38.0375,28.1509,218.7987,
108309013400,91.8172,-0.0484,0.9030,-0.5257,38.0925,28.8622,218.7154,
108323003800,91.8311,-0.0485,0.9032,-0.5267,38.4933,29.5222,218.5804,
108336954100,91.8451,-0.0488,0.9034,-0.5280,38.8162,30.1826,218.4796,
108350579800,91.8589,-0.0492,0.9031,-0.5285,38.9693,30.4298,218.3325,
108364677500,91.8729,-0.0497,0.9028,-0.5292,39.0840,30.6841,218.2171,
108378251400,91.8864,-0.0496,0.9024,-0.5296,39.0833,30.6491,217.9219,
108391935600,91.9002,-0.0495,0.9019,-0.5301,39.0754,30.6450,217.6382,
108405977900,91.9142,-0.0495,0.9014,-0.5308,39.0604,30.6681,217.3390,
108419564000,91.9277,-0.0499,0.9025,-0.5308,38.6255,30.7543,217.4568,
108433979000,91.9422,-0.0509,0.9046,-0.5309,37.9427,30.9123,217.6360,
108448063500,91.9562,-0.0519,0.9068,-0.5312,37.1757,31.1116,217.8296,
108461365100,91.9695,-0.0520,0.9077,-0.5315,37.0753,31.3340,218.1873,
108475409100,91.9837,-0.0521,0.9083,-0.5317,36.9748,31.5376,218.4923,
108489571000,91.9976,-0.0524,0.9097,-0.5315,36.9986,31.7247,218.8778,
108503403100,92.0116,-0.0527,0.9112,-0.5313,37.0117,31.9444,219.3050,
108517038000,92.0252,-0.0529,0.9127,-0.5306,36.9188,32.1944,219.5475,
108530773300,92.0391,-0.0532,0.9142,-0.5300,36.8178,32.4497,219.7871,
108544898700,92.0530,-0.0536,0.9149,-0.5296,36.8176,32.6115,219.8043,
108559134400,92.0673,-0.0540,0.9155,-0.5294,36.8135,32.7989,219.8218,
108572606300,92.0809,-0.0544,0.9161,-0.5292,36.8045,33.0287,219.8409,
108587067100,92.0952,-0.0545,0.9165,-0.5290,36.8485,33.2507,219.8940,
108600967700,92.1090,-0.0546,0.9169,-0.5288,36.8916,33.4864,219.9487,
108614511100,92.1228,-0.0545,0.9176,-0.5285,36.9141,33.5939,219.9740,
108628585000,92.1367,-0.0545,0.9184,-0.5281,36.9320,33.6866,219.9949,
108642518200,92.1507,-0.0544,0.9192,-0.5278,36.9482,33.7772,220.0145,
108656344400,92.1645,-0.0543,0.9197,-0.5273,36.9574,33.8004,220.0296,
108670134700,92.1784,-0.0542,0.9202,-0.5268,36.9667,33.8247,220.0455,
108684229500,92.1923,-0.0541,0.9203,-0.5266,36.9947,33.8232,220.0512,
108698202000,92.2063,-0.0540,0.9204,-0.5264,37.0245,33.8204,220.0567,
108711925300,92.2201,-0.0539,0.9204,-0.5265,37.0562,33.8191,220.0923,
108726218700,92.2344,-0.0539,0.9205,-0.5266,37.1009,33.8160,220.1436,
108740694700,92.2488,-0.0538,0.9205,-0.5266,37.1656,33.8100,220.2195,
108753695700,92.2620,-0.0538,0.9205,-0.5267,37.1913,33.8518,220.2279,
108767566600,92.2757,-0.0537,0.9204,-0.5268,37.2178,33.8968,220.2358,
108781424300,92.2896,-0.0537,0.9204,-0.5269,37.2521,33.9026,220.2298,
108795265500,92.3035,-0.0536,0.9204,-0.5270,37.2878,33.9073,220.2220,
108809850700,92.3180,-0.0535,0.9205,-0.5271,37.3248,33.9110,220.2126,
108823363700,92.3314,-0.0535,0.9204,-0.5270,37.4168,33.9830,220.1233,
108837147100,92.3453,-0.0534,0.9204,-0.5270,37.5454,34.0848,219.9902,
108851348600,92.3597,-0.0534,0.9205,-0.5270,37.7395,34.0675,219.8590,
108865099500,92.3732,-0.0533,0.9205,-0.5271,37.9368,34.0442,219.7204,
108879488200,92.3876,-0.0533,0.9205,-0.5273,38.1599,34.0332,219.5822,
108892906100,92.4012,-0.0533,0.9205,-0.5274,38.3816,34.0177,219.4410,
108906944200,92.4151,-0.0532,0.9204,-0.5276,38.5976,33.9984,219.3000,
108921305000,92.4295,-0.0531,0.9203,-0.5277,38.6080,33.9783,219.3017,
108934768700,92.4430,-0.0531,0.9201,-0.5278,38.6168,33.9585,219.3035,
108949220800,92.4574,-0.0531,0.9199,-0.5278,38.6348,33.9596,219.2872,
108962735300,92.4709,-0.0531,0.9196,-0.5279,38.6535,33.9607,219.2693,
108976604700,92.4848,-0.0531,0.9195,-0.5279,38.6944,33.9889,219.2680,
108990705300,92.4990,-0.0530,0.9195,-0.5280,38.7599,34.0354,219.2666,
109004456200,92.5126,-0.0530,0.9195,-0.5280,38.8522,34.1026,219.2658,
109018665200,92.5268,-0.0529,0.9194,-0.5279,38.9604,34.1216,219.2442,
109032647300,92.5410,-0.0529,0.9194,-0.5278,39.0780,34.1416,219.2209,
109046371400,92.5544,-0.0527,0.9194,-0.5278,39.1991,34.2925,219.3486,
109060567200,92.5687,-0.0526,0.9193,-0.5278,39.3407,34.4766,219.5073,
109074012100,92.5823,-0.0525,0.9193,-0.5278,39.4937,34.6840,219.6891,
109088249500,92.5964,-0.0525,0.9193,-0.5277,39.6210,34.8344,219.7157,
109102269500,92.6104,-0.0524,0.9192,-0.5275,39.7452,34.9856,219.7438,
109116057000,92.6244,-0.0524,0.9194,-0.5275,39.8885,35.1311,219.7387,
109129735100,92.6379,-0.0523,0.9196,-0.5274,40.0347,35.2822,219.7340,
109143726000,92.6519,-0.0522,0.9199,-0.5273,40.1808,35.4357,219.7299,
109157738500,92.6658,-0.0521,0.9201,-0.5271,40.4018,35.5206,219.7539,
109171327100,92.6796,-0.0520,0.9204,-0.5269,40.6291,35.6078,219.7796,
109185505000,92.6937,-0.0519,0.9205,-0.5268,40.8596,35.5960,219.7915,
109199576500,92.7077,-0.0519,0.9205,-0.5266,41.0934,35.5817,219.8038,
109213554400,92.7218,-0.0518,0.9204,-0.5266,41.3057,35.5197,219.8337,
109227166000,92.7353,-0.0517,0.9203,-0.5265,41.5196,35.4542,219.8643,
109241120900,92.7493,-0.0516,0.9201,-0.5264,41.5862,35.4545,219.8099,
109254903500,92.7632,-0.0514,0.9197,-0.5263,41.6388,35.4545,219.7642,
109268990200,92.7771,-0.0511,0.9192,-0.5262,41.6917,35.4544,219.7156,
109282971300,92.7911,-0.0510,0.9190,-0.5263,41.7217,35.4207,219.6721,
109296826300,92.8050,-0.0509,0.9189,-0.5263,41.7512,35.3852,219.6266,
109310621300,92.8189,-0.0509,0.9187,-0.5263,41.7595,35.3704,219.6221,
109325234200,92.8333,-0.0509,0.9186,-0.5263,41.7665,35.3550,219.6187,
109338708300,92.8469,-0.0509,0.9185,-0.5263,41.7723,35.3389,219.6163,
109352862200,92.8612,-0.0508,0.9184,-0.5261,41.7607,35.2811,219.6077,
109366744900,92.8749,-0.0507,0.9183,-0.5260,41.7393,35.1876,219.5950,
109380662500,92.8887,-0.0506,0.9181,-0.5260,41.7408,35.1763,219.6294,
109394449600,92.9028,-0.0505,0.9179,-0.5260,41.7416,35.1656,219.6710,
109408282300,92.9164,-0.0504,0.9177,-0.5261,41.7416,35.1546,219.7261,
109422527800,92.9307,-0.0501,0.9170,-0.5258,41.7521,35.1340,219.7177,
109436101300,92.9443,-0.0497,0.9160,-0.5254,41.7630,35.1133,219.7084,
109449924800,92.9581,-0.0489,0.9154,-0.5253,41.7860,35.1509,219.7591,
109464450000,92.9726,-0.0480,0.9148,-0.5251,41.8103,35.1941,219.8148,
109478174500,92.9863,-0.0472,0.9142,-0.5250,41.8479,35.2648,219.9032,
109492063300,93.0003,-0.0471,0.9137,-0.5249,41.8473,35.3054,219.9437,
109505682400,93.0138,-0.0470,0.9133,-0.5249,41.8458,35.3498,219.9867,
109519884200,93.0281,-0.0471,0.9132,-0.5248,41.8693,35.3925,220.0263,
109533649300,93.0420,-0.0472,0.9131,-0.5248,41.8987,35.4464,220.0752,
109547677000,93.0557,-0.0472,0.9130,-0.5248,41.9300,35.4787,220.1024,
109561834600,93.0699,-0.0473,0.9129,-0.5249,41.9647,35.5138,220.1310,
109575494700,93.0837,-0.0473,0.9128,-0.5249,42.0014,35.4973,220.1411,
109590077500,93.0981,-0.0474,0.9126,-0.5250,42.0457,35.4737,220.1508,
109603965400,93.1119,-0.0474,0.9124,-0.5250,42.1076,35.4363,220.1613,
109617498900,93.1256,-0.0473,0.9122,-0.5250,42.1289,35.4219,220.1248,
109631130400,93.1393,-0.0472,0.9121,-0.5251,42.1502,35.4051,220.0829,
109645450400,93.1535,-0.0471,0.9119,-0.5251,42.1815,35.3732,220.0648,
109659339100,93.1673,-0.0469,0.9117,-0.5251,42.2136,35.3378,220.0445,
109672762100,93.1810,-0.0467,0.9115,-0.5252,42.2534,35.2910,220.0176,
109687192100,93.1953,-0.0460,0.9110,-0.5251,42.2956,35.2295,219.9696,
109701158700,93.2092,-0.0451,0.9103,-0.5250,42.3434,35.1556,219.9116,
109715046400,93.2232,-0.0446,0.9094,-0.5250,42.3966,35.0682,219.7599,
109728760400,93.2368,-0.0441,0.9086,-0.5250,42.4622,34.9533,219.5568,
109742269000,93.2503,-0.0436,0.9079,-0.5249,42.5338,34.8201,219.3177,
109755943100,93.2642,-0.0434,0.9071,-0.5249,42.5524,34.8093,219.2329,
109770612600,93.2785,-0.0432,0.9064,-0.5248,42.5657,34.8020,219.1618,
109784123200,93.2922,-0.0432,0.9064,-0.5248,42.5738,34.9129,219.1101,
109797980800,93.3061,-0.0432,0.9064,-0.5248,42.5811,35.0726,219.0423,
109811842200,93.3201,-0.0433,0.9064,-0.5249,42.5854,35.2661,218.9667,
109825776300,93.3338,-0.0434,0.9065,-0.5249,42.6680,35.4488,219.0632,
109840048100,93.3481,-0.0435,0.9065,-0.5250,42.7509,35.6412,219.1673,
109853721200,93.3619,-0.0437,0.9066,-0.5250,42.8866,35.8418,219.4371,
109868077500,93.3761,-0.0440,0.9068,-0.5251,43.0556,36.1002,219.7871,
109881488300,93.3895,-0.0441,0.9069,-0.5251,43.3373,36.6853,220.8388,
109895374800,93.4036,-0.0443,0.9070,-0.5251,43.6235,37.3206,221.9787,
109909495500,93.4176,-0.0444,0.9070,-0.5251,43.8652,37.7215,222.9086,
109923390200,93.4315,-0.0445,0.9070,-0.5251,44.0718,38.0848,223.7458,
109937466400,93.4455,-0.0447,0.9071,-0.5252,44.2511,38.4173,224.5083,
109951494500,93.4597,-0.0447,0.9070,-0.5252,44.2357,38.6255,225.0802,
109965744300,93.4738,-0.0447,0.9069,-0.5253,44.2251,38.8233,225.6193,
109979216900,93.4873,-0.0447,0.9066,-0.5253,44.2439,38.9140,226.0427,
109993411300,93.5016,-0.0447,0.9064,-0.5254,44.2642,39.0104,226.4697,
110006966600,93.5151,-0.0447,0.9061,-0.5254,44.2861,39.1140,226.9112,
110020909900,93.5290,-0.0444,0.9053,-0.5255,44.3314,39.1420,227.2833,
110034684200,93.5429,-0.0440,0.9044,-0.5255,44.3776,39.1779,227.6698,
110049005500,93.5570,-0.0436,0.9042,-0.5258,44.4118,39.1987,227.8329,
110062580100,93.5707,-0.0433,0.9040,-0.5260,44.4419,39.2204,227.9830,
110076518400,93.5846,-0.0430,0.9038,-0.5260,44.4245,39.2780,228.3048,
110090328900,93.5985,-0.0428,0.9037,-0.5259,44.4043,39.3489,228.6896,
110104851600,93.6129,-0.0425,0.9035,-0.5259,44.3826,39.4285,229.1113,
110118270000,93.6263,-0.0425,0.9036,-0.5258,44.3671,39.3990,229.6946,
110131915000,93.6401,-0.0424,0.9036,-0.5257,44.3516,39.3734,230.2998,
110146222700,93.6543,-0.0424,0.9036,-0.5256,44.3330,39.5061,230.9690,
110160588600,93.6685,-0.0423,0.9036,-0.5255,44.3147,39.6311,231.6008,
110174009000,93.6822,-0.0422,0.9035,-0.5254,44.2968,39.7494,232.1997,
110188319100,93.6964,-0.0422,0.9036,-0.5253,44.2236,39.7585,232.3191,
110201882500,93.7099,-0.0423,0.9036,-0.5252,44.1704,39.7675,232.4179,
110215763900,93.7239,-0.0422,0.9036,-0.5252,44.1400,39.7732,232.3888,
110229962600,93.7380,-0.0422,0.9036,-0.5251,44.1068,39.7803,232.3604,
110243596700,93.7517,-0.0421,0.9036,-0.5251,44.0923,39.7729,232.3256,
110257559300,93.7656,-0.0421,0.9035,-0.5251,44.0773,39.7652,232.2906,
110271660700,93.7798,-0.0421,0.9035,-0.5251,44.0620,39.7571,232.2556,
110285431300,93.7935,-0.0419,0.9035,-0.5251,44.0531,39.7594,232.2241,
110299373300,93.8075,-0.0416,0.9036,-0.5250,44.0445,39.7622,232.1927,
110313086000,93.8213,-0.0414,0.9039,-0.5250,44.0349,39.7346,232.1437,
110327303300,93.8353,-0.0412,0.9043,-0.5251,44.0254,39.7044,232.0932,
110341072000,93.8491,-0.0410,0.9048,-0.5251,44.0160,39.6719,232.0411,
110354714500,93.8629,-0.0409,0.9050,-0.5253,44.0291,39.6117,232.0107,
110368971900,93.8770,-0.0409,0.9051,-0.5255,44.0456,39.5415,231.9785,
110382983000,93.8910,-0.0408,0.9052,-0.5255,44.0385,39.5162,231.9684,
110396708600,93.9048,-0.0407,0.9054,-0.5255,44.0310,39.4909,231.9607,
110410608100,93.9188,-0.0404,0.9055,-0.5256,44.0339,39.5012,232.0297,
110424543900,93.9326,-0.0401,0.9057,-0.5257,44.0413,39.5295,232.1895,
110438534700,93.9465,-0.0398,0.9060,-0.5257,44.0538,39.5796,232.4426,
110452377800,93.9606,-0.0390,0.9063,-0.5257,44.0290,39.5849,232.4572,
110466400000,93.9745,-0.0382,0.9066,-0.5256,44.0041,39.5917,232.4728,
110480655600,93.9887,-0.0379,0.9068,-0.5259,44.0201,39.6121,232.4620,
110494270700,94.0024,-0.0376,0.9070,-0.5261,44.0386,39.6356,232.4504,
110508468900,94.0165,-0.0374,0.9071,-0.5263,44.0594,39.6620,232.4382,
110522436400,94.0305,-0.0373,0.9071,-0.5264,44.0717,39.6933,232.4164,
110536227200,94.0444,-0.0373,0.9070,-0.5264,44.0931,39.7472,232.3796,
110550104900,94.0581,-0.0374,0.9070,-0.5265,44.1130,39.7887,232.3005,
110563820700,94.0719,-0.0375,0.9070,-0.5266,44.1369,39.8378,232.2062,
110578230300,94.0863,-0.0378,0.9069,-0.5266,44.1336,39.8556,232.2014,
110591588200,94.0998,-0.0380,0.9069,-0.5266,44.1296,39.8742,232.1975,
110606009200,94.1140,-0.0382,0.9069,-0.5266,44.1251,39.8936,232.1945,
110619508000,94.1276,-0.0381,0.9069,-0.5267,44.1436,39.9683,232.2940,
110633479500,94.1417,-0.0379,0.9069,-0.5268,44.1933,40.1696,232.5683,
110648132500,94.1561,-0.0378,0.9069,-0.5268,44.1520,40.2387,232.7328,
110661595000,94.1696,-0.0377,0.9069,-0.5268,44.1028,40.3124,232.9197,
110675579600,94.1838,-0.0375,0.9070,-0.5268,44.0443,40.3912,233.1321,
110689195000,94.1973,-0.0374,0.9071,-0.5269,44.0624,40.5015,233.3684,
110703109900,94.2112,-0.0374,0.9073,-0.5270,44.0808,40.6143,233.6175,
110716931100,94.2249,-0.0374,0.9074,-0.5270,44.0707,40.6620,233.7598,
110731195500,94.2394,-0.0373,0.9075,-0.5269,44.0607,40.7028,233.8890,
110745183500,94.2532,-0.0373,0.9075,-0.5270,44.0542,40.8856,233.9859,
110759134900,94.2672,-0.0372,0.9076,-0.5270,44.0427,41.1846,234.1395,
110773081900,94.2813,-0.0372,0.9076,-0.5271,44.0267,41.5694,234.3315,
110787093100,94.2952,-0.0371,0.9077,-0.5271,44.0023,42.1169,234.5179,
110801088900,94.3091,-0.0371,0.9077,-0.5270,43.9749,42.6925,234.7065,
110814741000,94.3230,-0.0372,0.9079,-0.5269,44.0236,43.4378,235.1176,
110828792800,94.3368,-0.0373,0.9080,-0.5268,44.0672,44.1557,235.5092,
110842784900,94.3509,-0.0374,0.9082,-0.5267,44.1196,45.5191,236.7729,
110856611300,94.3647,-0.0375,0.9085,-0.5265,44.1503,46.8569,238.0081,
110870461500,94.3787,-0.0376,0.9088,-0.5264,44.1606,48.0653,239.1198,
110884591000,94.3926,-0.0377,0.9088,-0.5263,44.3887,48.8518,239.8436,
110898245600,94.4063,-0.0379,0.9089,-0.5262,44.5755,49.5724,240.5048,
110912805700,94.4210,-0.0378,0.9089,-0.5260,44.5462,50.4754,240.9070,
110926323000,94.4344,-0.0378,0.9089,-0.5258,44.5148,51.3972,241.3382,
110939901000,94.4479,-0.0378,0.9090,-0.5256,44.4814,52.3153,241.7844,
110953881000,94.4621,-0.0380,0.9088,-0.5250,44.6351,52.2575,241.5643,
110967534000,94.4756,-0.0382,0.9087,-0.5244,44.7711,52.2360,241.3893,
110981640200,94.4897,-0.0380,0.9087,-0.5237,44.9397,52.4259,241.4603,
110995748500,94.5039,-0.0378,0.9087,-0.5231,45.1324,52.6750,241.5650,
111009388700,94.5175,-0.0377,0.9087,-0.5225,45.3443,52.9813,241.7041,
111023337500,94.5314,-0.0376,0.9087,-0.5224,45.6425,53.2742,242.0057,
111037296300,94.5454,-0.0376,0.9087,-0.5224,45.9579,53.6170,242.3504,
111051065800,94.5592,-0.0372,0.9084,-0.5221,46.0567,53.9556,242.5822,
111065116000,94.5731,-0.0367,0.9081,-0.5217,46.1495,54.2957,242.8162,
111078991000,94.5870,-0.0367,0.9079,-0.5216,46.3199,54.3828,242.7730,
111092503900,94.6007,-0.0368,0.9078,-0.5215,46.5018,54.4854,242.7338,
111107071500,94.6151,-0.0368,0.9076,-0.5214,46.6996,54.6061,242.6979,
111120854900,94.6289,-0.0370,0.9060,-0.5204,46.6701,54.6300,242.6987,
111134820900,94.6430,-0.0373,0.9041,-0.5192,46.6378,54.6580,242.7010,
111148751200,94.6568,-0.0367,0.9031,-0.5194,46.6487,55.0711,243.2151,
111162496600,94.6705,-0.0362,0.9022,-0.5196,46.6660,55.8084,244.1330,
111176462000,94.6845,-0.0365,0.9009,-0.5194,46.6199,56.2297,244.5576,
111190613500,94.6988,-0.0367,0.8997,-0.5192,46.5788,56.6107,244.9416,
111204327000,94.7124,-0.0370,0.8985,-0.5190,46.5399,56.9734,245.3074,
111218420800,94.7264,-0.0373,0.8980,-0.5190,46.5431,57.0967,245.4211,
111231937700,94.7401,-0.0375,0.8977,-0.5190,46.5460,57.1912,245.5084,
111246078600,94.7541,-0.0373,0.8975,-0.5190,46.5277,57.3811,245.8099,
111259864100,94.7679,-0.0372,0.8974,-0.5190,46.5034,57.6291,246.2049,
111273979500,94.7821,-0.0370,0.8972,-0.5190,46.4750,57.9087,246.6514,
111287941600,94.7960,-0.0367,0.8971,-0.5192,46.4243,58.2544,247.1843,
111301831600,94.8099,-0.0362,0.8969,-0.5194,46.3710,58.6048,247.7261,
111315507100,94.8237,-0.0362,0.8963,-0.5197,46.3971,58.5741,247.7271,
111329527400,94.8375,-0.0363,0.8954,-0.5200,46.4140,58.5543,247.7280,
111343579400,94.8516,-0.0363,0.8945,-0.5203,46.4325,58.5328,247.7291,
111357322400,94.8654,-0.0358,0.8933,-0.5211,46.4396,58.5413,247.7700,
111371420300,94.8796,-0.0354,0.8920,-0.5220,46.4469,58.5510,247.8146,
111385275000,94.8932,-0.0356,0.8912,-0.5222,46.4907,58.5686,247.8381,
111399403100,94.9075,-0.0357,0.8905,-0.5225,46.5503,58.5930,247.8691,
111413094000,94.9213,-0.0355,0.8901,-0.5225,46.5903,58.9302,248.0636,
111427063600,94.9351,-0.0353,0.8896,-0.5225,46.6490,59.4927,248.3839,
111441487200,94.9494,-0.0350,0.8891,-0.5225,46.7091,60.1578,248.7581,
111454918100,94.9631,-0.0350,0.8888,-0.5224,46.7770,60.3616,248.8044,
111468781500,94.9768,-0.0349,0.8884,-0.5223,46.8307,60.5344,248.8425,
111482824100,94.9909,-0.0347,0.8878,-0.5221,46.8559,60.5487,248.8549,
111497074200,95.0051,-0.0345,0.8871,-0.5219,46.8786,60.5623,248.8663,
111510323500,95.0185,-0.0344,0.8863,-0.5222,46.8628,60.5974,248.9541,
111524539500,95.0326,-0.0343,0.8855,-0.5225,46.8209,60.6826,249.1673,
111538835000,95.0469,-0.0342,0.8847,-0.5228,46.7536,60.8096,249.4867,
111552323000,95.0604,-0.0344,0.8827,-0.5231,46.7558,60.8381,249.6521,
111566355700,95.0744,-0.0346,0.8808,-0.5235,46.7560,60.8641,249.8090,
111580082300,95.0881,-0.0347,0.8792,-0.5229,46.7879,60.8760,249.7987,
111593939500,95.1021,-0.0347,0.8777,-0.5224,46.8224,60.8883,249.7856,
111608172200,95.1161,-0.0345,0.8775,-0.5225,46.8552,60.9008,249.7751,
111621967600,95.1300,-0.0344,0.8773,-0.5225,46.8900,60.9137,249.7624,
111635716200,95.1439,-0.0343,0.8772,-0.5226,46.9337,60.9297,249.7448,
111649771500,95.1578,-0.0340,0.8770,-0.5228,46.9467,60.9528,249.7706,
111664218400,95.1722,-0.0338,0.8768,-0.5230,46.9590,60.9773,249.7983,
111677737400,95.1858,-0.0337,0.8766,-0.5232,46.9643,60.9829,249.8501,
111691435200,95.1996,-0.0336,0.8764,-0.5235,46.9685,60.9879,249.9078,
111705241500,95.2133,-0.0335,0.8761,-0.5237,46.9737,60.9951,250.0138,
111719401200,95.2273,-0.0335,0.8759,-0.5239,46.9754,60.9132,250.1844,
111733150000,95.2413,-0.0334,0.8757,-0.5240,46.9733,60.8058,250.3933,
111747339000,95.2554,-0.0334,0.8756,-0.5241,47.0323,60.7938,250.5793,
111761291100,95.2693,-0.0335,0.8756,-0.5241,47.0863,60.7808,250.7531,
111774954400,95.2831,-0.0335,0.8755,-0.5242,47.1377,60.7667,250.9210,
111788752800,95.2968,-0.0333,0.8756,-0.5243,47.0884,60.8695,251.1495,
111802924800,95.3109,-0.0331,0.8757,-0.5244,47.0336,60.9780,251.3903,
111816827500,95.3249,-0.0330,0.8758,-0.5245,47.0636,60.9997,251.4543,
111830685900,95.3388,-0.0330,0.8759,-0.5247,47.0859,61.0152,251.4999,
111844672300,95.3527,-0.0329,0.8761,-0.5249,47.1067,61.0291,251.5412,
111858284400,95.3663,-0.0328,0.8760,-0.5250,47.1100,61.0340,251.5714,
111872318200,95.3805,-0.0327,0.8760,-0.5251,47.1132,61.0386,251.6022,
111886486600,95.3944,-0.0324,0.8760,-0.5251,47.0981,61.0250,251.6000,
111900515700,95.4086,-0.0321,0.8761,-0.5252,47.0812,61.0095,251.5953,
111914073400,95.4222,-0.0321,0.8763,-0.5253,47.0735,60.9950,251.5860,
111928049800,95.4361,-0.0320,0.8766,-0.5255,47.0652,60.9789,251.5740,
111942179500,95.4501,-0.0321,0.8766,-0.5260,47.0815,60.9737,251.5436,
111955988700,95.4642,-0.0323,0.8767,-0.5266,47.0998,60.9684,251.5091,
111970201200,95.4782,-0.0324,0.8768,-0.5272,47.1200,60.9629,251.4707,
111984045600,95.4921,-0.0323,0.8767,-0.5272,47.1291,60.9467,251.4132,
111997867200,95.5058,-0.0322,0.8766,-0.5272,47.1441,60.9201,251.3173,
112011662300,95.5198,-0.0322,0.8766,-0.5273,47.1545,60.9430,251.2908,
112025573000,95.5336,-0.0323,0.8767,-0.5273,47.1654,60.9692,251.2639,
112039814500,95.5478,-0.0323,0.8767,-0.5274,47.1781,61.0016,251.2338,
112053615600,95.5617,-0.0323,0.8767,-0.5275,47.1644,61.0154,251.2296,
112067413800,95.5754,-0.0324,0.8767,-0.5276,47.1490,61.0305,251.2267,
112081548100,95.5896,-0.0324,0.8768,-0.5276,47.1127,61.0522,251.2480,
112095165200,95.6034,-0.0325,0.8769,-0.5276,47.0728,61.0756,251.2726,
112109841600,95.6178,-0.0325,0.8770,-0.5277,47.0228,61.1045,251.3049,
112123222300,95.6313,-0.0328,0.8768,-0.5277,47.0213,61.1132,251.2780,
112137109100,95.6452,-0.0333,0.8765,-0.5276,47.0207,61.1219,251.2491,
112150836600,95.6590,-0.0334,0.8764,-0.5275,47.0146,61.1114,251.1938,
112165019800,95.6730,-0.0336,0.8763,-0.5275,47.0059,61.0937,251.1074,
112178898500,95.6869,-0.0335,0.8763,-0.5275,46.9955,61.0837,251.0915,
112192614400,95.7008,-0.0335,0.8763,-0.5275,46.9849,61.0725,251.0763,
112206991500,95.7150,-0.0334,0.8763,-0.5276,46.9739,61.0600,251.0619,
112220962800,95.7288,-0.0334,0.8762,-0.5276,46.9321,61.0504,251.0968,
112234667300,95.7429,-0.0334,0.8761,-0.5277,46.8566,61.0326,251.1641,
112248416200,95.7565,-0.0336,0.8760,-0.5278,46.7974,61.0471,251.2483,
112262747200,95.7707,-0.0338,0.8760,-0.5280,46.7297,61.0650,251.3502,
112276244500,95.7844,-0.0340,0.8760,-0.5280,46.6011,61.0806,251.4231,
112290612400,95.7987,-0.0341,0.8760,-0.5279,46.4548,61.0988,251.5069,
112304192200,95.8122,-0.0343,0.8759,-0.5279,46.2965,61.1188,251.5982,
112318405500,95.8264,-0.0342,0.8758,-0.5280,46.2794,61.1115,251.6640,
112331651700,95.8398,-0.0340,0.8757,-0.5282,46.2667,61.1051,251.7211,
112346126700,95.8541,-0.0338,0.8755,-0.5283,46.2551,61.0981,251.7821,
112359945100,95.8680,-0.0338,0.8753,-0.5282,46.2307,61.1209,251.8248,
112373670400,95.8819,-0.0338,0.8751,-0.5281,46.2070,61.1442,251.8674,
112387788000,95.8958,-0.0339,0.8748,-0.5281,46.1959,61.1611,251.8883,
112401557500,95.9096,-0.0340,0.8745,-0.5281,46.1853,61.1789,251.9092,
112415682700,95.9239,-0.0336,0.8738,-0.5273,46.1413,61.1670,251.8936,
112429414200,95.9374,-0.0332,0.8730,-0.5264,46.0945,61.1531,251.8746,
112443435400,95.9514,-0.0328,0.8723,-0.5255,46.0197,61.1293,251.8409,
112457588800,95.9656,-0.0332,0.8719,-0.5259,46.0309,61.1039,251.8235,
112471198000,95.9794,-0.0337,0.8714,-0.5264,46.0451,61.0760,251.8037,
112485050300,95.9931,-0.0340,0.8705,-0.5269,46.0426,61.0360,251.7790,
112499170400,96.0071,-0.0344,0.8696,-0.5274,46.0411,60.9928,251.7516,
112512631500,96.0208,-0.0343,0.8693,-0.5279,46.0405,60.9830,251.7670,
112527242900,96.0352,-0.0342,0.8690,-0.5283,46.0407,60.9739,251.7845,
112541108200,96.0491,-0.0341,0.8687,-0.5287,46.0418,60.9654,251.8040,
112554756600,96.0629,-0.0340,0.8688,-0.5288,45.9690,61.0136,251.8367,
112569026500,96.0770,-0.0339,0.8688,-0.5289,45.7463,61.1653,251.9367,
112582759400,96.0908,-0.0339,0.8688,-0.5287,45.6384,61.2859,251.8708,
112596830500,96.1049,-0.0339,0.8688,-0.5286,45.5148,61.4311,251.7892,
112610646300,96.1187,-0.0341,0.8686,-0.5285,45.4702,61.6604,251.7542,
112624689800,96.1327,-0.0342,0.8685,-0.5284,45.4285,61.9097,251.7150,
112638519200,96.1466,-0.0344,0.8683,-0.5283,45.3911,62.1712,251.6728,
112652643000,96.1608,-0.0348,0.8683,-0.5281,45.3231,62.3530,251.3577,
112666357800,96.1743,-0.0354,0.8681,-0.5278,45.2586,62.5442,251.0261,
112680559800,96.1885,-0.0357,0.8682,-0.5279,45.3303,62.4769,250.6910,
112694285000,96.2025,-0.0360,0.8682,-0.5279,45.3997,62.4146,250.3797,
112709701200,96.2177,-0.0360,0.8683,-0.5279,45.5718,62.2283,250.0554,
112723991800,96.2319,-0.0360,0.8684,-0.5279,45.7586,62.0260,249.7049,
112737176900,96.2452,-0.0360,0.8684,-0.5280,45.9580,61.8092,249.3313,
112750920300,96.2591,-0.0357,0.8684,-0.5278,46.1197,61.3291,248.6134,
112764518900,96.2725,-0.0349,0.8684,-0.5274,46.2870,60.8249,247.8616,
112778172700,96.2861,-0.0338,0.8686,-0.5275,46.1553,60.4132,247.4457,
112791845600,96.3000,-0.0326,0.8688,-0.5277,46.0320,60.0238,247.0508,
112805251000,96.3133,-0.0314,0.8689,-0.5278,45.9083,59.6310,246.6510,
112819862000,96.3279,-0.0310,0.8687,-0.5276,45.5271,59.1939,246.1748,
112833436600,96.3416,-0.0306,0.8684,-0.5275,45.1239,58.7340,245.6721,
112846791700,96.3548,-0.0303,0.8679,-0.5268,44.8151,58.1956,245.0562,
112860919900,96.3689,-0.0299,0.8673,-0.5260,44.5183,57.6861,244.4720,
112874936000,96.3831,-0.0300,0.8665,-0.5260,44.3463,57.6383,244.3327,
112888969500,96.3969,-0.0301,0.8657,-0.5259,44.2037,57.5943,244.2130,
112902816200,96.4109,-0.0302,0.8649,-0.5258,44.0666,57.5487,244.0945,
112916646200,96.4247,-0.0308,0.8637,-0.5258,43.9998,57.6601,243.9663,
112930285000,96.4385,-0.0313,0.8624,-0.5257,43.9164,57.7932,243.8039,
112944529200,96.4525,-0.0318,0.8610,-0.5257,43.9874,58.1197,243.6875,
112958356300,96.4664,-0.0323,0.8598,-0.5256,44.0680,58.4831,243.5540,
112971902300,96.4800,-0.0327,0.8586,-0.5256,44.1511,58.8506,243.4155,
112986119500,96.4942,-0.0341,0.8577,-0.5251,44.3741,59.0186,243.1866,
113000163700,96.5081,-0.0354,0.8567,-0.5246,44.5875,59.1799,242.9655,
113013637500,96.5218,-0.0361,0.8565,-0.5251,44.6792,59.4480,243.0990,
113027715800,96.5358,-0.0366,0.8563,-0.5255,44.7632,59.6940,243.2188,
113041875100,96.5499,-0.0372,0.8561,-0.5259,44.8492,59.9459,243.3391,
113055818900,96.5640,-0.0379,0.8558,-0.5263,44.8954,59.9480,243.3303,
113069528800,96.5776,-0.0386,0.8555,-0.5266,44.9281,59.9501,243.3237,
113083681700,96.5917,-0.0391,0.8559,-0.5273,45.0810,60.0435,243.4127,
113097217900,96.6053,-0.0396,0.8563,-0.5280,45.3035,60.1829,243.5439,
113112246300,96.6204,-0.0399,0.8575,-0.5287,45.8059,60.7128,243.8444,
113125705400,96.6337,-0.0402,0.8586,-0.5295,46.3529,61.3093,244.1848,
113139155200,96.6472,-0.0406,0.8597,-0.5302,46.8736,61.8961,244.5222,
113152985700,96.6612,-0.0405,0.8600,-0.5300,46.9666,62.1209,244.8658,
113167049500,96.6750,-0.0404,0.8603,-0.5299,47.0468,62.3129,245.1488,
113180955100,96.6890,-0.0403,0.8605,-0.5295,47.0175,62.4062,245.4192,
113194592900,96.7028,-0.0401,0.8609,-0.5291,46.9869,62.5200,245.7342,
113208721700,96.7167,-0.0400,0.8609,-0.5287,46.8847,62.5569,246.0710,
113222641800,96.7306,-0.0400,0.8610,-0.5283,46.7749,62.6006,246.4415,
113236499100,96.7445,-0.0399,0.8610,-0.5279,46.6646,62.6481,246.8210,
113250624400,96.7588,-0.0399,0.8610,-0.5276,46.5577,62.6972,247.1953,
113264747100,96.7728,-0.0397,0.8610,-0.5276,46.4473,62.6277,247.4198,
113278334300,96.7863,-0.0396,0.8610,-0.5274,46.2481,62.2891,247.3888,
113292375800,96.8006,-0.0395,0.8609,-0.5273,46.0376,61.9342,247.3602,
113306112200,96.8142,-0.0394,0.8609,-0.5271,45.8234,61.5762,247.3351,
113320322900,96.8284,-0.0392,0.8611,-0.5273,45.7947,61.4544,247.4099,
113333870700,96.8420,-0.0390,0.8613,-0.5275,45.7689,61.3487,247.4746,
113347892000,96.8559,-0.0389,0.8614,-0.5275,45.7364,61.2305,247.3823,
113361940900,96.8699,-0.0388,0.8615,-0.5275,45.7027,61.1104,247.2885,
113375544400,96.8837,-0.0387,0.8616,-0.5274,45.6554,60.9684,247.1446,
113389633600,96.8976,-0.0386,0.8616,-0.5273,45.5955,60.7923,246.9655,
113403588100,96.9116,-0.0386,0.8616,-0.5272,45.5250,60.5889,246.7576,
113417381500,96.9254,-0.0386,0.8620,-0.5273,45.4741,60.5332,246.7894,
113431327800,96.9395,-0.0385,0.8626,-0.5275,45.4149,60.4707,246.8298,
113445455100,96.9534,-0.0386,0.8634,-0.5279,45.3409,60.3952,246.8837,
113459355700,96.9674,-0.0385,0.8635,-0.5279,45.2409,60.3131,246.8712,
113473182000,96.9814,-0.0384,0.8635,-0.5279,45.1346,60.2282,246.8597,
113487388500,96.9953,-0.0383,0.8635,-0.5278,45.1214,60.2124,246.8539,
113501163400,97.0091,-0.0381,0.8635,-0.5278,45.1081,60.1968,246.8481,
113514982400,97.0232,-0.0381,0.8635,-0.5279,45.1085,60.2169,246.8782,
113528948100,97.0370,-0.0381,0.8635,-0.5280,45.1100,60.2405,246.9117,
113542844600,97.0508,-0.0381,0.8637,-0.5280,45.1251,60.2556,246.9479,
113557142000,97.0651,-0.0381,0.8639,-0.5280,45.1426,60.2728,246.9874,
113570653800,97.0789,-0.0381,0.8642,-0.5281,45.1625,60.2921,247.0300,
113584805800,97.0929,-0.0381,0.8643,-0.5282,45.2047,60.3982,247.1530,
113598878800,97.1069,-0.0382,0.8645,-0.5283,45.2727,60.5696,247.3484,
113612533500,97.1207,-0.0382,0.8647,-0.5284,45.3441,60.6716,247.4416,
113626478900,97.1345,-0.0382,0.8649,-0.5286,45.4178,60.7755,247.5338,
113640883500,97.1489,-0.0382,0.8650,-0.5288,45.4971,60.8863,247.6298,
113654020700,97.1622,-0.0380,0.8650,-0.5288,45.4799,60.9092,247.6725,
113668250400,97.1762,-0.0378,0.8649,-0.5287,45.4605,60.9327,247.7167,
113682339500,97.1904,-0.0377,0.8649,-0.5288,45.4508,60.9425,247.7268,
113696147000,97.2044,-0.0376,0.8650,-0.5288,45.4403,60.9515,247.7350,
113710025100,97.2181,-0.0376,0.8650,-0.5289,45.4047,60.9142,247.7392,
113724078200,97.2321,-0.0375,0.8650,-0.5290,45.3499,60.8540,247.7425,
113737793400,97.2459,-0.0375,0.8651,-0.5291,45.2577,60.7489,247.7434,
113751669200,97.2599,-0.0374,0.8651,-0.5293,45.2029,60.8041,247.8307,
113765668500,97.2737,-0.0374,0.8651,-0.5295,45.1409,60.8671,247.9285,
113779701700,97.2877,-0.0375,0.8650,-0.5296,45.1085,60.8862,247.9295,
113793370600,97.3016,-0.0376,0.8650,-0.5297,45.0744,60.9061,247.9280,
113807516800,97.3155,-0.0377,0.8650,-0.5297,45.0359,60.9283,247.9240,
113821219300,97.3293,-0.0379,0.8653,-0.5300,44.9732,61.0487,247.9973,
113835236400,97.3434,-0.0382,0.8658,-0.5305,44.8893,61.2146,248.0960,
113849049500,97.3571,-0.0384,0.8658,-0.5305,44.8313,61.1703,248.0356,
113863510900,97.3715,-0.0386,0.8658,-0.5304,44.7607,61.1104,247.9556,
113877179200,97.3852,-0.0387,0.8659,-0.5307,44.7564,61.1117,247.9384,
113890861200,97.3990,-0.0389,0.8660,-0.5311,44.7542,61.1124,247.9192,
113904903400,97.4129,-0.0392,0.8661,-0.5317,44.7541,61.1125,247.8980,
113919056000,97.4271,-0.0390,0.8660,-0.5318,44.7801,61.0909,247.8878,
113932544600,97.4408,-0.0389,0.8659,-0.5320,44.8103,61.0669,247.8769,
113946553400,97.4546,-0.0388,0.8662,-0.5322,44.8072,61.0998,247.9122,
113960342200,97.4684,-0.0387,0.8666,-0.5325,44.8044,61.1362,247.9514,
113974581500,97.4828,-0.0385,0.8672,-0.5328,44.8018,61.1760,247.9945,
113988578300,97.4966,-0.0385,0.8673,-0.5326,44.7835,61.1611,248.0062,
114002507400,97.5105,-0.0384,0.8674,-0.5324,44.7641,61.1442,248.0184,
114015962800,97.5242,-0.0383,0.8674,-0.5323,44.7341,61.1594,248.0729,
114030475800,97.5385,-0.0381,0.8675,-0.5321,44.6762,61.1893,248.1797,
114044821200,97.5528,-0.0381,0.8674,-0.5322,44.6764,61.2690,248.4188,
114058207700,97.5662,-0.0381,0.8674,-0.5323,44.6810,61.3707,248.7215,
114071964100,97.5801,-0.0380,0.8673,-0.5324,44.6902,61.4844,249.0574,
114086017400,97.5941,-0.0379,0.8672,-0.5324,44.6864,61.4531,249.2230,
114100403200,97.6085,-0.0378,0.8672,-0.5324,44.6856,61.4219,249.3795,
114113980500,97.6221,-0.0377,0.8675,-0.5323,44.7388,61.5234,249.6438,
114128104100,97.6362,-0.0375,0.8679,-0.5322,44.7984,61.6335,249.9250,
114141791000,97.6498,-0.0366,0.8690,-0.5323,44.9515,61.7717,250.4637,
114155968300,97.6642,-0.0355,0.8701,-0.5324,45.1207,61.9242,251.0471,
114169741400,97.6777,-0.0345,0.8712,-0.5325,45.2894,62.0764,251.6193,
114183594100,97.6917,-0.0344,0.8716,-0.5323,45.3061,62.0316,252.0760,
114197465500,97.7055,-0.0342,0.8720,-0.5322,45.3267,61.9913,252.5105,
114211182600,97.7194,-0.0341,0.8721,-0.5323,45.4344,61.9292,252.9426,
114225356300,97.7333,-0.0340,0.8722,-0.5323,45.5411,61.8721,253.3611,
114239232700,97.7473,-0.0339,0.8723,-0.5324,45.6458,61.8196,253.7644,
114252959900,97.7612,-0.0338,0.8723,-0.5324,45.4549,61.7810,253.9756,
114267321000,97.7754,-0.0337,0.8724,-0.5324,45.2770,61.7431,254.1862,
114280786200,97.7888,-0.0336,0.8725,-0.5325,45.2180,61.6765,254.1920,
114294671300,97.8029,-0.0335,0.8727,-0.5325,45.1739,61.6248,254.1998,
114308532600,97.8166,-0.0335,0.8728,-0.5326,45.1327,61.5750,254.2099,
114322507200,97.8306,-0.0332,0.8730,-0.5326,44.9840,61.4430,254.2143,
114336741400,97.8447,-0.0329,0.8733,-0.5327,44.7973,61.2762,254.2244,
114350163900,97.8584,-0.0322,0.8736,-0.5329,44.7351,61.1512,254.1736,
114364300000,97.8724,-0.0315,0.8739,-0.5332,44.6824,61.0421,254.1305,
114378491700,97.8866,-0.0311,0.8741,-0.5338,44.6636,61.0401,254.1404,
114392536300,97.9007,-0.0307,0.8742,-0.5344,44.6436,61.0394,254.1528,
114406826000,97.9149,-0.0303,0.8743,-0.5350,44.6238,61.0400,254.1667,
114420720100,97.9288,-0.0303,0.8744,-0.5353,44.6418,61.0812,254.1616,
114434301000,97.9425,-0.0303,0.8744,-0.5355,44.6628,61.1272,254.1565,
114448753600,97.9568,-0.0303,0.8745,-0.5354,44.7079,61.1810,254.1712,
114462815000,97.9709,-0.0302,0.8746,-0.5354,44.7862,61.2727,254.1974,
114476111800,97.9843,-0.0301,0.8748,-0.5353,44.8915,61.3941,254.2337,
114490404900,97.9985,-0.0302,0.8754,-0.5354,45.0120,61.5256,254.3549,
114504087300,98.0121,-0.0304,0.8764,-0.5354,45.1498,61.6751,254.4953,
114518145900,98.0262,-0.0309,0.8774,-0.5358,45.3399,62.0325,255.0179,
114531788600,98.0400,-0.0314,0.8783,-0.5362,45.5600,62.4566,255.6426,
114545737000,98.0538,-0.0316,0.8787,-0.5363,45.6415,62.7475,256.2573,
114559826200,98.0678,-0.0318,0.8790,-0.5363,45.7166,63.0293,256.8599,
114573493700,98.0817,-0.0319,0.8793,-0.5364,45.7847,63.2985,257.4419,
114587710200,98.0957,-0.0318,0.8800,-0.5364,45.6671,63.6612,258.2953,
114601537700,98.1096,-0.0316,0.8809,-0.5365,45.5475,64.0161,259.1418,
114615386900,98.1236,-0.0317,0.8811,-0.5364,45.5397,64.0756,259.4596,
114629375900,98.1375,-0.0318,0.8813,-0.5364,45.5320,64.1284,259.7334,
114643262400,98.1513,-0.0318,0.8817,-0.5364,45.4337,64.0798,259.8394,
114657220600,98.1653,-0.0318,0.8822,-0.5364,45.3357,64.0335,259.9508,
114671062300,98.1792,-0.0319,0.8828,-0.5365,45.2296,63.9851,260.0764,
114685021300,98.1931,-0.0320,0.8832,-0.5364,45.1941,63.9003,260.0242,
114699033600,98.2071,-0.0321,0.8835,-0.5363,45.1616,63.8236,259.9786,
114713009200,98.2212,-0.0322,0.8837,-0.5365,45.1417,63.7805,259.9779,
114726969900,98.2350,-0.0324,0.8840,-0.5367,45.1199,63.7341,259.9794,
114740810300,98.2489,-0.0323,0.8841,-0.5368,45.1271,63.6993,259.9655,
114755085200,98.2633,-0.0323,0.8843,-0.5368,45.1361,63.6632,259.9514,
114769079600,98.2772,-0.0323,0.8844,-0.5369,45.1466,63.6258,259.9371,
114782613400,98.2906,-0.0322,0.8847,-0.5366,45.1742,63.5508,259.8962,
114796866100,98.3050,-0.0321,0.8851,-0.5360,45.2212,63.4288,259.8295,
114810326700,98.3185,-0.0319,0.8856,-0.5354,45.2827,63.2749,259.7450,
114824468100,98.3326,-0.0318,0.8862,-0.5353,45.3822,63.2699,259.7538,
114838538400,98.3466,-0.0318,0.8868,-0.5353,45.5061,63.2689,259.7677,
114851942300,98.3602,-0.0318,0.8869,-0.5352,45.5876,63.2562,259.7313,
114866310800,98.3744,-0.0319,0.8871,-0.5351,45.6732,63.2462,259.6938,
114880457400,98.3885,-0.0319,0.8872,-0.5350,45.6825,63.2207,259.6519,
114893961200,98.4021,-0.0319,0.8873,-0.5348,45.6908,63.1943,259.6072,
114907771100,98.4159,-0.0319,0.8874,-0.5346,45.6983,63.1671,259.5594,
114921777300,98.4299,-0.0322,0.8876,-0.5346,45.7134,63.1108,259.4280,
114935428800,98.4437,-0.0327,0.8879,-0.5347,45.7330,63.0287,259.2313,
114949644300,98.4577,-0.0328,0.8878,-0.5347,45.8070,62.9101,259.0567,
114963486700,98.4715,-0.0329,0.8877,-0.5347,45.8853,62.7835,258.8707,
114977547600,98.4857,-0.0331,0.8876,-0.5348,45.9662,62.6516,258.6772,
114991171400,98.4994,-0.0331,0.8876,-0.5347,46.0713,62.5934,258.4731,
115005338100,98.5134,-0.0332,0.8877,-0.5346,46.1825,62.5343,258.2575,
115019370000,98.5275,-0.0334,0.8878,-0.5346,46.3551,62.5659,258.2305,
115032949400,98.5412,-0.0335,0.8880,-0.5346,46.5381,62.6041,258.2086,
115047060200,98.5551,-0.0337,0.8882,-0.5346,46.6651,62.7688,258.2392,
115061649000,98.5697,-0.0339,0.8884,-0.5345,46.7999,62.9538,258.2797,
115075136100,98.5834,-0.0342,0.8894,-0.5341,46.8145,63.0140,258.3024,
115089346100,98.5974,-0.0346,0.8906,-0.5336,46.8221,63.0528,258.3184,
115102985800,98.6111,-0.0350,0.8918,-0.5330,46.8288,63.0954,258.3371,
115116738300,98.6248,-0.0352,0.8921,-0.5329,46.8021,63.1070,258.3383,
115130398100,98.6386,-0.0354,0.8923,-0.5328,46.7715,63.1186,258.3400,
115144876500,98.6530,-0.0356,0.8925,-0.5327,46.7372,63.1303,258.3422,
115158469400,98.6666,-0.0356,0.8926,-0.5326,46.7375,63.1437,258.3251,
115172556900,98.6807,-0.0357,0.8928,-0.5326,46.7376,63.1572,258.3068,
115186363800,98.6945,-0.0359,0.8928,-0.5326,46.6906,63.1861,258.3214,
115200646800,98.7088,-0.0361,0.8929,-0.5327,46.6160,63.2303,258.3453,
115214019700,98.7223,-0.0361,0.8930,-0.5325,46.5573,63.2007,258.3411,
115228476500,98.7365,-0.0362,0.8930,-0.5324,46.4773,63.1570,258.3355,
115242023100,98.7501,-0.0363,0.8931,-0.5323,46.3736,63.0964,258.3286,
115255912600,98.7642,-0.0363,0.8931,-0.5322,46.1823,63.0891,258.3538,
115270016800,98.7781,-0.0364,0.8931,-0.5321,45.9610,63.0781,258.3838,
115283731300,98.7917,-0.0365,0.8930,-0.5322,45.9143,63.0916,258.4413,
115297597100,98.8057,-0.0367,0.8929,-0.5324,45.8819,63.1009,258.4839,
115311644200,98.8199,-0.0369,0.8927,-0.5326,45.8316,63.0748,258.4463,
115325404200,98.8335,-0.0372,0.8924,-0.5328,45.7622,63.0365,258.3910,
115339657300,98.8477,-0.0375,0.8921,-0.5330,45.6731,62.9847,258.3162,
115353313500,98.8615,-0.0378,0.8920,-0.5332,45.7057,62.9799,258.2950,
115367305600,98.8754,-0.0381,0.8919,-0.5335,45.7432,62.9747,258.2718,
115381581900,98.8897,-0.0385,0.8920,-0.5336,45.8154,62.9950,258.1366,
115395928300,98.9041,-0.0390,0.8922,-0.5337,45.9458,63.0311,257.8978,
115409629100,98.9177,-0.0396,0.8925,-0.5338,46.2040,63.1563,257.6893,
115423311500,98.9314,-0.0402,0.8928,-0.5340,46.4840,63.2914,257.4703,
115437310500,98.9454,-0.0409,0.8931,-0.5342,46.7652,63.4263,257.2568,
115451422900,98.9596,-0.0408,0.8931,-0.5340,46.9370,63.5551,257.2655,
115465227300,98.9733,-0.0408,0.8931,-0.5339,47.0877,63.6679,257.2745,
115479427400,98.9875,-0.0409,0.8932,-0.5338,47.1738,63.7230,257.2719,
115492849000,99.0011,-0.0410,0.8933,-0.5337,47.2519,63.7728,257.2701,
115507366400,99.0154,-0.0410,0.8935,-0.5336,47.3317,63.8236,257.2688,
115521165300,99.0293,-0.0409,0.8937,-0.5335,47.3479,63.8701,257.3212,
115534890900,99.0431,-0.0406,0.8940,-0.5335,47.3654,63.9207,257.3787,
115549011600,99.0571,-0.0405,0.8943,-0.5334,47.3391,63.9519,257.4264,
115562987700,99.0710,-0.0404,0.8945,-0.5334,47.3097,63.9845,257.4772,
115576505500,99.0846,-0.0404,0.8944,-0.5334,47.2747,63.9983,257.5067,
115591004000,99.0992,-0.0404,0.8942,-0.5334,47.2330,64.0127,257.5395,
115604893400,99.1129,-0.0404,0.8941,-0.5334,47.1749,64.0301,257.5822,
115618775800,99.1268,-0.0404,0.8940,-0.5335,47.0967,63.9828,257.5852,
115632467100,99.1407,-0.0403,0.8938,-0.5335,46.9960,63.9172,257.5843,
115646183700,99.1543,-0.0406,0.8937,-0.5337,46.9437,63.8969,257.6311,
115660430500,99.1685,-0.0409,0.8936,-0.5341,46.8926,63.8747,257.6765,
115674349300,99.1825,-0.0412,0.8935,-0.5344,46.8772,63.8356,257.6422,
115688085800,99.1961,-0.0414,0.8935,-0.5346,46.8623,63.7921,257.6023,
115702116800,99.2102,-0.0417,0.8934,-0.5349,46.8479,63.7445,257.5570,
115715603900,99.2239,-0.0417,0.8933,-0.5349,46.8364,63.7211,257.5162,
115730040700,99.2380,-0.0417,0.8933,-0.5349,46.8255,63.6964,257.4713,
115743511000,99.2516,-0.0416,0.8934,-0.5348,46.8201,63.5940,257.3091,
115757759200,99.2658,-0.0415,0.8935,-0.5348,46.8152,63.4295,257.0449,
115771238400,99.2795,-0.0414,0.8936,-0.5347,46.8129,63.2276,256.7172,
115785375900,99.2934,-0.0413,0.8937,-0.5347,46.7621,63.1669,256.4979,
115799239800,99.3073,-0.0411,0.8938,-0.5346,46.7128,63.1087,256.2755,
115813124000,99.3214,-0.0411,0.8937,-0.5345,46.6852,63.0964,256.0433,
115827182600,99.3352,-0.0410,0.8935,-0.5345,46.6590,63.0876,255.7996,
115841454900,99.3495,-0.0409,0.8937,-0.5342,46.6209,62.9658,255.5675,
115854812400,99.3631,-0.0405,0.8940,-0.5336,46.5857,62.8488,255.3456,
115868879000,99.3770,-0.0401,0.8943,-0.5330,46.5513,62.7315,255.1238,
115883122500,99.3912,-0.0399,0.8945,-0.5329,46.5517,62.7041,255.1047,
115896973100,99.4050,-0.0398,0.8946,-0.5328,46.5528,62.6750,255.0856,
115910473500,99.4187,-0.0397,0.8944,-0.5328,46.5414,62.6443,255.0453,
115924553900,99.4326,-0.0396,0.8943,-0.5328,46.5294,62.6121,255.0028,
115938451500,99.4465,-0.0394,0.8942,-0.5328,46.5166,62.5782,254.9583,
115952389200,99.4605,-0.0394,0.8939,-0.5327,46.4533,62.4698,254.7519,
115967027700,99.4751,-0.0393,0.8933,-0.5325,46.3577,62.3100,254.4438,
115980347400,99.4884,-0.0392,0.8932,-0.5324,46.1637,62.3440,254.1309,
115994549200,99.5028,-0.0390,0.8931,-0.5323,45.9481,62.3936,253.7918,
116008808400,99.5168,-0.0391,0.8928,-0.5323,45.7078,62.2806,253.2896,
116022386500,99.5304,-0.0392,0.8923,-0.5324,45.4749,62.1802,252.8112,
116036014000,99.5442,-0.0394,0.8917,-0.5324,45.2560,62.0935,252.3685,
116050165400,99.5582,-0.0394,0.8916,-0.5324,45.1012,61.9992,252.0978,
116064222600,99.5722,-0.0394,0.8915,-0.5325,44.9639,61.9198,251.8606,
116078049900,99.5861,-0.0394,0.8913,-0.5326,44.8586,61.9255,251.7557,
116091897200,99.6001,-0.0393,0.8911,-0.5326,44.7606,61.9325,251.6588,
116105608600,99.6137,-0.0393,0.8910,-0.5327,44.6609,61.9411,251.5609,
116119999900,99.6280,-0.0393,0.8907,-0.5327,44.6425,61.9278,251.5557,
116133720400,99.6420,-0.0392,0.8904,-0.5326,44.6225,61.9137,251.5503,
116147392500,99.6555,-0.0392,0.8904,-0.5327,44.6234,61.8961,251.5315,
116161769400,99.6698,-0.0392,0.8905,-0.5327,44.6249,61.8774,251.5112,
116175430100,99.6836,-0.0393,0.8905,-0.5328,44.6271,61.8576,251.4895,
116189638400,99.6977,-0.0392,0.8905,-0.5327,44.6064,61.7248,251.3766,
116203094600,99.7112,-0.0392,0.8905,-0.5326,44.5613,61.4356,251.1304,
116217488900,99.7256,-0.0392,0.8905,-0.5327,44.5467,60.8652,250.7620,
116231123000,99.7393,-0.0392,0.8906,-0.5327,44.5297,60.2255,250.3512,
116244955700,99.7530,-0.0394,0.8904,-0.5327,44.5687,58.8726,249.0237,
116259278000,99.7673,-0.0396,0.8903,-0.5327,44.5891,57.5397,247.7135,
116272636300,99.7808,-0.0398,0.8902,-0.5328,44.5922,56.3559,246.5479,
116286764400,99.7948,-0.0397,0.8901,-0.5334,44.5831,56.3914,246.6204,
116300516200,99.8086,-0.0396,0.8901,-0.5344,44.5803,56.3967,246.6382,
116314276800,99.8225,-0.0395,0.8901,-0.5348,44.5869,56.4145,246.6652,
116328387100,99.8365,-0.0395,0.8901,-0.5350,44.5944,56.4286,246.6890,
116342382400,99.8504,-0.0396,0.8901,-0.5351,44.6104,56.4541,246.7206,
116356419900,99.8645,-0.0398,0.8900,-0.5351,44.6280,56.4777,246.7504,
116369987700,99.8782,-0.0400,0.8900,-0.5352,44.6471,56.4996,246.7785,
116384091500,99.8922,-0.0402,0.8901,-0.5352,44.6517,56.5665,246.8119,
116398433300,99.9064,-0.0405,0.8903,-0.5352,44.6572,56.6520,246.8517,
116411793200,99.9200,-0.0406,0.8904,-0.5352,44.6092,56.6942,246.8920,
116425802000,99.9339,-0.0409,0.8906,-0.5351,44.5224,56.7617,246.9570,
116439753100,99.9478,-0.0411,0.8908,-0.5350,44.3980,56.8480,247.0410,
116453593600,99.9617,-0.0418,0.8911,-0.5351,44.3886,56.8339,247.0488,
116467650800,99.9757,-0.0426,0.8914,-0.5352,44.3788,56.8150,247.0540,
116481521500,99.9896,-0.0426,0.8913,-0.5353,44.3415,56.8204,247.1183,
116495329500,100.0035,-0.0426,0.8912,-0.5354,44.2714,56.8257,247.2356,
116509554300,100.0175,-0.0426,0.8910,-0.5355,44.1808,56.8270,247.3834,
116523321700,100.0314,-0.0425,0.8911,-0.5356,43.7705,56.8323,248.0515,
116537332500,100.0454,-0.0424,0.8911,-0.5357,43.3225,56.8204,248.7690,
116551055900,100.0593,-0.0424,0.8910,-0.5357,42.9752,57.0085,249.4919,
116565665100,100.0736,-0.0424,0.8909,-0.5357,42.6696,57.1590,250.1148,
116579288700,100.0874,-0.0425,0.8908,-0.5358,42.4891,56.9893,250.3674,
116592753300,100.1010,-0.0426,0.8907,-0.5360,42.3266,56.8372,250.5953,
116606901800,100.1149,-0.0426,0.8905,-0.5360,42.2246,56.6922,250.5272,
116621102200,100.1291,-0.0426,0.8904,-0.5360,42.1370,56.5697,250.4731,
116634479400,100.1427,-0.0426,0.8903,-0.5360,42.0444,56.4420,250.4197,
116648930900,100.1570,-0.0424,0.8903,-0.5362,42.0316,56.4414,250.4129,
116662604700,100.1707,-0.0422,0.8903,-0.5364,42.0172,56.4407,250.4063,
116676465500,100.1845,-0.0422,0.8904,-0.5365,42.0109,56.4614,250.4070,
116690610900,100.1988,-0.0422,0.8904,-0.5366,42.0041,56.4844,250.4086,
116705064600,100.2131,-0.0421,0.8904,-0.5367,41.9970,56.5095,250.4111,
116718652900,100.2267,-0.0424,0.8905,-0.5367,41.9887,56.5110,250.3338,
116732203400,100.2403,-0.0427,0.8906,-0.5366,41.9703,56.5133,250.1557,
116747442000,100.2554,-0.0431,0.8908,-0.5365,42.0873,56.5633,249.9049,
116760095600,100.2681,-0.0437,0.8910,-0.5364,42.2292,56.6206,249.6120,
116773791900,100.2820,-0.0442,0.8913,-0.5362,42.3809,56.6787,249.3092,
116787819700,100.2958,-0.0444,0.8916,-0.5363,42.6158,56.7502,248.8395,
116801774300,100.3098,-0.0445,0.8918,-0.5363,42.8525,56.8179,248.3755,
116815453100,100.3237,-0.0444,0.8919,-0.5363,43.0586,56.9565,248.4279,
116829517900,100.3376,-0.0443,0.8920,-0.5364,43.2353,57.0741,248.4719,
116843594100,100.3516,-0.0441,0.8922,-0.5362,43.2283,57.0457,248.4805,
116857496000,100.3655,-0.0438,0.8925,-0.5360,43.2206,57.0141,248.4897,
116871369800,100.3795,-0.0434,0.8928,-0.5357,43.2123,56.9793,248.4993,
116885631500,100.3937,-0.0429,0.8934,-0.5356,43.1598,56.8320,248.7732,
116899208400,100.4072,-0.0425,0.8939,-0.5355,43.0849,56.6180,249.1730,
116913164900,100.4214,-0.0422,0.8940,-0.5355,42.8014,56.5876,249.7967,
116927224300,100.4353,-0.0420,0.8940,-0.5355,42.5249,56.5568,250.4024,
116940946400,100.4490,-0.0422,0.8939,-0.5356,42.3531,56.3099,250.2421,
116954783500,100.4629,-0.0424,0.8939,-0.5356,42.2082,56.1057,250.1116,
116968807100,100.4769,-0.0426,0.8938,-0.5356,42.0567,55.8960,249.9794,
116982781800,100.4908,-0.0431,0.8937,-0.5356,42.0926,55.4072,249.4287,
116996607300,100.5047,-0.0439,0.8936,-0.5356,42.1324,54.7706,248.7131,
117010794200,100.5190,-0.0448,0.8935,-0.5356,42.1670,54.0894,247.9489,
117024499300,100.5326,-0.0455,0.8939,-0.5361,42.2999,53.9214,247.2179,
117038447700,100.5465,-0.0462,0.8944,-0.5367,42.4292,53.7379,246.4768,
117052226900,100.5605,-0.0473,0.8949,-0.5372,43.1382,52.9368,243.8966,
117066355200,100.5744,-0.0484,0.8953,-0.5377,43.7354,52.1709,241.5740,
117080580300,100.5886,-0.0484,0.8957,-0.5377,43.8747,52.0325,241.1595,
117094761600,100.6030,-0.0485,0.8961,-0.5378,43.9807,51.9117,240.8144,
117108303100,100.6164,-0.0487,0.8961,-0.5378,44.5235,51.3714,238.0329,
117122070400,100.6301,-0.0489,0.8961,-0.5379,45.0219,50.7945,235.3559,
117135814900,100.6440,-0.0492,0.8961,-0.5379,45.4255,50.2613,233.0819,
117149830800,100.6579,-0.0491,0.8961,-0.5379,45.3709,50.9274,233.8288,
117164003700,100.6721,-0.0490,0.8961,-0.5380,45.3378,51.4658,234.3646,
117177891300,100.6859,-0.0488,0.8961,-0.5381,45.3796,52.5424,235.7507,
117191652200,100.6998,-0.0487,0.8960,-0.5381,45.4342,53.6731,237.1148,
117205454200,100.7135,-0.0486,0.8960,-0.5382,45.4933,54.6553,238.2189,
117219491000,100.7276,-0.0485,0.8958,-0.5381,45.1459,55.9840,240.5668,
117233335200,100.7415,-0.0483,0.8956,-0.5379,44.8479,57.1136,242.4905,
117247405000,100.7555,-0.0481,0.8956,-0.5379,44.4661,58.1738,244.3516,
117261247900,100.7693,-0.0479,0.8956,-0.5378,44.1572,59.0409,245.8221,
117274923200,100.7831,-0.0477,0.8956,-0.5378,43.9013,59.7711,247.0207,
117289358100,100.7973,-0.0478,0.8955,-0.5377,43.7428,59.7567,247.0891,
117303164100,100.8112,-0.0480,0.8954,-0.5376,43.6367,59.7780,247.1697,
117317171400,100.8253,-0.0481,0.8955,-0.5378,43.5569,60.1138,247.5277,
117330649800,100.8389,-0.0483,0.8955,-0.5381,43.4523,60.5534,248.0009,
117344923500,100.8529,-0.0484,0.8955,-0.5380,43.3286,60.7194,248.3038,
117358682200,100.8668,-0.0486,0.8956,-0.5380,43.1997,60.9054,248.6328,
117372618000,100.8808,-0.0488,0.8956,-0.5380,43.0604,61.1170,248.9987,
117386470800,100.8945,-0.0493,0.8956,-0.5376,43.0666,61.0784,248.9561,
117400736600,100.9087,-0.0501,0.8956,-0.5371,43.0726,61.0400,248.9144,
117414230200,100.9224,-0.0502,0.8958,-0.5371,43.1391,61.0328,248.9046,
117428494200,100.9365,-0.0503,0.8959,-0.5371,43.2815,61.0252,248.8930,
117442189600,100.9502,-0.0503,0.8960,-0.5372,43.9238,61.0651,248.9245,
117456205500,100.9644,-0.0503,0.8961,-0.5373,44.6817,61.1340,248.9879,
117470741300,100.9788,-0.0503,0.8962,-0.5374,45.4151,61.2219,249.0745,
117484376200,100.9924,-0.0502,0.8962,-0.5374,45.7046,60.9698,249.0250,
117498349200,101.0064,-0.0500,0.8963,-0.5374,45.9560,60.7683,248.9951,
117511756700,101.0199,-0.0500,0.8964,-0.5374,46.0804,60.6769,248.9599,
117525663800,101.0337,-0.0499,0.8965,-0.5374,46.1893,60.6047,248.9358,
117540075600,101.0481,-0.0499,0.8966,-0.5374,46.2977,60.5387,248.9171,
117553519800,101.0617,-0.0497,0.8966,-0.5374,46.3011,60.5225,248.9458,
117567601500,101.0756,-0.0495,0.8966,-0.5375,46.3052,60.5083,248.9752,
117581768000,101.0899,-0.0495,0.8968,-0.5376,46.2122,60.6911,249.4264,
117595157400,101.1034,-0.0495,0.8969,-0.5378,46.0709,60.9745,250.1149,
117609613100,101.1176,-0.0498,0.8971,-0.5378,46.0027,61.0717,250.3695,
117623551500,101.1315,-0.0504,0.8976,-0.5379,45.9461,61.1567,250.5850,
117637090400,101.1451,-0.0511,0.8980,-0.5381,45.8944,61.2378,250.7849,
117651408300,101.1596,-0.0515,0.8983,-0.5381,45.8952,61.2978,250.8656,
117665275600,101.1733,-0.0518,0.8986,-0.5381,45.8961,61.3437,250.9260,
117679054000,101.1870,-0.0518,0.8987,-0.5380,45.9250,61.3859,250.9727,
117692548000,101.2008,-0.0519,0.8988,-0.5379,45.9672,61.4468,251.0387,
117706647500,101.2147,-0.0519,0.8989,-0.5379,46.0261,61.5306,251.1284,
117720659100,101.2287,-0.0519,0.8991,-0.5379,46.1383,61.5692,251.2505,
117734745600,101.2429,-0.0519,0.8992,-0.5380,46.2805,61.6158,251.4018,
117748498200,101.2565,-0.0518,0.8994,-0.5379,46.3127,61.6712,251.5254,
117762390700,101.2705,-0.0517,0.8995,-0.5379,46.3407,61.7210,251.6370,
117776691100,101.2847,-0.0517,0.8996,-0.5379,46.3952,61.7447,251.7283,
117790363000,101.2985,-0.0516,0.8997,-0.5379,46.4534,61.7681,251.8236,
117804308000,101.3124,-0.0515,0.8998,-0.5380,46.5156,61.7915,251.9237,
117818385900,101.3264,-0.0514,0.8998,-0.5378,46.5288,61.8167,251.9557,
117831825300,101.3400,-0.0513,0.8997,-0.5377,46.5421,61.8431,251.9880,
117846029000,101.3540,-0.0513,0.8998,-0.5378,46.5339,61.8875,252.0591,
117859878300,101.3679,-0.0513,0.8999,-0.5378,46.5178,61.9610,252.1765,
117874203600,101.3824,-0.0513,0.9000,-0.5379,46.4936,62.0581,252.3310,
117888084700,101.3961,-0.0516,0.8999,-0.5378,46.4684,62.0401,252.3235,
117901966100,101.4100,-0.0519,0.8997,-0.5376,46.4404,62.0186,252.3122,
117915424600,101.4236,-0.0520,0.8996,-0.5376,46.4191,62.0119,252.3106,
117929846900,101.4379,-0.0521,0.8995,-0.5375,46.3960,62.0038,252.3067,
117943709800,101.4518,-0.0522,0.8996,-0.5375,46.3692,62.0025,252.3263,
117957430300,101.4654,-0.0522,0.8997,-0.5375,46.3406,62.0007,252.3462,
117971043200,101.4793,-0.0523,0.8998,-0.5376,46.3102,61.9984,252.3667,
117985364200,101.4934,-0.0523,0.8997,-0.5374,46.2671,61.9367,252.3261,
117999367100,101.5074,-0.0522,0.8997,-0.5373,46.1963,61.8321,252.2550,
118012904100,101.5211,-0.0521,0.8996,-0.5372,46.0435,61.7427,252.1990,
118026858500,101.5349,-0.0520,0.8995,-0.5370,45.8604,61.6366,252.1300,
118041023600,101.5490,-0.0518,0.8993,-0.5368,45.6626,61.5229,252.0536,
118054531600,101.5627,-0.0519,0.8991,-0.5367,45.4969,61.2483,251.8306,
118068963600,101.5769,-0.0521,0.8988,-0.5366,45.3241,60.9599,251.5939,
118083030800,101.5911,-0.0521,0.8986,-0.5366,44.8869,60.6564,251.5073,
118096597900,101.6046,-0.0521,0.8985,-0.5366,44.4249,60.3406,251.4204,
118110408200,101.6186,-0.0522,0.8984,-0.5367,44.0369,60.2092,251.5378,
118124531600,101.6325,-0.0522,0.8984,-0.5368,43.6770,60.0891,251.6492,
118138392500,101.6465,-0.0522,0.8984,-0.5369,43.3395,59.9779,251.7558,
118152119400,101.6603,-0.0523,0.8983,-0.5369,43.1373,59.8643,251.8997,
118166294700,101.6744,-0.0524,0.8982,-0.5369,42.9445,59.7576,252.0366,
118180413800,101.6884,-0.0525,0.8982,-0.5370,42.7510,59.6082,251.9031,
118193919600,101.7021,-0.0526,0.8982,-0.5371,42.5514,59.4571,251.7691,
118208178600,101.7162,-0.0528,0.8981,-0.5372,42.4285,59.3016,251.6166,
118221913600,101.7300,-0.0529,0.8980,-0.5373,42.3031,59.1447,251.4632,
118236155300,101.7443,-0.0531,0.8979,-0.5373,42.1707,58.9809,251.3035,
118249940400,101.7580,-0.0538,0.8976,-0.5374,42.0638,58.6622,250.7501,
118263840400,101.7719,-0.0546,0.8973,-0.5376,41.9347,58.2863,250.0939,
118277607500,101.7857,-0.0551,0.8972,-0.5378,41.9404,58.1628,249.7346,
118291503000,101.7996,-0.0556,0.8972,-0.5380,41.9461,58.0509,249.4061,
118305455500,101.8135,-0.0560,0.8971,-0.5381,41.9522,57.9432,249.0875,
118319315900,101.8273,-0.0561,0.8971,-0.5382,42.0125,57.7942,248.9185,
118333216000,101.8414,-0.0562,0.8970,-0.5382,42.0695,57.6537,248.7581,
118347288500,101.8553,-0.0562,0.8971,-0.5382,42.0626,57.6399,248.7809,
118361158300,101.8692,-0.0562,0.8972,-0.5382,42.0547,57.6256,248.8066,
118375302800,101.8834,-0.0562,0.8973,-0.5382,42.0461,57.6109,248.8351,
118389073800,101.8971,-0.0560,0.8972,-0.5382,42.0246,57.5690,248.9690,
118403268200,101.9112,-0.0559,0.8972,-0.5382,41.9913,57.5063,249.1782,
118417173100,101.9252,-0.0558,0.8970,-0.5381,41.9973,57.3212,249.1117,
118430590400,101.9388,-0.0558,0.8968,-0.5379,42.0039,57.1276,249.0389,
118444666000,101.9527,-0.0559,0.8968,-0.5380,42.0877,57.0853,249.0993,
118458655900,101.9666,-0.0560,0.8968,-0.5381,42.1857,57.0409,249.1692,
118472447200,101.9806,-0.0561,0.8968,-0.5382,42.3000,56.9939,249.2502,
118486979200,101.9950,-0.0561,0.8966,-0.5383,42.3839,56.9511,249.2384,
118500387400,102.0085,-0.0560,0.8965,-0.5383,42.4650,56.9120,249.2262,
118514176800,102.0223,-0.0561,0.8964,-0.5384,42.4931,56.8722,249.1761,
118528400800,102.0363,-0.0562,0.8964,-0.5384,42.5233,56.8291,249.1194,
118542348900,102.0504,-0.0562,0.8964,-0.5384,42.5616,56.7747,249.0451,
118556108500,102.0643,-0.0562,0.8964,-0.5386,42.5618,56.8327,249.0458,
118570292000,102.0783,-0.0562,0.8965,-0.5387,42.5603,56.9309,249.0483,
118584074700,102.0921,-0.0564,0.8964,-0.5387,42.6370,56.9741,248.9077,
118597764700,102.1058,-0.0566,0.8963,-0.5386,42.7358,57.0305,248.7231,
118611914300,102.1201,-0.0567,0.8963,-0.5387,42.7252,57.4141,248.8423,
118626014100,102.1340,-0.0568,0.8964,-0.5389,42.7072,57.8672,248.9884,
118639533600,102.1475,-0.0569,0.8964,-0.5390,42.6825,58.3537,249.1502,
118653453200,102.1617,-0.0573,0.8961,-0.5391,42.7926,58.6645,249.0375,
118667632300,102.1756,-0.0580,0.8956,-0.5393,42.8982,58.9770,248.9322,
118681664100,102.1896,-0.0585,0.8949,-0.5396,42.9582,59.1928,248.8383,
118695533400,102.2037,-0.0589,0.8941,-0.5400,43.0117,59.3956,248.7551,
118709375100,102.2174,-0.0594,0.8933,-0.5404,43.0615,59.5937,248.6782,
118723775900,102.2318,-0.0598,0.8929,-0.5406,43.0460,59.6927,248.4510,
118737373200,102.2453,-0.0602,0.8925,-0.5408,43.0293,59.7992,248.2186,
118750992700,102.2592,-0.0604,0.8921,-0.5409,43.0565,59.8202,247.9238,
118764996500,102.2730,-0.0606,0.8917,-0.5410,43.0829,59.8441,247.6310,
118779218300,102.2872,-0.0607,0.8916,-0.5413,43.0555,60.1394,247.4476,
118792853200,102.3010,-0.0608,0.8915,-0.5417,43.0268,60.4502,247.2592,
118806843600,102.3149,-0.0610,0.8914,-0.5420,42.9985,60.7600,247.0757,
118820827900,102.3288,-0.0610,0.8914,-0.5421,42.8574,61.1804,247.0541,
118834407500,102.3426,-0.0611,0.8913,-0.5422,42.7216,61.5897,247.0305,
118848703900,102.3567,-0.0612,0.8912,-0.5423,42.5910,61.9872,247.0054,
118862446300,102.3705,-0.0616,0.8907,-0.5431,42.6879,62.2684,247.0956,
118876100800,102.3843,-0.0621,0.8900,-0.5440,42.7730,62.5345,247.1770,
118890668600,102.3987,-0.0624,0.8896,-0.5448,42.8100,62.9867,247.3241,
118904340100,102.4123,-0.0627,0.8891,-0.5456,42.8454,63.4774,247.4796,
118918162000,102.4262,-0.0644,0.8879,-0.5470,43.0182,63.6795,247.4257,
118931928000,102.4401,-0.0660,0.8867,-0.5483,43.1844,63.8827,247.3728,
118945952600,102.4540,-0.0675,0.8862,-0.5502,43.4582,64.4252,247.3336,
118960003800,102.4680,-0.0687,0.8857,-0.5519,43.7430,65.0038,247.2952,
118974110400,102.4823,-0.0698,0.8853,-0.5533,44.0131,65.5655,247.2614,
118988129600,102.4961,-0.0705,0.8852,-0.5543,44.3846,65.8309,246.7525,
119001648300,102.5097,-0.0711,0.8851,-0.5552,44.7362,66.0971,246.2806,
119015547800,102.5237,-0.0713,0.8851,-0.5558,45.1599,66.4826,246.0136,
119029648700,102.5377,-0.0715,0.8851,-0.5563,45.5482,66.8466,245.7696,
119043457700,102.5515,-0.0718,0.8851,-0.5568,45.9084,67.1929,245.5440,
119057992000,102.5660,-0.0717,0.8849,-0.5569,45.9468,67.1559,245.4430,
119071720200,102.5799,-0.0716,0.8847,-0.5570,45.9767,67.1427,245.3780,
119085447400,102.5935,-0.0714,0.8845,-0.5572,45.9575,67.1348,245.3667,
119099398400,102.6075,-0.0711,0.8843,-0.5575,45.9391,67.1295,245.3528,
119112840400,102.6210,-0.0702,0.8838,-0.5574,45.8744,67.0358,245.3235,
119126974100,102.6350,-0.0692,0.8832,-0.5572,45.6979,66.7789,245.2391,
119140979000,102.6490,-0.0682,0.8826,-0.5571,45.4746,66.4539,245.1282,
119154986900,102.6632,-0.0670,0.8809,-0.5578,45.2259,66.2917,245.0558,
119168892100,102.6769,-0.0659,0.8792,-0.5585,44.9912,66.1432,244.9853,
119183567400,102.6915,-0.0650,0.8783,-0.5581,44.6163,65.6915,244.7892,
119196595000,102.7046,-0.0643,0.8774,-0.5579,44.2317,65.2332,244.5884,
119210707600,102.7189,-0.0637,0.8767,-0.5577,43.8686,64.8051,244.3993,
119224620400,102.7327,-0.0638,0.8761,-0.5576,43.5695,64.6849,244.4324,
119238465100,102.7465,-0.0639,0.8756,-0.5574,43.3023,64.5755,244.4580,
119252113000,102.7603,-0.0636,0.8742,-0.5563,43.1292,64.4451,244.3956,
119266228900,102.7743,-0.0633,0.8727,-0.5552,42.9695,64.3244,244.3366,
119280743100,102.7888,-0.0633,0.8710,-0.5550,42.9172,64.2368,244.3316,
119294209000,102.8023,-0.0633,0.8694,-0.5549,42.8697,64.1566,244.3264,
119307938300,102.8159,-0.0633,0.8679,-0.5547,42.8204,64.0728,244.3203,
119321735000,102.8298,-0.0633,0.8675,-0.5546,42.7080,63.9824,244.2106,
119335591900,102.8438,-0.0633,0.8671,-0.5544,42.5596,63.8641,244.0650,
119349675300,102.8577,-0.0632,0.8665,-0.5542,42.5400,63.8430,244.0233,
119363667000,102.8717,-0.0631,0.8657,-0.5540,42.5255,63.8270,243.9905,
119377543000,102.8856,-0.0630,0.8649,-0.5540,42.5067,63.8450,243.9691,
119391417500,102.8996,-0.0628,0.8640,-0.5540,42.4873,63.8659,243.9469,
119405607100,102.9135,-0.0627,0.8631,-0.5541,42.4607,63.8977,243.9163,
119419340400,102.9274,-0.0626,0.8628,-0.5539,42.3886,63.9307,243.9299,
119433413700,102.9416,-0.0626,0.8624,-0.5537,42.2892,63.9779,243.9517,
119447316600,102.9553,-0.0626,0.8622,-0.5536,42.2844,63.9694,243.9564,
119461488300,102.9695,-0.0626,0.8620,-0.5536,42.2813,63.9598,243.9623,
119475357000,102.9836,-0.0626,0.8618,-0.5536,42.2798,63.9490,243.9695,
119489587600,102.9976,-0.0623,0.8612,-0.5535,42.3064,63.9419,243.9814,
119503312600,103.0113,-0.0620,0.8605,-0.5534,42.3369,63.9341,243.9947,
119517041000,103.0250,-0.0621,0.8601,-0.5536,42.3662,63.9565,243.9881,
119530580100,103.0388,-0.0621,0.8598,-0.5538,42.3986,63.9811,243.9809,
119545005200,103.0530,-0.0621,0.8594,-0.5540,42.4390,64.0118,243.9720,
119558980100,103.0670,-0.0621,0.8593,-0.5540,42.4235,63.9770,243.9260,
119572868900,103.0810,-0.0620,0.8593,-0.5540,42.4062,63.9390,243.8765,
119586947000,103.0950,-0.0619,0.8591,-0.5539,42.3963,63.9461,243.8334,
119600838100,103.1089,-0.0617,0.8588,-0.5537,42.3808,63.9584,243.7672,
119614702900,103.1229,-0.0616,0.8582,-0.5535,42.3499,64.0079,243.5726,
119628728500,103.1367,-0.0615,0.8577,-0.5533,42.3112,64.0734,243.3279,
119642642100,103.1507,-0.0614,0.8570,-0.5530,42.2702,64.1464,243.0670,
119656617000,103.1647,-0.0609,0.8562,-0.5524,42.1573,64.1304,243.0242,
119670067500,103.1782,-0.0604,0.8554,-0.5518,42.0585,64.1170,242.9887,
119684582000,103.1924,-0.0601,0.8547,-0.5520,42.0343,64.2082,242.9645,
119698330500,103.2064,-0.0599,0.8541,-0.5522,42.0057,64.3254,242.9361,
119712055700,103.2202,-0.0593,0.8528,-0.5525,41.9923,64.3103,242.9228,
119725820600,103.2338,-0.0586,0.8515,-0.5527,41.9786,64.2929,242.9093,
119740184600,103.2482,-0.0580,0.8503,-0.5530,41.9646,64.2734,242.8957,
119753699100,103.2618,-0.0579,0.8492,-0.5529,41.9728,64.2390,242.8837,
119767850900,103.2759,-0.0578,0.8483,-0.5529,41.9827,64.2013,242.8718,
119781949200,103.2900,-0.0578,0.8482,-0.5530,42.0129,64.1526,242.8329,
119795429400,103.3036,-0.0579,0.8481,-0.5531,42.0563,64.0846,242.7792,
119809405100,103.3174,-0.0580,0.8481,-0.5531,42.0239,63.9993,242.8252,
119823644800,103.3316,-0.0581,0.8481,-0.5532,41.9614,63.8452,242.9178,
119837474400,103.3455,-0.0582,0.8481,-0.5533,41.8775,63.6495,243.0465,
119851464000,103.3595,-0.0582,0.8481,-0.5534,41.8989,63.6158,243.0378,
119865425000,103.3735,-0.0583,0.8481,-0.5536,41.9131,63.5948,243.0331,
119880689500,103.3887,-0.0584,0.8479,-0.5539,41.9597,63.6140,243.0368,
119893928100,103.4021,-0.0587,0.8476,-0.5544,42.0103,63.6369,243.0421,
119907280000,103.4151,-0.0590,0.8472,-0.5550,42.1087,63.6849,243.0543,
119920674400,103.4287,-0.0591,0.8472,-0.5550,42.1129,63.7226,243.0486,
119934554700,103.4428,-0.0593,0.8471,-0.5550,42.1162,63.7671,243.0427,
119948953900,103.4570,-0.0595,0.8472,-0.5550,42.2283,63.9318,243.0180,
119962885600,103.4709,-0.0598,0.8474,-0.5551,42.3781,64.1563,242.9869,
119976697700,103.4848,-0.0598,0.8473,-0.5551,42.6366,64.4250,242.7116,
119990407100,103.4986,-0.0599,0.8473,-0.5550,42.9098,64.7088,242.4172,
120004473200,103.5125,-0.0599,0.8472,-0.5550,43.1699,64.9787,242.1337,
120018693100,103.5266,-0.0599,0.8471,-0.5551,43.2634,65.1349,242.0004,
120032411800,103.5406,-0.0599,0.8470,-0.5551,43.3428,65.2671,241.8856,
120046433200,103.5545,-0.0599,0.8467,-0.5550,43.2992,65.2869,241.8327,
120060123500,103.5682,-0.0599,0.8464,-0.5549,43.2665,65.3023,241.7918,
120074035200,103.5822,-0.0598,0.8459,-0.5547,43.2324,65.3189,241.7479,
120088413300,103.5964,-0.0599,0.8458,-0.5547,43.1974,65.3174,241.7720,
120101906000,103.6100,-0.0600,0.8456,-0.5547,43.1597,65.3157,241.7982,
120115781700,103.6240,-0.0601,0.8456,-0.5548,43.0359,65.1777,241.9310,
120129985700,103.6379,-0.0602,0.8456,-0.5548,42.8441,64.9569,242.1408,
120144337400,103.6523,-0.0602,0.8456,-0.5549,42.6331,64.7064,242.3763,
120157326400,103.6654,-0.0603,0.8456,-0.5550,42.6112,64.6106,242.6103,
120171291100,103.6795,-0.0604,0.8456,-0.5551,42.5932,64.5216,242.8223,
120185482500,103.6934,-0.0605,0.8457,-0.5553,42.6664,64.5340,242.9836,
120199042400,103.7071,-0.0606,0.8457,-0.5554,42.7360,64.5448,243.1352,
120212704100,103.7209,-0.0608,0.8460,-0.5556,42.7161,64.5226,243.2536,
120227213600,103.7352,-0.0611,0.8464,-0.5559,42.6951,64.4984,243.3759,
120240635500,103.7486,-0.0615,0.8468,-0.5562,42.6722,64.4714,243.5062,
120254729500,103.7629,-0.0614,0.8470,-0.5561,42.6591,64.3131,243.4585,
120268897400,103.7769,-0.0614,0.8472,-0.5559,42.6435,64.1256,243.4004,
120282316800,103.7904,-0.0617,0.8483,-0.5558,42.5878,63.7544,243.2772,
120297076400,103.8050,-0.0620,0.8495,-0.5556,42.5222,63.3249,243.1328,
120310452500,103.8186,-0.0618,0.8499,-0.5557,42.4897,63.0474,243.0269,
120324284300,103.8323,-0.0617,0.8502,-0.5558,42.4597,62.7944,242.9288,
120338281400,103.8463,-0.0615,0.8506,-0.5559,42.4307,62.5520,242.8336,
120352068700,103.8602,-0.0614,0.8510,-0.5559,42.2800,62.3558,242.8185,
120366254000,103.8743,-0.0614,0.8514,-0.5559,42.1161,62.1455,242.8029,
120379976200,103.8880,-0.0613,0.8517,-0.5560,42.0190,61.9412,242.8353,
120393491800,103.9016,-0.0612,0.8520,-0.5562,41.9217,61.7368,242.8688,
120407965300,103.9159,-0.0611,0.8524,-0.5563,41.8246,61.5334,242.9033,
120421583200,103.9296,-0.0614,0.8531,-0.5568,41.7672,61.5257,243.2731,
120435526000,103.9437,-0.0617,0.8540,-0.5574,41.7043,61.5185,243.6831,
120449666900,103.9577,-0.0620,0.8549,-0.5579,41.6408,61.5124,244.1018,
120463268200,103.9713,-0.0622,0.8563,-0.5583,41.4956,61.4213,244.5051,
120477346100,103.9853,-0.0625,0.8575,-0.5582,41.4740,61.4831,244.8917,
120491453000,103.9996,-0.0629,0.8585,-0.5581,41.4551,61.5420,245.2488,
120505601800,104.0136,-0.0632,0.8595,-0.5581,41.4378,61.5999,245.5914,
120519010400,104.0270,-0.0635,0.8605,-0.5581,41.3624,61.7050,245.9182,
120532915400,104.0411,-0.0637,0.8614,-0.5582,41.2890,61.8089,246.2416,
120546776300,104.0548,-0.0640,0.8622,-0.5585,41.2657,61.8018,246.4227,
120560654700,104.0687,-0.0643,0.8630,-0.5588,41.2441,61.7956,246.5965,
120574731700,104.0828,-0.0645,0.8637,-0.5590,41.2228,61.7900,246.7737,
120588556200,104.0966,-0.0648,0.8642,-0.5590,41.2189,61.7680,246.7094,
120602447800,104.1104,-0.0651,0.8647,-0.5589,41.2148,61.7442,246.6399,
120616556100,104.1246,-0.0653,0.8649,-0.5593,41.2470,61.7419,246.6083,
120630510300,104.1386,-0.0655,0.8651,-0.5597,41.2824,61.7400,246.5758,
120644221700,104.1523,-0.0658,0.8654,-0.5601,41.3376,61.7381,246.5282,
120658439500,104.1665,-0.0658,0.8657,-0.5602,41.4384,61.5968,246.3268,
120671779100,104.1800,-0.0657,0.8660,-0.5603,41.5696,61.4104,246.0657,
120686395500,104.1943,-0.0657,0.8661,-0.5603,41.7901,61.0841,245.4972,
120701758700,104.2097,-0.0657,0.8663,-0.5603,42.0224,60.7306,244.8885,
120715189100,104.2234,-0.0656,0.8669,-0.5606,42.2465,60.4412,244.4425,
120728966800,104.2370,-0.0656,0.8669,-0.5606,42.2782,60.3999,244.3789,
120742581800,104.2506,-0.0654,0.8674,-0.5612,42.4262,60.3401,244.2523,
120756646000,104.2647,-0.0653,0.8680,-0.5617,42.5291,60.3018,244.1697,
120770139200,104.2784,-0.0652,0.8685,-0.5621,42.6106,60.2738,244.1082,
120784492100,104.2925,-0.0652,0.8685,-0.5622,42.6248,60.2479,244.1296,
120797852700,104.3058,-0.0652,0.8686,-0.5623,42.6393,60.2209,244.1554,
120811276300,104.3195,-0.0653,0.8687,-0.5625,42.6358,60.2017,244.1670,
120825608100,104.3336,-0.0654,0.8688,-0.5626,42.6307,60.1824,244.1807,
120839310800,104.3474,-0.0655,0.8689,-0.5627,42.6241,60.1629,244.1965,
120853221000,104.3614,-0.0654,0.8690,-0.5629,42.5337,60.2413,244.3997,
120866936400,104.3750,-0.0654,0.8692,-0.5632,42.3755,60.3804,244.7486,
120881045700,104.3891,-0.0656,0.8695,-0.5636,42.4100,60.4244,244.8599,
120894429600,104.4026,-0.0660,0.8699,-0.5642,42.4389,60.4626,244.9514,
120908609600,104.4166,-0.0663,0.8703,-0.5648,42.4681,60.5025,245.0431,
120922453700,104.4305,-0.0673,0.8719,-0.5661,42.6146,60.8452,245.3853,
120936108100,104.4443,-0.0683,0.8734,-0.5674,42.8081,61.3097,245.8425,
120950469500,104.4585,-0.0684,0.8733,-0.5673,42.9889,61.6367,246.1853,
120964153600,104.4722,-0.0684,0.8731,-0.5672,43.1599,61.9521,246.5111,
120978108500,104.4862,-0.0685,0.8731,-0.5670,43.2884,62.3912,247.0992,
120992078300,104.5003,-0.0687,0.8730,-0.5669,43.4153,62.8431,247.6997,
121006140500,104.5141,-0.0688,0.8730,-0.5668,43.5343,63.2855,248.2836,
121020095700,104.5281,-0.0688,0.8729,-0.5667,43.4747,63.4341,248.6829,
121033589700,104.5418,-0.0687,0.8728,-0.5666,43.4186,63.5794,249.0645,
121047914300,104.5560,-0.0688,0.8729,-0.5666,43.3763,63.7177,249.4681,
121061821300,104.5699,-0.0688,0.8730,-0.5666,43.3338,63.8607,249.8777,
121075499700,104.5837,-0.0688,0.8728,-0.5665,43.1748,63.8441,250.1013,
121089930100,104.5979,-0.0687,0.8726,-0.5663,43.0153,63.8288,250.3271,
121103630600,104.6117,-0.0687,0.8723,-0.5660,42.8527,63.8145,250.5586,
121117552600,104.6256,-0.0691,0.8721,-0.5658,42.8613,63.8083,250.5422,
121131620000,104.6398,-0.0697,0.8719,-0.5656,42.8705,63.8019,250.5249,
121145274300,104.6532,-0.0697,0.8719,-0.5655,42.8461,63.8320,250.5604,
121159014900,104.6671,-0.0697,0.8719,-0.5654,42.8187,63.8656,250.6003,
121173100900,104.6813,-0.0697,0.8719,-0.5653,42.7885,63.9024,250.6444,
121187017400,104.6950,-0.0698,0.8720,-0.5655,42.7995,63.9693,250.7027,
121201423100,104.7095,-0.0698,0.8721,-0.5656,42.8194,64.0864,250.8050,
121214565900,104.7228,-0.0697,0.8724,-0.5654,42.8034,64.1127,250.8196,
121228677400,104.7367,-0.0695,0.8727,-0.5651,42.7858,64.1393,250.8339,
121242764400,104.7508,-0.0696,0.8730,-0.5650,42.8042,64.1760,250.8544,
121256972600,104.7649,-0.0696,0.8732,-0.5649,42.8251,64.2141,250.8754,
121270897000,104.7791,-0.0696,0.8735,-0.5648,42.8482,64.2536,250.8968,
121284491200,104.7926,-0.0697,0.8736,-0.5647,42.9001,64.3549,250.9065,
121298621000,104.8066,-0.0698,0.8736,-0.5646,42.9799,64.5055,250.9175,
121312327500,104.8206,-0.0700,0.8735,-0.5645,43.0565,64.6410,250.8756,
121326151700,104.8342,-0.0701,0.8733,-0.5643,43.1403,64.7837,250.8246,
121340293600,104.8484,-0.0703,0.8732,-0.5642,43.2279,64.9278,250.7667,
121353867400,104.8620,-0.0706,0.8731,-0.5637,43.3663,65.0860,250.6384,
121368116500,104.8762,-0.0710,0.8730,-0.5631,43.5119,65.2459,250.4983,
121382051600,104.8901,-0.0711,0.8735,-0.5625,43.5246,65.1730,250.3242,
121396029900,104.9042,-0.0713,0.8739,-0.5618,43.5344,65.1038,250.1675,
121410161300,104.9181,-0.0714,0.8744,-0.5610,43.5435,65.0267,250.0002,
121423857700,104.9319,-0.0714,0.8754,-0.5602,43.5437,64.7996,249.7683,
121437715300,104.9458,-0.0715,0.8763,-0.5594,43.5416,64.5108,249.4768,
121451853500,104.9601,-0.0715,0.8764,-0.5592,43.6137,64.2675,249.0127,
121465727000,104.9737,-0.0715,0.8765,-0.5591,43.6910,63.9965,248.4994,
121479606600,104.9877,-0.0711,0.8761,-0.5586,43.6987,63.4624,247.8598,
121493387200,105.0016,-0.0702,0.8754,-0.5578,43.7006,62.9267,247.2219,
121507484400,105.0155,-0.0693,0.8747,-0.5568,43.6973,62.4105,246.6104,
121521277700,105.0292,-0.0677,0.8733,-0.5564,43.6327,62.2229,246.3679,
121536180600,105.0444,-0.0663,0.8721,-0.5560,43.5791,62.0645,246.1649,
121549323900,105.0574,-0.0655,0.8702,-0.5559,43.4371,61.6713,245.6658,
121562825400,105.0709,-0.0647,0.8686,-0.5557,43.2744,61.2272,245.1034,
121577025400,105.0850,-0.0641,0.8671,-0.5555,43.1054,60.7740,244.5305,
121591386500,105.0996,-0.0638,0.8665,-0.5556,42.7311,60.4550,244.0168,
121605348300,105.1134,-0.0636,0.8660,-0.5557,42.3625,60.1393,243.5100,
121619113600,105.1272,-0.0639,0.8656,-0.5557,42.2960,59.8451,243.0945,
121632851000,105.1410,-0.0641,0.8653,-0.5556,42.2310,59.5746,242.7137,
121646796400,105.1549,-0.0642,0.8649,-0.5558,42.2003,59.4155,242.5425,
121660998500,105.1690,-0.0643,0.8645,-0.5560,42.1713,59.2734,242.3892,
121674839000,105.1831,-0.0643,0.8640,-0.5562,42.1404,59.1286,242.2323,
121689734500,105.1977,-0.0642,0.8638,-0.5564,42.1102,59.1283,242.2403,
121702959200,105.2110,-0.0640,0.8637,-0.5566,42.0769,59.1272,242.2480,
121716499300,105.2246,-0.0637,0.8635,-0.5568,41.8977,59.0371,242.2843,
121730314900,105.2385,-0.0634,0.8632,-0.5571,41.6170,58.8931,242.3386,
121744771400,105.2527,-0.0630,0.8629,-0.5573,41.2940,58.7247,242.3988,
121758211500,105.2663,-0.0624,0.8622,-0.5574,40.7339,58.7554,243.3420,
121772245400,105.2804,-0.0617,0.8615,-0.5575,40.1615,58.7693,244.2909,
121786068300,105.2941,-0.0613,0.8608,-0.5577,39.7829,58.8265,244.7298,
121800648500,105.3086,-0.0608,0.8602,-0.5578,39.4685,58.8668,245.0934,
121813883300,105.3221,-0.0610,0.8596,-0.5578,39.4134,58.8741,245.0546,
121828091000,105.3361,-0.0611,0.8590,-0.5577,39.3874,58.8770,245.0403,
121841478400,105.3495,-0.0612,0.8584,-0.5576,39.3572,58.8800,245.0270,
121855529500,105.3637,-0.0614,0.8582,-0.5577,39.3288,58.8647,244.9897,
121869470100,105.3775,-0.0617,0.8579,-0.5579,39.2951,58.8470,244.9491,
121883154000,105.3912,-0.0617,0.8579,-0.5579,39.2345,58.9160,244.9005,
121897034400,105.4051,-0.0616,0.8578,-0.5579,39.1443,59.0198,244.8344,
121911473300,105.4196,-0.0618,0.8576,-0.5579,39.1303,59.0624,244.8465,
121925662500,105.4337,-0.0621,0.8574,-0.5579,39.1196,59.0964,244.8588,
121939267300,105.4473,-0.0625,0.8572,-0.5578,39.1087,59.1329,244.8743,
121952716700,105.4609,-0.0627,0.8569,-0.5578,39.0819,59.1478,244.9296,
121967135800,105.4752,-0.0628,0.8566,-0.5577,39.0407,59.1695,245.0189,
121981026400,105.4891,-0.0629,0.8565,-0.5578,38.9706,59.2256,245.2635,
121995177000,105.5034,-0.0629,0.8563,-0.5580,38.8815,59.2953,245.5876,
122008680800,105.5167,-0.0630,0.8564,-0.5581,38.7543,59.3789,245.9588,
122023241400,105.5312,-0.0631,0.8564,-0.5583,38.6260,59.4603,246.3413,
122036385600,105.5444,-0.0632,0.8565,-0.5584,38.5016,59.5364,246.7187,
122050668900,105.5589,-0.0632,0.8563,-0.5586,38.2071,59.6085,247.5206,
122064658900,105.5727,-0.0633,0.8562,-0.5587,37.9136,59.6721,248.3236,
122078238700,105.5862,-0.0635,0.8561,-0.5588,37.8532,59.8009,248.5788,
122092568000,105.6008,-0.0636,0.8561,-0.5588,37.8081,59.8930,248.7698,
122106355900,105.6144,-0.0638,0.8560,-0.5588,37.7685,59.9712,248.9382,
122120237200,105.6283,-0.0640,0.8558,-0.5587,37.7800,59.9799,248.8849,
122134111700,105.6423,-0.0642,0.8556,-0.5587,37.7922,59.9893,248.8283,
122148131700,105.6561,-0.0643,0.8554,-0.5586,37.8791,60.0521,248.5207,
122162032800,105.6701,-0.0644,0.8551,-0.5584,38.0005,60.1393,248.0955,
122176579100,105.6846,-0.0645,0.8548,-0.5582,38.1285,60.2302,247.6524,
122189709100,105.6979,-0.0646,0.8546,-0.5581,38.3255,60.2708,247.5663,
122203703000,105.7117,-0.0646,0.8543,-0.5581,38.4919,60.3052,247.4948,
122217929500,105.7260,-0.0650,0.8542,-0.5581,38.6124,60.3436,247.5023,
122231407500,105.7396,-0.0656,0.8540,-0.5581,38.7290,60.3811,247.5107,
122245684300,105.7536,-0.0660,0.8545,-0.5582,38.7895,60.4283,247.4542,
122259400900,105.7675,-0.0666,0.8552,-0.5583,38.8548,60.4806,247.3916,
122273380700,105.7816,-0.0673,0.8560,-0.5584,38.9264,60.5391,247.3213,
122287450300,105.7955,-0.0677,0.8564,-0.5583,39.1375,60.7314,247.2778,
122301405000,105.8094,-0.0681,0.8568,-0.5581,39.3796,60.9546,247.2299,
122315235000,105.8234,-0.0685,0.8572,-0.5578,39.5133,60.9186,247.0480,
122328775500,105.8368,-0.0688,0.8577,-0.5574,39.6356,60.8824,246.8778,
122342972400,105.8510,-0.0692,0.8582,-0.5570,39.7551,60.8441,246.7080,
122356967100,105.8650,-0.0692,0.8586,-0.5565,40.0610,60.8313,246.3495,
122370628800,105.8789,-0.0693,0.8591,-0.5560,40.3923,60.8124,245.9561,
122384952400,105.8930,-0.0695,0.8597,-0.5552,40.4150,60.8288,245.8699,
122398360800,105.9064,-0.0696,0.8603,-0.5544,40.4290,60.8387,245.8143,
122412523500,105.9207,-0.0701,0.8608,-0.5542,40.5309,60.8976,245.7108,
122426599900,105.9346,-0.0705,0.8614,-0.5540,40.6559,60.9691,245.5839,
122440084600,105.9481,-0.0709,0.8619,-0.5539,40.7948,61.0478,245.4432,
122453789200,105.9620,-0.0714,0.8623,-0.5538,41.0565,61.1879,245.3661,
122468258800,105.9763,-0.0718,0.8627,-0.5536,41.3345,61.3362,245.2857,
122482129900,105.9902,-0.0719,0.8629,-0.5536,41.6490,61.5774,245.3764,
122496036000,106.0043,-0.0719,0.8631,-0.5536,41.9644,61.8213,245.4712,
122509964100,106.0180,-0.0719,0.8632,-0.5535,42.2267,62.0635,245.8457,
122523989100,106.0320,-0.0720,0.8634,-0.5533,42.5030,62.3236,246.2484,
122537775600,106.0459,-0.0721,0.8635,-0.5532,42.7856,62.5952,246.6691,
122551647000,106.0599,-0.0719,0.8641,-0.5523,42.9936,62.8630,247.1938,
122565404400,106.0735,-0.0717,0.8648,-0.5513,43.1992,63.1327,247.7194,
122579728000,106.0877,-0.0713,0.8659,-0.5497,43.2294,63.4431,248.5509,
122593933000,106.1021,-0.0708,0.8670,-0.5483,43.2601,63.7612,249.3990,
122607539900,106.1156,-0.0705,0.8680,-0.5471,43.2891,64.0679,250.2133,
122621414200,106.1295,-0.0693,0.8699,-0.5460,43.2643,64.0903,251.2370,
122635287800,106.1434,-0.0683,0.8716,-0.5450,43.2448,64.1261,252.2185,
122649144500,106.1572,-0.0674,0.8724,-0.5442,43.0270,63.8982,252.7563,
122663157700,106.1712,-0.0666,0.8731,-0.5436,42.8431,63.7116,253.2637,
122680169000,106.1882,-0.0659,0.8740,-0.5432,42.8387,63.2963,253.3831,
122694284200,106.2024,-0.0652,0.8749,-0.5427,42.8342,62.9255,253.5260,
122708551700,106.2165,-0.0645,0.8757,-0.5423,42.8296,62.5758,253.6917,
122722551800,106.2305,-0.0644,0.8761,-0.5424,42.9357,62.5201,253.8460,
122735463600,106.2436,-0.0642,0.8764,-0.5426,43.0289,62.4669,253.9996,
122750391900,106.2582,-0.0643,0.8774,-0.5423,43.0634,62.2463,254.0125,
122773057000,106.2810,-0.0643,0.8786,-0.5419,43.1000,62.0031,254.0392,
122788410400,106.2965,-0.0642,0.8803,-0.5419,43.1615,61.9757,254.1300,
122802432500,106.3104,-0.0642,0.8819,-0.5418,43.2134,61.9524,254.2187,
122816144000,106.3244,-0.0639,0.8827,-0.5417,43.2409,61.9222,254.5881,
122830478200,106.3385,-0.0637,0.8834,-0.5416,43.2697,61.8886,255.0224,
122844100000,106.3522,-0.0638,0.8843,-0.5413,43.3300,61.8914,255.3963,
122858184300,106.3662,-0.0640,0.8853,-0.5410,43.3854,61.8956,255.7573,
122871881500,106.3801,-0.0641,0.8862,-0.5407,43.4370,61.9009,256.1090,
122885970000,106.3941,-0.0634,0.8866,-0.5405,43.5465,61.8869,256.4416,
122900301900,106.4083,-0.0628,0.8870,-0.5402,43.6526,61.8748,256.7733,
122914219900,106.4223,-0.0627,0.8870,-0.5401,43.8925,61.8530,256.9748,
122927890200,106.4360,-0.0626,0.8870,-0.5401,44.1307,61.8330,257.1809,
122941653500,106.4497,-0.0625,0.8870,-0.5402,44.1854,61.6666,257.3150,
122955533700,106.4638,-0.0624,0.8870,-0.5403,44.2399,61.4975,257.4539,
122969542700,106.4775,-0.0623,0.8870,-0.5404,44.2951,61.3232,257.5996,
122983562100,106.4916,-0.0622,0.8870,-0.5405,44.3508,61.1453,257.7503,
122997413800,106.5055,-0.0619,0.8872,-0.5405,44.3623,60.8709,257.8740,
123011132000,106.5193,-0.0610,0.8875,-0.5404,44.3814,60.5771,258.1725,
123025354900,106.5333,-0.0599,0.8879,-0.5404,44.4022,60.2795,258.4796,
123039282200,106.5473,-0.0588,0.8883,-0.5403,44.4234,59.9943,258.7777,
123052932600,106.5612,-0.0582,0.8890,-0.5406,44.8020,59.8629,259.0432,
123066985000,106.5751,-0.0576,0.8897,-0.5409,45.1683,59.7311,259.3094,
123081247200,106.5893,-0.0562,0.8892,-0.5419,45.7574,59.8668,259.6938,
123094627900,106.6029,-0.0547,0.8887,-0.5431,46.3422,60.0016,260.0898,
123108858700,106.6169,-0.0533,0.8883,-0.5441,46.8977,60.1306,260.4791,
123122591300,106.6307,-2.3810,0.0377,-0.4420,60.0000,90.0000,0.0000,
123136752900,106.6448,-2.3810,0.0377,-0.4420,60.0000,90.0000,0.0000,
123150231400,106.6585,-2.3810,0.0377,-0.4420,60.0000,90.0000,0.0000,
123164442500,106.6726,-2.3810,0.0377,-0.4420,60.0000,90.0000,0.0000,
123179109100,106.6872,-2.3810,0.0377,-0.4420,60.0000,90.0000,0.0000,
123192584900,106.7008,-2.3810,0.0377,-0.4420,60.0000,90.0000,0.0000,
123206272300,106.7144,-2.3810,0.0377,-0.4420,60.0000,90.0000,0.0000,
123220062300,106.7282,-2.3810,0.0377,-0.4420,60.0000,90.0000,0.0000,
123233811200,106.7421,-2.3810,0.0377,-0.4420,60.0000,90.0000,0.0000,
123248170900,106.7562,-2.3810,0.0377,-0.4420,60.0000,90.0000,0.0000,
123261837600,106.7700,-2.3810,0.0377,-0.4420,60.0000,90.0000,0.0000,
123275634300,106.7840,-2.3810,0.0377,-0.4420,60.0000,90.0000,0.0000,
123289728500,106.7979,-2.3810,0.0377,-0.4420,60.0000,90.0000,0.0000,
123303691800,106.8118,-2.3810,0.0377,-0.4420,60.0000,90.0000,0.0000,
123317223500,106.8254,-2.3810,0.0377,-0.4420,60.0000,90.0000,0.0000,
123331484900,106.8398,-2.3810,0.0377,-0.4420,60.0000,90.0000,0.0000,
123345550500,106.8536,-2.3810,0.0377,-0.4420,60.0000,90.0000,0.0000,
123359052400,106.8672,-2.3810,0.0377,-0.4420,60.0000,90.0000,0.0000,
123372732300,106.8811,-2.3810,0.0377,-0.4420,60.0000,90.0000,0.0000,
123387137100,106.8953,-2.3810,0.0377,-0.4420,60.0000,90.0000,0.0000,
123401055100,106.9092,-2.3810,0.0377,-0.4420,60.0000,90.0000,0.0000,
123415031400,106.9233,-2.3810,0.0377,-0.4420,60.0000,90.0000,0.0000,
123428961900,106.9371,-2.3810,0.0377,-0.4420,60.0000,90.0000,0.0000,
123442995800,106.9512,-2.3810,0.0377,-0.4420,60.0000,90.0000,0.0000,
123456546300,106.9648,-2.3810,0.0377,-0.4420,60.0000,90.0000,0.0000,
123470481600,106.9787,-2.3810,0.0377,-0.4420,60.0000,90.0000,0.0000,
123484569300,106.9927,-2.3810,0.0377,-0.4420,60.0000,90.0000,0.0000,
123498988400,107.0071,-2.3810,0.0377,-0.4420,60.0000,90.0000,0.0000,
123512413800,107.0208,-2.4270,0.0574,-0.4420,0.0000,90.0000,0.0000,
123526195700,107.0345,-2.4270,0.0574,-0.4420,0.0000,90.0000,0.0000,
123540335900,107.0487,-2.4270,0.0574,-0.4420,0.0000,90.0000,0.0000,
123553875800,107.0623,-2.4270,0.0574,-0.4420,0.0000,90.0000,0.0000,
123568162400,107.0765,-2.4270,0.0574,-0.4420,0.0000,90.0000,0.0000,
123581968000,107.0902,-2.4270,0.0574,-0.4420,0.0000,90.0000,0.0000,
123595701100,107.1042,-2.4270,0.0574,-0.4420,0.0000,90.0000,0.0000,
123609735100,107.1180,-2.4270,0.0574,-0.4420,0.0000,90.0000,0.0000,
123623628200,107.1319,-2.4270,0.0574,-0.4420,0.0000,90.0000,0.0000,
123637889800,107.1461,-2.4270,0.0574,-0.4420,0.0000,90.0000,0.0000,
123651501000,107.1600,-2.4270,0.0574,-0.4420,0.0000,90.0000,0.0000,
123665696200,107.1740,-2.4270,0.0574,-0.4420,0.0000,90.0000,0.0000,
123679354100,107.1876,-2.4270,0.0574,-0.4420,0.0000,90.0000,0.0000,
123692916100,107.2013,-2.4270,0.0574,-0.4420,0.0000,90.0000,0.0000,
123707103300,107.2154,-2.4270,0.0574,-0.4420,0.0000,90.0000,0.0000,
123720896400,107.2292,-2.4270,0.0574,-0.4420,0.0000,90.0000,0.0000,
123735170000,107.2436,-2.4270,0.0574,-0.4420,0.0000,90.0000,0.0000,
123749121000,107.2574,-2.4270,0.0574,-0.4420,0.0000,90.0000,0.0000,
123762616900,107.2710,-2.4270,0.0574,-0.4420,0.0000,90.0000,0.0000,
123776509100,107.2848,-2.4270,0.0574,-0.4420,0.0000,90.0000,0.0000,
123790244400,107.2987,-2.4270,0.0574,-0.4420,0.0000,90.0000,0.0000,
123805145200,107.3133,-2.4270,0.0574,-0.4420,0.0000,90.0000,0.0000,
123818389100,107.3267,-2.4270,0.0574,-0.4420,0.0000,90.0000,0.0000,
123832260900,107.3407,-2.4270,0.0574,-0.4420,0.0000,90.0000,0.0000,
123846127800,107.3545,-2.4270,0.0574,-0.4420,0.0000,90.0000,0.0000,
123860214700,107.3685,-2.4270,0.0574,-0.4420,0.0000,90.0000,0.0000,
123873902000,107.3824,-2.4270,0.0574,-0.4420,0.0000,90.0000,0.0000,
123887814300,107.3962,-2.4270,0.0574,-0.4420,0.0000,90.0000,0.0000,
123901944100,107.4102,-2.4270,0.0574,-0.4420,0.0000,90.0000,0.0000,
123915916700,107.4243,-2.4270,0.0574,-0.4420,0.0000,90.0000,0.0000,
123929853300,107.4382,-2.4270,0.0574,-0.4420,0.0000,90.0000,0.0000,
123943759200,107.4521,-2.4270,0.0574,-0.4420,0.0000,90.0000,0.0000,
123957685300,107.4660,-2.4270,0.0574,-0.4420,0.0000,90.0000,0.0000,
123971680500,107.4801,-2.4270,0.0574,-0.4420,0.0000,90.0000,0.0000,
123985623000,107.4939,-2.4270,0.0574,-0.4420,0.0000,90.0000,0.0000,
123999714200,107.5080,-2.4270,0.0574,-0.4420,0.0000,90.0000,0.0000,
124013380700,107.5218,-2.4270,0.0574,-0.4420,0.0000,90.0000,0.0000,
124027472800,107.5357,-2.4270,0.0574,-0.4420,0.0000,90.0000,0.0000,
124041415900,107.5497,-2.4270,0.0574,-0.4420,0.0000,90.0000,0.0000,
124055234300,107.5637,-2.4270,0.0574,-0.4420,0.0000,90.0000,0.0000,
124069168800,107.5775,-2.4270,0.0574,-0.4420,0.0000,90.0000,0.0000,
124083098500,107.5914,-2.4270,0.0574,-0.4420,0.0000,90.0000,0.0000,
124097086800,107.6054,-2.4270,0.0574,-0.4420,0.0000,90.0000,0.0000,
124110795800,107.6192,-2.4270,0.0574,-0.4420,0.0000,90.0000,0.0000,
124124879600,107.6332,-2.4270,0.0574,-0.4420,0.0000,90.0000,0.0000,
124139144900,107.6474,-2.4270,0.0574,-0.4420,0.0000,90.0000,0.0000,
124152675900,107.6611,-2.4270,0.0574,-0.4420,0.0000,90.0000,0.0000,
124166962900,107.6752,-2.4270,0.0574,-0.4420,0.0000,90.0000,0.0000,
124180715800,107.6890,-2.4270,0.0574,-0.4420,0.0000,90.0000,0.0000,
124194476100,107.7029,-2.4270,0.0574,-0.4420,0.0000,90.0000,0.0000,
124208720200,107.7170,-2.4270,0.0574,-0.4420,0.0000,90.0000,0.0000,
124222460400,107.7308,-2.4270,0.0574,-0.4420,0.0000,90.0000,0.0000,
124236254100,107.7446,-2.4270,0.0574,-0.4420,0.0000,90.0000,0.0000,
124250161800,107.7585,-2.4270,0.0574,-0.4420,0.0000,90.0000,0.0000,
124264203200,107.7725,-2.4270,0.0574,-0.4420,0.0000,90.0000,0.0000,
124278162300,107.7865,-2.4270,0.0574,-0.4420,0.0000,90.0000,0.0000,
124291895000,107.8003,-2.4270,0.0574,-0.4420,0.0000,90.0000,0.0000,
124306002800,107.8143,-2.4270,0.0574,-0.4420,0.0000,90.0000,0.0000,
124319934000,107.8282,-2.4270,0.0574,-0.4420,0.0000,90.0000,0.0000,
124333767600,107.8422,-2.4270,0.0574,-0.4420,0.0000,90.0000,0.0000,
124347876100,107.8562,-2.4270,0.0574,-0.4420,0.0000,90.0000,0.0000,
124361744100,107.8700,-2.4270,0.0574,-0.4420,0.0000,90.0000,0.0000,
124375468200,107.8839,-2.4270,0.0574,-0.4420,0.0000,90.0000,0.0000,
124389716400,107.8980,-2.4270,0.0574,-0.4420,0.0000,90.0000,0.0000,
124403427700,107.9118,-2.4270,0.0574,-0.4420,0.0000,90.0000,0.0000,
124417677200,107.9259,-2.4270,0.0574,-0.4420,0.0000,90.0000,0.0000,
124431197200,107.9396,-2.4270,0.0574,-0.4420,0.0000,90.0000,0.0000,
124445162400,107.9535,-2.4270,0.0574,-0.4420,0.0000,90.0000,0.0000,
124459099500,107.9674,-2.4270,0.0574,-0.4420,0.0000,90.0000,0.0000,
124473059700,107.9814,-2.4270,0.0574,-0.4420,0.0000,90.0000,0.0000,
124486817500,107.9952,-2.4270,0.0574,-0.4420,0.0000,90.0000,0.0000,
124500930900,108.0093,-2.4270,0.0574,-0.4420,0.0000,90.0000,0.0000,
124514644400,108.0231,-2.4270,0.0574,-0.4420,0.0000,90.0000,0.0000,
124528764400,108.0370,-2.4270,0.0574,-0.4420,0.0000,90.0000,0.0000,
124542645200,108.0510,-2.4270,0.0574,-0.4420,0.0000,90.0000,0.0000,
124556560400,108.0649,-2.4270,0.0574,-0.4420,0.0000,90.0000,0.0000,
124570237500,108.0787,-2.4270,0.0574,-0.4420,0.0000,90.0000,0.0000,
124584411600,108.0927,-2.4270,0.0574,-0.4420,0.0000,90.0000,0.0000,
124598229500,108.1066,-2.4270,0.0574,-0.4420,0.0000,90.0000,0.0000,
124612564100,108.1209,-2.4270,0.0574,-0.4420,0.0000,90.0000,0.0000,
124626743500,108.1349,-2.4270,0.0574,-0.4420,0.0000,90.0000,0.0000,
124640399400,108.1485,-2.4270,0.0574,-0.4420,0.0000,90.0000,0.0000,
124654043300,108.1624,-2.4270,0.0574,-0.4420,0.0000,90.0000,0.0000,
124668175000,108.1763,-2.4270,0.0574,-0.4420,0.0000,90.0000,0.0000,
124682219600,108.1904,-2.4270,0.0574,-0.4420,0.0000,90.0000,0.0000,
124696011100,108.2043,-2.4270,0.0574,-0.4420,0.0000,90.0000,0.0000,
124710849400,108.2190,-2.4270,0.0574,-0.4420,0.0000,90.0000,0.0000,
124724356200,108.2325,-2.4270,0.0574,-0.4420,0.0000,90.0000,0.0000,
124737715400,108.2459,-2.4270,0.0574,-0.4420,0.0000,90.0000,0.0000,
124751554100,108.2598,-2.4270,0.0574,-0.4420,0.0000,90.0000,0.0000,
124765787800,108.2739,-2.4270,0.0574,-0.4420,0.0000,90.0000,0.0000,
124779636500,108.2878,-2.4270,0.0574,-0.4420,0.0000,90.0000,0.0000,
124793276200,108.3016,-2.4270,0.0574,-0.4420,0.0000,90.0000,0.0000,
124807393400,108.3155,-2.4270,0.0574,-0.4420,0.0000,90.0000,0.0000,
124821398000,108.3296,-2.4270,0.0574,-0.4420,0.0000,90.0000,0.0000,
124835071100,108.3434,-2.4270,0.0574,-0.4420,0.0000,90.0000,0.0000,
124849110700,108.3573,-2.4270,0.0574,-0.4420,0.0000,90.0000,0.0000,
124863236000,108.3713,-2.4270,0.0574,-0.4420,0.0000,90.0000,0.0000,
124876995500,108.3852,-2.4270,0.0574,-0.4420,0.0000,90.0000,0.0000,
124890672800,108.3990,-2.4270,0.0574,-0.4420,0.0000,90.0000,0.0000,
124904778800,108.4130,-2.4270,0.0574,-0.4420,0.0000,90.0000,0.0000,
124918792300,108.4269,-2.4270,0.0574,-0.4420,0.0000,90.0000,0.0000,
124932565700,108.4409,-2.4270,0.0574,-0.4420,0.0000,90.0000,0.0000,
124946502500,108.4547,-2.4270,0.0574,-0.4420,0.0000,90.0000,0.0000,
124960630100,108.4688,-2.4270,0.0574,-0.4420,0.0000,90.0000,0.0000,
124974333700,108.4826,-2.4270,0.0574,-0.4420,0.0000,90.0000,0.0000,
124988359500,108.4966,-2.4270,0.0574,-0.4420,0.0000,90.0000,0.0000,
125002685800,108.5109,-2.4270,0.0574,-0.4420,0.0000,90.0000,0.0000,
125016320800,108.5245,-2.4270,0.0574,-0.4420,0.0000,90.0000,0.0000,
125030142800,108.5384,-2.4270,0.0574,-0.4420,0.0000,90.0000,0.0000,
125044016100,108.5522,-2.4270,0.0574,-0.4420,0.0000,90.0000,0.0000,
125058159100,108.5664,-2.4270,0.0574,-0.4420,0.0000,90.0000,0.0000,
125071660300,108.5800,-2.4270,0.0574,-0.4420,0.0000,90.0000,0.0000,
125085848900,108.5940,-2.4270,0.0574,-0.4420,0.0000,90.0000,0.0000,
125100253700,108.6084,-2.4270,0.0574,-0.4420,0.0000,90.0000,0.0000,
125113572100,108.6219,-2.4270,0.0574,-0.4420,0.0000,90.0000,0.0000,
125127161600,108.6354,-2.4270,0.0574,-0.4420,0.0000,90.0000,0.0000,
125141138200,108.6493,-2.4270,0.0574,-0.4420,0.0000,90.0000,0.0000,
125154959600,108.6633,-2.4270,0.0574,-0.4420,0.0000,90.0000,0.0000,
125168954000,108.6772,-2.4270,0.0574,-0.4420,0.0000,90.0000,0.0000,
125183673900,108.6918,-2.4270,0.0574,-0.4420,0.0000,90.0000,0.0000,
125196941300,108.7051,-2.4270,0.0574,-0.4420,0.0000,90.0000,0.0000,
125210830300,108.7192,-2.4270,0.0574,-0.4420,0.0000,90.0000,0.0000,
125225104600,108.7333,-2.4270,0.0574,-0.4420,0.0000,90.0000,0.0000,
125238872600,108.7471,-2.4270,0.0574,-0.4420,0.0000,90.0000,0.0000,
125252428700,108.7607,-2.4270,0.0574,-0.4420,0.0000,90.0000,0.0000,
125266689400,108.7749,-2.4270,0.0574,-0.4420,0.0000,90.0000,0.0000,
125280754400,108.7890,-2.4270,0.0574,-0.4420,0.0000,90.0000,0.0000,
125294582600,108.8029,-2.4270,0.0574,-0.4420,0.0000,90.0000,0.0000,
125308750700,108.8169,-2.4270,0.0574,-0.4420,0.0000,90.0000,0.0000,
125322428400,108.8306,-2.4270,0.0574,-0.4420,0.0000,90.0000,0.0000,
125335834100,108.8442,-2.4270,0.0574,-0.4420,0.0000,90.0000,0.0000,
125349993500,108.8582,-2.4270,0.0574,-0.4420,0.0000,90.0000,0.0000,
125364143800,108.8723,-2.4270,0.0574,-0.4420,0.0000,90.0000,0.0000,
125377746200,108.8860,-2.4270,0.0574,-0.4420,0.0000,90.0000,0.0000,
125391595100,108.8999,-2.4270,0.0574,-0.4420,0.0000,90.0000,0.0000,
125405666600,108.9139,-2.4270,0.0574,-0.4420,0.0000,90.0000,0.0000,
125419682200,108.9278,-2.4270,0.0574,-0.4420,0.0000,90.0000,0.0000,
125433504900,108.9418,-2.4270,0.0574,-0.4420,0.0000,90.0000,0.0000,
125447702900,108.9559,-2.4270,0.0574,-0.4420,0.0000,90.0000,0.0000,
125461394900,108.9696,-2.4270,0.0574,-0.4420,0.0000,90.0000,0.0000,
125475396200,108.9837,-2.4270,0.0574,-0.4420,0.0000,90.0000,0.0000,
125489493700,108.9977,-2.4270,0.0574,-0.4420,0.0000,90.0000,0.0000,
125503205400,109.0114,-2.4270,0.0574,-0.4420,0.0000,90.0000,0.0000,
125517229300,109.0254,-2.4270,0.0574,-0.4420,0.0000,90.0000,0.0000,
125531035600,109.0393,-2.4270,0.0574,-0.4420,0.0000,90.0000,0.0000,
125545155800,109.0533,-2.4270,0.0574,-0.4420,0.0000,90.0000,0.0000,
125559237300,109.0674,-2.4270,0.0574,-0.4420,0.0000,90.0000,0.0000,
125572908300,109.0813,-2.4270,0.0574,-0.4420,0.0000,90.0000,0.0000,
125586875300,109.0950,-2.4270,0.0574,-0.4420,0.0000,90.0000,0.0000,
125600888900,109.1091,-2.4270,0.0574,-0.4420,0.0000,90.0000,0.0000,
125614718200,109.1231,-2.4270,0.0574,-0.4420,0.0000,90.0000,0.0000,
125628497300,109.1367,-2.4270,0.0574,-0.4420,0.0000,90.0000,0.0000,
125642660700,109.1508,-2.4270,0.0574,-0.4420,0.0000,90.0000,0.0000,
125656383300,109.1646,-2.4270,0.0574,-0.4420,0.0000,90.0000,0.0000,
125670130400,109.1785,-2.4270,0.0574,-0.4420,0.0000,90.0000,0.0000,
125684198200,109.1924,-2.4270,0.0574,-0.4420,0.0000,90.0000,0.0000,
125698353200,109.2065,-2.4270,0.0574,-0.4420,0.0000,90.0000,0.0000,
125712039300,109.2203,-0.1400,1.2246,-0.4724,341.2093,34.3745,207.6996,
125726054900,109.2341,-0.1400,1.2246,-0.4724,341.2093,34.3745,207.6996,
125739978700,109.2481,-0.1400,1.2246,-0.4724,341.2093,34.3745,207.6996,
125753711400,109.2619,-0.1356,1.2199,-0.4477,335.8823,28.2380,222.9742,
125767883100,109.2760,-0.1324,1.2165,-0.4300,333.6853,24.1840,231.8158,
125782118700,109.2902,-0.1349,1.2095,-0.4161,326.3463,22.5287,235.1614,
125795547900,109.3038,-0.1364,1.2043,-0.4051,322.4937,20.9447,237.9240,
125809495900,109.3175,-0.1342,1.2062,-0.4036,321.6736,19.2405,239.0800,
125823731600,109.3319,-0.1327,1.2070,-0.4012,320.8543,17.7732,240.4585,
125837360500,109.3455,-0.1316,1.2073,-0.3985,319.9902,16.2795,242.0762,
125851006700,109.3593,-0.1320,1.2072,-0.3989,319.7259,16.5707,240.3733,
125865588900,109.3735,-0.1323,1.2071,-0.3990,319.2161,16.6063,238.8665,
125879165000,109.3872,-0.1321,1.2070,-0.3993,318.1261,16.0664,238.6530,
125892831600,109.4011,-0.1319,1.2069,-0.3994,317.0060,15.3505,238.7798,
125907300200,109.4154,-0.1317,1.2067,-0.3994,315.8571,14.4769,239.1815,
125921104000,109.4292,-0.1316,1.2066,-0.3998,315.8834,14.6557,238.6102,
125934431500,109.4427,-0.1316,1.2065,-0.4001,315.8072,14.6809,238.2827,
125948883500,109.4570,-0.1316,1.2066,-0.4004,315.7776,14.5677,237.9203,
125962763300,109.4709,-0.1316,1.2066,-0.4005,315.6636,14.3567,237.6483,
125976738000,109.4848,-0.1319,1.2066,-0.4006,315.7560,14.2690,237.0326,
125990437200,109.4987,-0.1323,1.2066,-0.4005,315.7701,14.0955,236.5150,
126004946400,109.5130,-0.1328,1.2067,-0.4002,315.7180,13.8618,236.1076,
126018414800,109.5266,-2.3810,0.0377,-0.4420,60.0000,90.0000,0.0000,
126032412600,109.5407,-2.3810,0.0377,-0.4420,60.0000,90.0000,0.0000,
126046393400,109.5546,-2.3810,0.0377,-0.4420,60.0000,90.0000,0.0000,
126060673000,109.5688,-2.3810,0.0377,-0.4420,60.0000,90.0000,0.0000,
126074334800,109.5828,-2.4270,0.0574,-0.4420,0.0000,90.0000,0.0000,
126089051700,109.5973,-2.4270,0.0574,-0.4420,0.0000,90.0000,0.0000,
126102653100,109.6110,-2.4270,0.0574,-0.4420,0.0000,90.0000,0.0000,
126116244100,109.6246,-2.4270,0.0574,-0.4420,0.0000,90.0000,0.0000,
126130002900,109.6385,-2.4270,0.0574,-0.4420,0.0000,90.0000,0.0000,
126144181500,109.6525,-2.4270,0.0574,-0.4420,0.0000,90.0000,0.0000,
126158200200,109.6665,-2.4270,0.0574,-0.4420,0.0000,90.0000,0.0000,
126172038500,109.6805,-2.4270,0.0574,-0.4420,0.0000,90.0000,0.0000,
126186570900,109.6949,-2.4270,0.0574,-0.4420,0.0000,90.0000,0.0000,
126200399400,109.7086,-2.4270,0.0574,-0.4420,0.0000,90.0000,0.0000,
126214032900,109.7225,-2.4270,0.0574,-0.4420,0.0000,90.0000,0.0000,
126228090100,109.7364,-2.4270,0.0574,-0.4420,0.0000,90.0000,0.0000,
126242300400,109.7507,-2.4270,0.0574,-0.4420,0.0000,90.0000,0.0000,
126255850000,109.7643,-2.4270,0.0574,-0.4420,0.0000,90.0000,0.0000,
126269925800,109.7783,-2.4270,0.0574,-0.4420,0.0000,90.0000,0.0000,
126283927100,109.7923,-2.4270,0.0574,-0.4420,0.0000,90.0000,0.0000,
126297991300,109.8063,-2.4270,0.0574,-0.4420,0.0000,90.0000,0.0000,
126311689400,109.8201,-2.4270,0.0574,-0.4420,0.0000,90.0000,0.0000,
126325623500,109.8340,-2.4270,0.0574,-0.4420,0.0000,90.0000,0.0000,
126339664700,109.8480,-2.4270,0.0574,-0.4420,0.0000,90.0000,0.0000,
126353538400,109.8620,-2.4270,0.0574,-0.4420,0.0000,90.0000,0.0000,
126367615200,109.8758,-2.4270,0.0574,-0.4420,0.0000,90.0000,0.0000,
126381435300,109.8898,-2.4270,0.0574,-0.4420,0.0000,90.0000,0.0000,
126395305400,109.9038,-2.4270,0.0574,-0.4420,0.0000,90.0000,0.0000,
126409293300,109.9177,-2.4270,0.0574,-0.4420,0.0000,90.0000,0.0000,
126423223000,109.9315,-2.4270,0.0574,-0.4420,0.0000,90.0000,0.0000,
126437179800,109.9455,-2.4270,0.0574,-0.4420,0.0000,90.0000,0.0000,
126451299700,109.9598,-2.4270,0.0574,-0.4420,0.0000,90.0000,0.0000,
126464889800,109.9732,-2.4270,0.0574,-0.4420,0.0000,90.0000,0.0000,
126478939300,109.9872,-2.4270,0.0574,-0.4420,0.0000,90.0000,0.0000,
126492827800,110.0013,-2.4270,0.0574,-0.4420,0.0000,90.0000,0.0000,
126507246500,110.0156,-2.4270,0.0574,-0.4420,0.0000,90.0000,0.0000,
126520638300,110.0290,-2.4270,0.0574,-0.4420,0.0000,90.0000,0.0000,
126534657500,110.0431,-2.4270,0.0574,-0.4420,0.0000,90.0000,0.0000,
126548146400,110.0565,-2.4270,0.0574,-0.4420,0.0000,90.0000,0.0000,
126562412000,110.0707,-2.4270,0.0574,-0.4420,0.0000,90.0000,0.0000,
126576297200,110.0846,-2.4270,0.0574,-0.4420,0.0000,90.0000,0.0000,
126590216800,110.0986,-2.4270,0.0574,-0.4420,0.0000,90.0000,0.0000,
126604290900,110.1126,-2.4270,0.0574,-0.4420,0.0000,90.0000,0.0000,
126617870700,110.1262,-2.4270,0.0574,-0.4420,0.0000,90.0000,0.0000,
126631896400,110.1404,-2.4270,0.0574,-0.4420,0.0000,90.0000,0.0000,
126646037200,110.1543,-2.4270,0.0574,-0.4420,0.0000,90.0000,0.0000,
126660002200,110.1684,-2.4270,0.0574,-0.4420,0.0000,90.0000,0.0000,
126673727300,110.1822,-2.4270,0.0574,-0.4420,0.0000,90.0000,0.0000,
126687999700,110.1963,-2.4270,0.0574,-0.4420,0.0000,90.0000,0.0000,
126701768200,110.2100,-2.4270,0.0574,-0.4420,0.0000,90.0000,0.0000,
126715273500,110.2237,-2.4270,0.0574,-0.4420,0.0000,90.0000,0.0000,
126729486000,110.2378,-2.4270,0.0574,-0.4420,0.0000,90.0000,0.0000,
126743817800,110.2521,-2.4270,0.0574,-0.4420,0.0000,90.0000,0.0000,
126757513700,110.2658,-2.4270,0.0574,-0.4420,0.0000,90.0000,0.0000,
126770903200,110.2794,-2.4270,0.0574,-0.4420,0.0000,90.0000,0.0000,
126785232600,110.2935,-2.4270,0.0574,-0.4420,0.0000,90.0000,0.0000,
126799153700,110.3075,-2.4270,0.0574,-0.4420,0.0000,90.0000,0.0000,
126813271700,110.3217,-2.4270,0.0574,-0.4420,0.0000,90.0000,0.0000,
126827393900,110.3357,-2.4270,0.0574,-0.4420,0.0000,90.0000,0.0000,
126840607500,110.3490,-2.4270,0.0574,-0.4420,0.0000,90.0000,0.0000,
126854447100,110.3629,-2.4270,0.0574,-0.4420,0.0000,90.0000,0.0000,
126868799900,110.3771,-2.4270,0.0574,-0.4420,0.0000,90.0000,0.0000,
126882651400,110.3910,-2.4270,0.0574,-0.4420,0.0000,90.0000,0.0000,
126896573500,110.4049,-2.4270,0.0574,-0.4420,0.0000,90.0000,0.0000,
126910425400,110.4189,-2.4270,0.0574,-0.4420,0.0000,90.0000,0.0000,
126924773500,110.4331,-2.4270,0.0574,-0.4420,0.0000,90.0000,0.0000,
126937983000,110.4463,-2.4270,0.0574,-0.4420,0.0000,90.0000,0.0000,
126952086500,110.4605,-2.4270,0.0574,-0.4420,0.0000,90.0000,0.0000,
126966174400,110.4745,-2.4270,0.0574,-0.4420,0.0000,90.0000,0.0000,
126980115200,110.4884,-2.4270,0.0574,-0.4420,0.0000,90.0000,0.0000,
126993910800,110.5024,-2.4270,0.0574,-0.4420,0.0000,90.0000,0.0000,
127007974400,110.5163,-2.4270,0.0574,-0.4420,0.0000,90.0000,0.0000,
127022159700,110.5304,-2.4270,0.0574,-0.4420,0.0000,90.0000,0.0000,
127035797300,110.5442,-2.4270,0.0574,-0.4420,0.0000,90.0000,0.0000,
127049477400,110.5578,-2.4270,0.0574,-0.4420,0.0000,90.0000,0.0000,
127063384400,110.5717,-2.4270,0.0574,-0.4420,0.0000,90.0000,0.0000,
127077401800,110.5857,-2.4270,0.0574,-0.4420,0.0000,90.0000,0.0000,
127091497600,110.5999,-2.4270,0.0574,-0.4420,0.0000,90.0000,0.0000,
127105172300,110.6135,-2.4270,0.0574,-0.4420,0.0000,90.0000,0.0000,
127119329000,110.6277,-2.4270,0.0574,-0.4420,0.0000,90.0000,0.0000,
127132898500,110.6414,-2.4270,0.0574,-0.4420,0.0000,90.0000,0.0000,
127147346300,110.6556,-2.4270,0.0574,-0.4420,0.0000,90.0000,0.0000,
127161171800,110.6695,-2.4270,0.0574,-0.4420,0.0000,90.0000,0.0000,
127174616100,110.6831,-2.4270,0.0574,-0.4420,0.0000,90.0000,0.0000,
127188727800,110.6971,-2.4270,0.0574,-0.4420,0.0000,90.0000,0.0000,
127203177900,110.7115,-2.4270,0.0574,-0.4420,0.0000,90.0000,0.0000,
127216747300,110.7251,-2.4270,0.0574,-0.4420,0.0000,90.0000,0.0000,
127230611900,110.7391,-2.4270,0.0574,-0.4420,0.0000,90.0000,0.0000,
127244650500,110.7530,-2.4270,0.0574,-0.4420,0.0000,90.0000,0.0000,
127258652200,110.7670,-2.4270,0.0574,-0.4420,0.0000,90.0000,0.0000,
127272389200,110.7809,-2.4270,0.0574,-0.4420,0.0000,90.0000,0.0000,
127286181900,110.7945,-2.4270,0.0574,-0.4420,0.0000,90.0000,0.0000,
127300119600,110.8085,-2.4270,0.0574,-0.4420,0.0000,90.0000,0.0000,
127313993500,110.8224,-2.4270,0.0574,-0.4420,0.0000,90.0000,0.0000,
127327922600,110.8363,-2.4270,0.0574,-0.4420,0.0000,90.0000,0.0000,
127341965100,110.8503,-2.4270,0.0574,-0.4420,0.0000,90.0000,0.0000,
127356115600,110.8645,-2.4270,0.0574,-0.4420,0.0000,90.0000,0.0000,
127370023000,110.8784,-2.4270,0.0574,-0.4420,0.0000,90.0000,0.0000,
127383639900,110.8920,-2.4270,0.0574,-0.4420,0.0000,90.0000,0.0000,
127397874100,110.9062,-2.4270,0.0574,-0.4420,0.0000,90.0000,0.0000,
127411329200,110.9198,-2.4270,0.0574,-0.4420,0.0000,90.0000,0.0000,
127425427300,110.9337,-2.4270,0.0574,-0.4420,0.0000,90.0000,0.0000,
127439390500,110.9477,-2.4270,0.0574,-0.4420,0.0000,90.0000,0.0000,
127453517000,110.9620,-2.4270,0.0574,-0.4420,0.0000,90.0000,0.0000,
127467811800,110.9761,-2.4270,0.0574,-0.4420,0.0000,90.0000,0.0000,
127481418100,110.9897,-2.4270,0.0574,-0.4420,0.0000,90.0000,0.0000,
127494887400,111.0034,-2.4270,0.0574,-0.4420,0.0000,90.0000,0.0000,
127509025500,111.0174,-2.4270,0.0574,-0.4420,0.0000,90.0000,0.0000,
127522837400,111.0312,-2.4270,0.0574,-0.4420,0.0000,90.0000,0.0000,
127537494900,111.0458,-2.4270,0.0574,-0.4420,0.0000,90.0000,0.0000,
127550936000,111.0594,-2.4270,0.0574,-0.4420,0.0000,90.0000,0.0000,
127564802100,111.0732,-2.4270,0.0574,-0.4420,0.0000,90.0000,0.0000,
127578432000,111.0868,-2.4270,0.0574,-0.4420,0.0000,90.0000,0.0000,
127592712300,111.1011,-2.4270,0.0574,-0.4420,0.0000,90.0000,0.0000,
127606361200,111.1147,-2.4270,0.0574,-0.4420,0.0000,90.0000,0.0000,
127620228300,111.1286,-2.4270,0.0574,-0.4420,0.0000,90.0000,0.0000,
127634144800,111.1426,-2.4270,0.0574,-0.4420,0.0000,90.0000,0.0000,
127648206600,111.1565,-2.4270,0.0574,-0.4420,0.0000,90.0000,0.0000,
127662848600,111.1712,-2.4270,0.0574,-0.4420,0.0000,90.0000,0.0000,
127676299900,111.1846,-2.4270,0.0574,-0.4420,0.0000,90.0000,0.0000,
127690009600,111.1985,-2.4270,0.0574,-0.4420,0.0000,90.0000,0.0000,
127704288100,111.2126,-2.4270,0.0574,-0.4420,0.0000,90.0000,0.0000,
127717775000,111.2261,-2.4270,0.0574,-0.4420,0.0000,90.0000,0.0000,
127731785300,111.2403,-2.4270,0.0574,-0.4420,0.0000,90.0000,0.0000,
127745581500,111.2539,-2.4270,0.0574,-0.4420,0.0000,90.0000,0.0000,
127760198400,111.2685,-2.4270,0.0574,-0.4420,0.0000,90.0000,0.0000,
127773618500,111.2821,-2.4270,0.0574,-0.4420,0.0000,90.0000,0.0000,
127787744300,111.2961,-2.4270,0.0574,-0.4420,0.0000,90.0000,0.0000,
127801294200,111.3097,-2.4270,0.0574,-0.4420,0.0000,90.0000,0.0000,
127815621200,111.3240,-2.4270,0.0574,-0.4420,0.0000,90.0000,0.0000,
127829243700,111.3376,-2.4270,0.0574,-0.4420,0.0000,90.0000,0.0000,
127843046400,111.3514,-2.4270,0.0574,-0.4420,0.0000,90.0000,0.0000,
127856999600,111.3654,-2.4270,0.0574,-0.4420,0.0000,90.0000,0.0000,
127871129700,111.3795,-2.4270,0.0574,-0.4420,0.0000,90.0000,0.0000,
127884914700,111.3933,-2.4270,0.0574,-0.4420,0.0000,90.0000,0.0000,
127899302200,111.4076,-2.4270,0.0574,-0.4420,0.0000,90.0000,0.0000,
127912877200,111.4213,-2.4270,0.0574,-0.4420,0.0000,90.0000,0.0000,
127927047300,111.4353,-2.4270,0.0574,-0.4420,0.0000,90.0000,0.0000,
127941241300,111.4496,-2.4270,0.0574,-0.4420,0.0000,90.0000,0.0000,
127954758100,111.4632,-2.4270,0.0574,-0.4420,0.0000,90.0000,0.0000,
127968734400,111.4771,-2.4270,0.0574,-0.4420,0.0000,90.0000,0.0000,
127982641000,111.4909,-2.4270,0.0574,-0.4420,0.0000,90.0000,0.0000,
127996206100,111.5046,-2.4270,0.0574,-0.4420,0.0000,90.0000,0.0000,
128010266000,111.5187,-2.4270,0.0574,-0.4420,0.0000,90.0000,0.0000,
128024150700,111.5325,-2.4270,0.0574,-0.4420,0.0000,90.0000,0.0000,
128038354500,111.5467,-2.4270,0.0574,-0.4420,0.0000,90.0000,0.0000,
128052053700,111.5605,-2.4270,0.0574,-0.4420,0.0000,90.0000,0.0000,
128066240600,111.5746,-2.4270,0.0574,-0.4420,0.0000,90.0000,0.0000,
128080079600,111.5884,-2.4270,0.0574,-0.4420,0.0000,90.0000,0.0000,
128093980300,111.6024,-2.4270,0.0574,-0.4420,0.0000,90.0000,0.0000,
128107994500,111.6164,-2.4270,0.0574,-0.4420,0.0000,90.0000,0.0000,
128121948500,111.6303,-2.4270,0.0574,-0.4420,0.0000,90.0000,0.0000,
128135634700,111.6441,-2.4270,0.0574,-0.4420,0.0000,90.0000,0.0000,
128149907800,111.6581,-2.4270,0.0574,-0.4420,0.0000,90.0000,0.0000,
128163653800,111.6720,-2.4270,0.0574,-0.4420,0.0000,90.0000,0.0000,
128177716400,111.6861,-2.4270,0.0574,-0.4420,0.0000,90.0000,0.0000,
128191763600,111.7002,-2.4270,0.0574,-0.4420,0.0000,90.0000,0.0000,
128205929900,111.7142,-2.4270,0.0574,-0.4420,0.0000,90.0000,0.0000,
128219415100,111.7278,-2.4270,0.0574,-0.4420,0.0000,90.0000,0.0000,
128233297000,111.7418,-2.4270,0.0574,-0.4420,0.0000,90.0000,0.0000,
128247332200,111.7556,-2.4270,0.0574,-0.4420,0.0000,90.0000,0.0000,
128261152800,111.7695,-2.4270,0.0574,-0.4420,0.0000,90.0000,0.0000,
128274963100,111.7834,-2.4270,0.0574,-0.4420,0.0000,90.0000,0.0000,
128289095800,111.7974,-2.4270,0.0574,-0.4420,0.0000,90.0000,0.0000,
128302918400,111.8113,-2.4270,0.0574,-0.4420,0.0000,90.0000,0.0000,
128316994900,111.8252,-2.4270,0.0574,-0.4420,0.0000,90.0000,0.0000,
128330194700,111.8387,-2.4270,0.0574,-0.4420,0.0000,90.0000,0.0000,
128343952100,111.8523,-2.4270,0.0574,-0.4420,0.0000,90.0000,0.0000,
128357830200,111.8662,-2.4270,0.0574,-0.4420,0.0000,90.0000,0.0000,
128371697300,111.8801,-2.4270,0.0574,-0.4420,0.0000,90.0000,0.0000,
128385493400,111.8938,-2.4270,0.0574,-0.4420,0.0000,90.0000,0.0000,
128399358700,111.9077,-2.4270,0.0574,-0.4420,0.0000,90.0000,0.0000,
128413153500,111.9216,-2.4270,0.0574,-0.4420,0.0000,90.0000,0.0000,
128427228700,111.9355,-2.4270,0.0574,-0.4420,0.0000,90.0000,0.0000,
128441094200,111.9494,-2.4270,0.0574,-0.4420,0.0000,90.0000,0.0000,
128455040000,111.9635,-2.4270,0.0574,-0.4420,0.0000,90.0000,0.0000,
128468711400,111.9771,-2.4270,0.0574,-0.4420,0.0000,90.0000,0.0000,
128482364100,111.9907,-2.4270,0.0574,-0.4420,0.0000,90.0000,0.0000,
128496455900,112.0048,-2.4270,0.0574,-0.4420,0.0000,90.0000,0.0000,
128509994700,112.0185,-2.4270,0.0574,-0.4420,0.0000,90.0000,0.0000,
128524258300,112.0326,-2.4270,0.0574,-0.4420,0.0000,90.0000,0.0000,
128538433900,112.0467,-2.4270,0.0574,-0.4420,0.0000,90.0000,0.0000,
128551574800,112.0601,-2.4270,0.0574,-0.4420,0.0000,90.0000,0.0000,
128566008300,112.0744,-2.4270,0.0574,-0.4420,0.0000,90.0000,0.0000,
128579955700,112.0883,-2.4270,0.0574,-0.4420,0.0000,90.0000,0.0000,
128593790700,112.1022,-2.4270,0.0574,-0.4420,0.0000,90.0000,0.0000,
128608019300,112.1164,-2.4270,0.0574,-0.4420,0.0000,90.0000,0.0000,
128621883100,112.1301,-2.4270,0.0574,-0.4420,0.0000,90.0000,0.0000,
128635994600,112.1443,-2.4270,0.0574,-0.4420,0.0000,90.0000,0.0000,
128649918600,112.1579,-2.4270,0.0574,-0.4420,0.0000,90.0000,0.0000,
128664058600,112.1722,-2.4270,0.0574,-0.4420,0.0000,90.0000,0.0000,
128677693900,112.1859,-2.4270,0.0574,-0.4420,0.0000,90.0000,0.0000,
128691918100,112.2002,-2.4270,0.0574,-0.4420,0.0000,90.0000,0.0000,
128706462900,112.2146,-2.4270,0.0574,-0.4420,0.0000,90.0000,0.0000,
128719395200,112.2276,-2.4270,0.0574,-0.4420,0.0000,90.0000,0.0000,
128732862400,112.2412,-2.4270,0.0574,-0.4420,0.0000,90.0000,0.0000,
128746862800,112.2551,-2.4270,0.0574,-0.4420,0.0000,90.0000,0.0000,
128760908400,112.2690,-2.4270,0.0574,-0.4420,0.0000,90.0000,0.0000,
128774424600,112.2828,-2.4270,0.0574,-0.4420,0.0000,90.0000,0.0000,
128788907400,112.2971,-2.4270,0.0574,-0.4420,0.0000,90.0000,0.0000,
128802466500,112.3107,-2.4270,0.0574,-0.4420,0.0000,90.0000,0.0000,
128817208100,112.3253,-2.4270,0.0574,-0.4420,0.0000,90.0000,0.0000,
128830510700,112.3389,-2.4270,0.0574,-0.4420,0.0000,90.0000,0.0000,
128844620900,112.3528,-2.4270,0.0574,-0.4420,0.0000,90.0000,0.0000,
128858549500,112.3668,-2.4270,0.0574,-0.4420,0.0000,90.0000,0.0000,
128872358500,112.3806,-2.4270,0.0574,-0.4420,0.0000,90.0000,0.0000,
128886090900,112.3943,-2.4270,0.0574,-0.4420,0.0000,90.0000,0.0000,
128900279600,112.4085,-2.4270,0.0574,-0.4420,0.0000,90.0000,0.0000,
128914137400,112.4225,-2.4270,0.0574,-0.4420,0.0000,90.0000,0.0000,
128928372000,112.4365,-2.4270,0.0574,-0.4420,0.0000,90.0000,0.0000,
128941936900,112.4501,-2.4270,0.0574,-0.4420,0.0000,90.0000,0.0000,
128956063700,112.4644,-2.4270,0.0574,-0.4420,0.0000,90.0000,0.0000,
128971685400,112.4799,-2.4270,0.0574,-0.4420,0.0000,90.0000,0.0000,
128985703000,112.4938,-2.4270,0.0574,-0.4420,0.0000,90.0000,0.0000,
128999278100,112.5075,-2.4270,0.0574,-0.4420,0.0000,90.0000,0.0000,
129012647400,112.5210,-2.4270,0.0574,-0.4420,0.0000,90.0000,0.0000,
129026493800,112.5347,-2.4270,0.0574,-0.4420,0.0000,90.0000,0.0000,
129040272600,112.5484,-2.4270,0.0574,-0.4420,0.0000,90.0000,0.0000,
129053977900,112.5623,-2.4270,0.0574,-0.4420,0.0000,90.0000,0.0000,
129067492100,112.5757,-2.4270,0.0574,-0.4420,0.0000,90.0000,0.0000,
129081564800,112.5898,-2.4270,0.0574,-0.4420,0.0000,90.0000,0.0000,
129095577500,112.6039,-2.4270,0.0574,-0.4420,0.0000,90.0000,0.0000,
129109172700,112.6173,-2.4270,0.0574,-0.4420,0.0000,90.0000,0.0000,
129123137700,112.6313,-2.4270,0.0574,-0.4420,0.0000,90.0000,0.0000,
129137065000,112.6453,-2.4270,0.0574,-0.4420,0.0000,90.0000,0.0000,
129150902600,112.6592,-2.4270,0.0574,-0.4420,0.0000,90.0000,0.0000,
129164990700,112.6732,-2.4270,0.0574,-0.4420,0.0000,90.0000,0.0000,
129178362700,112.6866,-2.4270,0.0574,-0.4420,0.0000,90.0000,0.0000,
129192462900,112.7008,-2.4270,0.0574,-0.4420,0.0000,90.0000,0.0000,
129206426000,112.7146,-2.4270,0.0574,-0.4420,0.0000,90.0000,0.0000,
129220765500,112.7289,-2.4270,0.0574,-0.4420,0.0000,90.0000,0.0000,
129234185900,112.7425,-2.4270,0.0574,-0.4420,0.0000,90.0000,0.0000,
129248366800,112.7566,-2.4270,0.0574,-0.4420,0.0000,90.0000,0.0000,
129262222600,112.7703,-2.4270,0.0574,-0.4420,0.0000,90.0000,0.0000,
129275536100,112.7839,-2.4270,0.0574,-0.4420,0.0000,90.0000,0.0000,
129289683300,112.7979,-2.4270,0.0574,-0.4420,0.0000,90.0000,0.0000,
129303558100,112.8117,-2.4270,0.0574,-0.4420,0.0000,90.0000,0.0000,
129317478900,112.8256,-2.4270,0.0574,-0.4420,0.0000,90.0000,0.0000,
129331492400,112.8398,-2.4270,0.0574,-0.4420,0.0000,90.0000,0.0000,
129345374900,112.8536,-2.4270,0.0574,-0.4420,0.0000,90.0000,0.0000,
129359220200,112.8674,-2.4270,0.0574,-0.4420,0.0000,90.0000,0.0000,
129373406600,112.8817,-2.4270,0.0574,-0.4420,0.0000,90.0000,0.0000,
129387151100,112.8953,-2.4270,0.0574,-0.4420,0.0000,90.0000,0.0000,
129401279700,112.9095,-2.4270,0.0574,-0.4420,0.0000,90.0000,0.0000,
129415085100,112.9234,-2.4270,0.0574,-0.4420,0.0000,90.0000,0.0000,
129428948600,112.9371,-2.4270,0.0574,-0.4420,0.0000,90.0000,0.0000,
129442802000,112.9510,-2.4270,0.0574,-0.4420,0.0000,90.0000,0.0000,
129457094700,112.9653,-2.4270,0.0574,-0.4420,0.0000,90.0000,0.0000,
129470457600,112.9788,-2.4270,0.0574,-0.4420,0.0000,90.0000,0.0000,
129484921300,112.9930,-2.4270,0.0574,-0.4420,0.0000,90.0000,0.0000,
129498766300,113.0070,-2.4270,0.0574,-0.4420,0.0000,90.0000,0.0000,
129512586300,113.0209,-2.4270,0.0574,-0.4420,0.0000,90.0000,0.0000,
129526757600,113.0350,-2.4270,0.0574,-0.4420,0.0000,90.0000,0.0000,
129540690200,113.0488,-2.4270,0.0574,-0.4420,0.0000,90.0000,0.0000,
129554889500,113.0632,-2.4270,0.0574,-0.4420,0.0000,90.0000,0.0000,
129568646300,113.0768,-2.4270,0.0574,-0.4420,0.0000,90.0000,0.0000,
129581979100,113.0902,-2.4270,0.0574,-0.4420,0.0000,90.0000,0.0000,
129596385800,113.1045,-2.4270,0.0574,-0.4420,0.0000,90.0000,0.0000,
129609869100,113.1181,-2.4270,0.0574,-0.4420,0.0000,90.0000,0.0000,
129624148700,113.1324,-2.4270,0.0574,-0.4420,0.0000,90.0000,0.0000,
129637744500,113.1459,-2.4270,0.0574,-0.4420,0.0000,90.0000,0.0000,
129651833300,113.1601,-2.4270,0.0574,-0.4420,0.0000,90.0000,0.0000,
129665948800,113.1742,-2.4270,0.0574,-0.4420,0.0000,90.0000,0.0000,
129679614000,113.1878,-2.4270,0.0574,-0.4420,0.0000,90.0000,0.0000,
129693196100,113.2016,-2.4270,0.0574,-0.4420,0.0000,90.0000,0.0000,
129707389200,113.2155,-2.4270,0.0574,-0.4420,0.0000,90.0000,0.0000,
129721275300,113.2295,-2.4270,0.0574,-0.4420,0.0000,90.0000,0.0000,
129734968900,113.2433,-2.4270,0.0574,-0.4420,0.0000,90.0000,0.0000,
129749171000,113.2574,-2.4270,0.0574,-0.4420,0.0000,90.0000,0.0000,
129763079000,113.2712,-2.4270,0.0574,-0.4420,0.0000,90.0000,0.0000,
129776968100,113.2852,-2.4270,0.0574,-0.4420,0.0000,90.0000,0.0000,
129791169400,113.2995,-2.4270,0.0574,-0.4420,0.0000,90.0000,0.0000,
129805171500,113.3134,-2.4270,0.0574,-0.4420,0.0000,90.0000,0.0000,
129819530000,113.3277,-2.4270,0.0574,-0.4420,0.0000,90.0000,0.0000,
129832946700,113.3413,-2.4270,0.0574,-0.4420,0.0000,90.0000,0.0000,
129846867300,113.3551,-2.4270,0.0574,-0.4420,0.0000,90.0000,0.0000,
129860516500,113.3687,-2.4270,0.0574,-0.4420,0.0000,90.0000,0.0000,
129875060400,113.3833,-2.4270,0.0574,-0.4420,0.0000,90.0000,0.0000,
129888359900,113.3966,-2.4270,0.0574,-0.4420,0.0000,90.0000,0.0000,
129902434400,113.4106,-2.4270,0.0574,-0.4420,0.0000,90.0000,0.0000,
129916606900,113.4248,-2.4270,0.0574,-0.4420,0.0000,90.0000,0.0000,
129930160100,113.4385,-2.4270,0.0574,-0.4420,0.0000,90.0000,0.0000,
129944154000,113.4524,-2.4270,0.0574,-0.4420,0.0000,90.0000,0.0000,
129958271700,113.4665,-2.4270,0.0574,-0.4420,0.0000,90.0000,0.0000,
129971748200,113.4801,-2.4270,0.0574,-0.4420,0.0000,90.0000,0.0000,
129986335200,113.4945,-2.4270,0.0574,-0.4420,0.0000,90.0000,0.0000,
130000087700,113.5083,-2.4270,0.0574,-0.4420,0.0000,90.0000,0.0000,
130013598800,113.5220,-2.4270,0.0574,-0.4420,0.0000,90.0000,0.0000,
130028005700,113.5362,-2.4270,0.0574,-0.4420,0.0000,90.0000,0.0000,
130041647800,113.5498,-2.4270,0.0574,-0.4420,0.0000,90.0000,0.0000,
130055804400,113.5642,-2.4270,0.0574,-0.4420,0.0000,90.0000,0.0000,
130069497100,113.5777,-2.4270,0.0574,-0.4420,0.0000,90.0000,0.0000,
130083879600,113.5921,-2.4270,0.0574,-0.4420,0.0000,90.0000,0.0000,
130097896500,113.6061,-2.4270,0.0574,-0.4420,0.0000,90.0000,0.0000,
130111447500,113.6198,-2.4270,0.0574,-0.4420,0.0000,90.0000,0.0000,
130125756900,113.6340,-2.4270,0.0574,-0.4420,0.0000,90.0000,0.0000,
130139445500,113.6477,-2.4270,0.0574,-0.4420,0.0000,90.0000,0.0000,
130152974000,113.6613,-2.4270,0.0574,-0.4420,0.0000,90.0000,0.0000,
130166986000,113.6752,-2.4270,0.0574,-0.4420,0.0000,90.0000,0.0000,
130181331200,113.6896,-2.4270,0.0574,-0.4420,0.0000,90.0000,0.0000,
130195088900,113.7034,-2.4270,0.0574,-0.4420,0.0000,90.0000,0.0000,
130209229200,113.7174,-2.4270,0.0574,-0.4420,0.0000,90.0000,0.0000,
130223273500,113.7315,-2.4270,0.0574,-0.4420,0.0000,90.0000,0.0000,
130236651900,113.7449,-2.4270,0.0574,-0.4420,0.0000,90.0000,0.0000,
130250331100,113.7587,-2.4270,0.0574,-0.4420,0.0000,90.0000,0.0000,
130264768700,113.7729,-2.4270,0.0574,-0.4420,0.0000,90.0000,0.0000,
130278415200,113.7866,-2.4270,0.0574,-0.4420,0.0000,90.0000,0.0000,
130292686400,113.8010,-2.4270,0.0574,-0.4420,0.0000,90.0000,0.0000,
130306469200,113.8147,-2.4270,0.0574,-0.4420,0.0000,90.0000,0.0000,
130320176000,113.8283,-2.4270,0.0574,-0.4420,0.0000,90.0000,0.0000,
130334150900,113.8425,-2.4270,0.0574,-0.4420,0.0000,90.0000,0.0000,
130348220300,113.8564,-2.4270,0.0574,-0.4420,0.0000,90.0000,0.0000,
130362398000,113.8706,-2.4270,0.0574,-0.4420,0.0000,90.0000,0.0000,
130376089300,113.8844,-2.4270,0.0574,-0.4420,0.0000,90.0000,0.0000,
130389700800,113.8979,-2.4270,0.0574,-0.4420,0.0000,90.0000,0.0000,
130403523500,113.9117,-2.4270,0.0574,-0.4420,0.0000,90.0000,0.0000,
130417573800,113.9258,-2.4270,0.0574,-0.4420,0.0000,90.0000,0.0000,
130432306100,113.9406,-2.4270,0.0574,-0.4420,0.0000,90.0000,0.0000,
130446477900,113.9547,-2.4270,0.0574,-0.4420,0.0000,90.0000,0.0000,
130460123100,113.9683,-2.4270,0.0574,-0.4420,0.0000,90.0000,0.0000,
130473418800,113.9818,-2.4270,0.0574,-0.4420,0.0000,90.0000,0.0000,
130487656200,113.9958,-2.4270,0.0574,-0.4420,0.0000,90.0000,0.0000,
130501421000,114.0096,-2.4270,0.0574,-0.4420,0.0000,90.0000,0.0000,
130515423800,114.0238,-2.4270,0.0574,-0.4420,0.0000,90.0000,0.0000,
130529591300,114.0378,-2.4270,0.0574,-0.4420,0.0000,90.0000,0.0000,
130543458400,114.0516,-2.4270,0.0574,-0.4420,0.0000,90.0000,0.0000,
130557036700,114.0652,-2.4270,0.0574,-0.4420,0.0000,90.0000,0.0000,
130571332900,114.0797,-2.4270,0.0574,-0.4420,0.0000,90.0000,0.0000,
130585531100,114.0937,-2.4270,0.0574,-0.4420,0.0000,90.0000,0.0000,
130599311900,114.1074,-2.4270,0.0574,-0.4420,0.0000,90.0000,0.0000,
130612732700,114.1211,-2.4270,0.0574,-0.4420,0.0000,90.0000,0.0000,
130627412000,114.1356,-2.4270,0.0574,-0.4420,0.0000,90.0000,0.0000,
130640828500,114.1490,-2.4270,0.0574,-0.4420,0.0000,90.0000,0.0000,
130654469300,114.1627,-2.4270,0.0574,-0.4420,0.0000,90.0000,0.0000,
130668701900,114.1769,-2.4270,0.0574,-0.4420,0.0000,90.0000,0.0000,
130682286000,114.1905,-2.4270,0.0574,-0.4420,0.0000,90.0000,0.0000,
130696523100,114.2048,-2.4270,0.0574,-0.4420,0.0000,90.0000,0.0000,
130710064500,114.2184,-2.4270,0.0574,-0.4420,0.0000,90.0000,0.0000,
130724522100,114.2327,-2.4270,0.0574,-0.4420,0.0000,90.0000,0.0000,
130738138600,114.2464,-2.4270,0.0574,-0.4420,0.0000,90.0000,0.0000,
130751886900,114.2602,-2.4270,0.0574,-0.4420,0.0000,90.0000,0.0000,
130765932200,114.2741,-2.4270,0.0574,-0.4420,0.0000,90.0000,0.0000,
130780396200,114.2886,-2.4270,0.0574,-0.4420,0.0000,90.0000,0.0000,
130794056000,114.3024,-2.4270,0.0574,-0.4420,0.0000,90.0000,0.0000,
130807920100,114.3160,-0.0821,0.9473,-0.5455,45.9621,35.3417,216.3602,
130822345700,114.3303,-0.0821,0.9473,-0.5455,45.9621,35.3417,216.3602,
130836180100,114.3445,-0.0821,0.9473,-0.5455,45.9621,35.3417,216.3602,
130850480200,114.3585,-0.0766,0.9349,-0.5407,48.8132,38.0670,221.0232,
130863480100,114.3716,-0.0726,0.9260,-0.5373,51.3454,41.1123,225.8615,
130877681300,114.3857,-0.0696,0.9192,-0.5347,53.0789,43.6596,229.6993,
130891323100,114.3996,-0.0790,0.9055,-0.5386,48.8885,61.0783,241.6715,
130905175400,114.4133,-0.0854,0.8950,-0.5412,45.8041,69.8514,247.5363,
130919093300,114.4272,-0.0903,0.8914,-0.5380,43.9683,75.1944,251.6855,
130932989300,114.4412,-0.0939,0.8877,-0.5356,42.5369,78.8564,254.5378,
130947106600,114.4552,-0.0930,0.8866,-0.5350,41.0657,76.5015,255.2966,
130960923400,114.4690,-0.0926,0.8853,-0.5344,39.6050,75.3419,256.5506,
130974720300,114.4830,-0.0924,0.8835,-0.5338,38.2083,74.9941,258.0393,
130988909700,114.4970,-0.0924,0.8839,-0.5341,38.7314,73.2611,256.5695,
131002833900,114.5110,-0.0924,0.8842,-0.5343,38.9782,71.9249,255.5470,
131016626900,114.5248,-0.0915,0.8865,-0.5350,39.9625,69.5145,254.1149,
131030594100,114.5389,-0.0906,0.8886,-0.5357,40.5494,67.7516,253.2195,
131044693900,114.5527,-0.0877,0.8915,-0.5357,40.8715,65.4565,251.5764,
131058475500,114.5666,-0.0855,0.8933,-0.5356,40.9893,63.8094,250.5147,
131072448800,114.5808,-0.0839,0.8944,-0.5354,40.9976,62.6109,249.8371,
131086626400,114.5947,-0.0831,0.8950,-0.5359,41.1084,61.8497,249.5829,
131100579500,114.6087,-0.0825,0.8954,-0.5362,41.1600,61.2095,249.4161,
131114106300,114.6224,-0.0819,0.8955,-0.5374,41.1730,61.0680,249.3589,
131128062100,114.6362,-0.0812,0.8955,-0.5385,41.1713,60.9582,249.3307,
131142071700,114.6502,-0.0806,0.8955,-0.5395,41.1618,60.8495,249.3135,
131155761500,114.6640,-0.0804,0.8953,-0.5393,41.1827,60.6200,249.1805,
131170052500,114.6782,-0.0802,0.8952,-0.5392,41.1990,60.3243,249.0249,
131183797900,114.6919,-0.0800,0.8949,-0.5392,41.2052,60.3161,248.9992,
131197784400,114.7059,-0.0798,0.8946,-0.5392,41.2097,60.3056,248.9739,
131211448000,114.7197,-0.0798,0.8945,-0.5392,41.2439,60.3064,248.9333,
131225514600,114.7337,-0.0797,0.8944,-0.5392,41.2944,60.3062,248.8744,
131239388100,114.7475,-0.0797,0.8943,-0.5392,41.3652,60.3043,248.7930,
131253453700,114.7617,-0.0797,0.8940,-0.5390,41.5386,60.2859,248.5792,
131267611200,114.7757,-0.0798,0.8935,-0.5386,41.7384,60.2605,248.3334,
131281296200,114.7894,-0.0793,0.8931,-0.5382,41.7114,60.2463,248.3168,
131295377400,114.8037,-0.0788,0.8926,-0.5378,41.6801,60.2304,248.3013,
131309256100,114.8174,-0.0787,0.8924,-0.5380,41.6915,60.2239,248.2861,
131323643700,114.8317,-0.0786,0.8922,-0.5382,41.7036,60.2168,248.2718,
131337019300,114.8452,-0.0784,0.8919,-0.5384,41.7163,60.2092,248.2583,
131350724900,114.8590,-0.0786,0.8914,-0.5387,41.7201,60.2274,248.2545,
131364719200,114.8729,-0.0788,0.8908,-0.5391,41.7236,60.2476,248.2522,
131378684800,114.8868,-0.0790,0.8903,-0.5394,41.8556,60.3569,248.2123,
131392311200,114.9006,-0.0792,0.8899,-0.5397,42.0985,60.5588,248.1447,
131406781300,114.9149,-0.0794,0.8895,-0.5399,42.3877,60.7999,248.0709,
131420334800,114.9285,-0.0795,0.8893,-0.5397,42.5873,60.9329,248.0234,
131434285400,114.9425,-0.0795,0.8892,-0.5394,42.7692,61.0546,247.9840,
131448252900,114.9564,-0.0792,0.8888,-0.5384,42.8551,61.0522,247.9129,
131462067700,114.9702,-0.0788,0.8884,-0.5373,42.9266,61.0499,247.8548,
131475968000,114.9843,-0.0784,0.8879,-0.5361,42.9949,61.0473,247.8001,
131490038500,114.9981,-0.0783,0.8879,-0.5362,42.9895,61.0584,247.8191,
131504029300,115.0122,-0.0782,0.8879,-0.5363,42.9832,61.0703,247.8406,
131517888500,115.0260,-0.0778,0.8876,-0.5365,42.9600,61.0534,247.9239,
131531532900,115.0399,-0.0771,0.8871,-0.5368,42.8885,61.0005,248.1782,
131545991100,115.0541,-0.0768,0.8870,-0.5370,42.7155,60.8904,248.4457,
131559523100,115.0677,-0.0765,0.8869,-0.5371,42.5267,60.7686,248.7332,
131573520800,115.0819,-0.0763,0.8868,-0.5373,42.3377,60.6451,249.0171,
131587403500,115.0956,-0.0762,0.8867,-0.5374,42.3230,60.6585,249.1663,
131601306100,115.1094,-0.0762,0.8866,-0.5376,42.3105,60.6678,249.2811,
131615231500,115.1235,-0.0759,0.8860,-0.5373,42.2742,60.5869,249.2928,
131629510700,115.1377,-0.0755,0.8851,-0.5369,42.2346,60.4995,249.3045,
131642983300,115.1512,-0.0756,0.8849,-0.5374,42.2680,60.5114,249.3218,
131656974500,115.1651,-0.0758,0.8846,-0.5378,42.3049,60.5252,249.3404,
131670713800,115.1791,-0.0761,0.8843,-0.5384,42.3453,60.5409,249.3603,
131684845000,115.1929,-0.0757,0.8841,-0.5385,42.3444,60.5437,249.3980,
131698745400,115.2069,-0.0753,0.8839,-0.5386,42.3426,60.5468,249.4385,
131712777900,115.2210,-0.0748,0.8836,-0.5386,42.3400,60.5503,249.4815,
131726525700,115.2347,-0.0748,0.8835,-0.5389,42.4282,60.6413,249.5565,
131740549600,115.2487,-0.0748,0.8835,-0.5392,42.5994,60.8207,249.7007,
131754270900,115.2626,-0.0749,0.8833,-0.5392,42.6943,60.8396,249.7575,
131768304200,115.2764,-0.0750,0.8830,-0.5392,42.7826,60.8560,249.8084,
131782276600,115.2905,-0.0747,0.8828,-0.5387,42.7671,60.8707,249.8456,
131795990800,115.3043,-0.0741,0.8823,-0.5379,42.7483,60.8859,249.8845,
131810124600,115.3183,-0.0734,0.8817,-0.5370,42.7263,60.9016,249.9250,
131824135700,115.3322,-0.0732,0.8812,-0.5365,42.6655,60.8614,249.9730,
131837917100,115.3461,-0.0731,0.8808,-0.5361,42.5609,60.7912,250.0490,
131851636800,115.3600,-0.0731,0.8807,-0.5362,42.4931,60.7212,250.0672,
131866061800,115.3743,-0.0731,0.8807,-0.5363,42.4242,60.6495,250.0813,
131879841900,115.3878,-0.0731,0.8806,-0.5365,42.4183,60.6507,250.0747,
131893390200,115.4017,-0.0732,0.8805,-0.5368,42.4125,60.6524,250.0656,
131907489100,115.4156,-0.0732,0.8804,-0.5372,42.4068,60.6547,250.0541,
131921422100,115.4296,-0.0735,0.8801,-0.5375,42.4282,60.6827,250.0245,
131935373700,115.4436,-0.0738,0.8797,-0.5379,42.4645,60.7292,249.9742,
131949379400,115.4575,-0.0742,0.8791,-0.5384,42.4917,60.8064,250.0125,
131963231700,115.4714,-0.0746,0.8786,-0.5390,42.5283,60.9104,250.0644,
131977111300,115.4853,-0.0750,0.8782,-0.5396,42.7764,61.2587,250.2706,
131991424900,115.4997,-0.0754,0.8778,-0.5401,43.0944,61.7058,250.5390,
132005028300,115.5132,-0.0757,0.8775,-0.5406,43.4286,62.1782,250.8268,
132018943400,115.5271,-0.0757,0.8773,-0.5405,43.5614,62.2339,250.9452,
132032844300,115.5412,-0.0757,0.8771,-0.5404,43.6676,62.2786,251.0399,
132047367000,115.5555,-0.0755,0.8772,-0.5403,43.6839,62.3066,251.0896,
132060828100,115.5690,-0.0754,0.8772,-0.5403,43.6970,62.3290,251.1293,
132074597600,115.5829,-0.0753,0.8771,-0.5403,43.6801,62.3262,251.1714,
132088616200,115.5968,-0.0752,0.8771,-0.5404,43.6571,62.3215,251.2258,
132102897200,115.6110,-0.0752,0.8771,-0.5405,43.6193,62.3128,251.3114,
132116615000,115.6248,-0.0752,0.8770,-0.5406,43.6271,62.2942,251.3091,
132130633800,115.6390,-0.0753,0.8769,-0.5407,43.6357,62.2734,251.3047,
132144556700,115.6527,-0.0751,0.8769,-0.5407,43.6367,62.2551,251.3028,
132158381500,115.6665,-0.0750,0.8769,-0.5408,43.6376,62.2352,251.2995,
132172317600,115.6807,-0.0749,0.8769,-0.5409,43.6384,62.2139,251.2947,
132186508000,115.6947,-0.0748,0.8768,-0.5409,43.6255,62.2016,251.2560,
132200418600,115.7086,-0.0747,0.8766,-0.5409,43.6112,62.1888,251.2131,
132214356600,115.7226,-0.0747,0.8763,-0.5410,43.6369,62.1749,251.1912,
132228602100,115.7368,-0.0746,0.8760,-0.5412,43.6653,62.1604,251.1677,
132242496100,115.7506,-0.0745,0.8755,-0.5414,43.6965,62.1455,251.1426,
132256662800,115.7648,-0.0742,0.8752,-0.5417,43.7980,62.2521,251.0014,
132270098800,115.7783,-0.0738,0.8750,-0.5420,43.9615,62.4286,250.7759,
132284281800,115.7924,-0.0738,0.8749,-0.5421,44.1474,62.4020,250.5645,
132297870900,115.8060,-0.0737,0.8748,-0.5422,44.3253,62.3767,250.3629,
132311603000,115.8199,-0.0736,0.8746,-0.5420,44.5336,62.4418,250.1247,
132325913100,115.8340,-0.0734,0.8744,-0.5419,44.7472,62.5102,249.8817,
132339608900,115.8478,-0.0732,0.8740,-0.5417,44.9569,62.5786,249.6438,
132353499300,115.8619,-0.0732,0.8739,-0.5417,45.3105,62.6952,249.5703,
132367605700,115.8758,-0.0733,0.8738,-0.5418,45.6635,62.8136,249.4978,
132382367800,115.8905,-0.0731,0.8731,-0.5416,45.8382,62.9118,249.3873,
132395279000,115.9036,-0.0730,0.8721,-0.5415,45.9995,63.0033,249.2859,
132409304100,115.9175,-0.0727,0.8719,-0.5414,46.0581,63.0016,248.9773,
132423047500,115.9313,-0.0724,0.8717,-0.5413,46.1215,62.9995,248.6387,
132437197000,115.9453,-0.0721,0.8715,-0.5413,46.1874,62.9971,248.2832,
132450544800,115.9589,-0.0716,0.8710,-0.5413,46.1900,63.0135,248.1448,
132464913200,115.9731,-0.0710,0.8703,-0.5413,46.1921,63.0273,248.0266,
132478513500,115.9867,-0.0707,0.8688,-0.5413,46.1501,63.0717,247.8758,
132492733400,116.0010,-0.0705,0.8673,-0.5413,46.1025,63.1222,247.7049,
132506903600,116.0151,-0.0702,0.8659,-0.5412,46.0508,63.1772,247.5191,
132520725300,116.0289,-0.0701,0.8651,-0.5418,45.9597,63.2230,247.4321,
132534878900,116.0432,-0.0699,0.8643,-0.5422,45.8713,63.2675,247.3477,
132549719200,116.0577,-0.0691,0.8639,-0.5423,45.5293,63.2548,247.2162,
132562857600,116.0711,-0.0683,0.8634,-0.5425,45.1123,63.2397,247.0582,
132576723500,116.0849,-0.0680,0.8626,-0.5428,45.0194,63.3373,247.0533,
132590821000,116.0992,-0.0677,0.8619,-0.5431,44.9472,63.4146,247.0504,
132604757700,116.1129,-0.0674,0.8611,-0.5434,44.8820,63.4853,247.0483,
132618545100,116.1268,-0.0670,0.8605,-0.5438,44.7800,63.6264,247.0587,
132632361100,116.1407,-0.0667,0.8598,-0.5443,44.6617,63.7914,247.0712,
132646529300,116.1547,-0.0663,0.8591,-0.5447,44.5340,63.9707,247.0853,
132660593200,116.1687,-0.0661,0.8587,-0.5450,44.6602,64.4494,247.0477,
132674332500,116.1827,-0.0660,0.8583,-0.5453,44.8119,65.0147,247.0063,
132688444700,116.1966,-0.0660,0.8580,-0.5453,44.8314,65.6189,246.9004,
132702272600,116.2105,-0.0660,0.8577,-0.5454,44.8534,66.1843,246.8029,
132716154800,116.2245,-0.0656,0.8573,-0.5454,44.8268,67.1931,246.9863,
132730502900,116.2387,-0.0651,0.8567,-0.5455,44.8034,68.1272,247.1530,
132744113600,116.2523,-0.0646,0.8561,-0.5456,44.7835,68.9654,247.2999,
132758085200,116.2663,-0.0643,0.8555,-0.5454,44.7705,69.6123,247.3023,
132771924400,116.2802,-0.0641,0.8549,-0.5452,44.7601,70.2127,247.3098,
132785917200,116.2941,-0.0643,0.8539,-0.5448,44.8594,70.6083,247.0684,
132800152700,116.3083,-0.0646,0.8528,-0.5443,44.9524,71.0109,246.8507,
132814244500,116.3226,-0.0648,0.8521,-0.5436,45.0695,71.2984,246.7966,
132828198200,116.3363,-0.0650,0.8514,-0.5430,45.1750,71.5800,246.7498,
132841699800,116.3499,-0.0652,0.8508,-0.5425,45.2779,71.8740,246.7059,
132855311800,116.3637,-0.0653,0.8504,-0.5426,45.5235,72.3900,246.6550,
132869405700,116.3776,-0.0653,0.8501,-0.5427,45.7782,72.9485,246.6060,
132883276700,116.3914,-0.0653,0.8497,-0.5427,45.7901,72.9970,246.4729,
132897562400,116.4058,-0.0652,0.8493,-0.5427,45.8016,73.0474,246.3719,
132911041400,116.4194,-0.0652,0.8491,-0.5428,45.8272,73.0777,246.3263,
132925128500,116.4333,-0.0652,0.8489,-0.5430,45.8518,73.1113,246.2849,
132939285700,116.4473,-0.0651,0.8486,-0.5432,45.8800,73.1538,246.2395,
132952843400,116.4612,-0.0650,0.8483,-0.5434,45.9020,73.1778,246.2105,
132967612200,116.4758,-0.0649,0.8480,-0.5437,45.9254,73.2057,246.1808,
132980771300,116.4890,-0.0647,0.8475,-0.5442,45.9402,73.2293,246.1706,
132994848400,116.5031,-0.0644,0.8469,-0.5447,45.9557,73.2554,246.1607,
133008677300,116.5169,-0.0641,0.8463,-0.5452,45.9740,73.2877,246.1497,
133022979400,116.5312,-0.0639,0.8459,-0.5455,45.9964,73.3208,246.1641,
133036659800,116.5448,-0.0637,0.8454,-0.5457,46.0202,73.3570,246.1806,
133050470200,116.5588,-0.0637,0.8449,-0.5456,46.0409,73.3805,246.1699,
133064776800,116.5730,-0.0637,0.8442,-0.5454,46.0625,73.4054,246.1585,
133078376900,116.5866,-0.0633,0.8433,-0.5453,46.0632,73.4685,246.1812,
133091890500,116.6003,-0.0629,0.8424,-0.5451,46.0622,73.5567,246.2145,
133106156100,116.6143,-0.0625,0.8414,-0.5450,46.0587,73.6707,246.2591,
133120061000,116.6283,-0.0621,0.8409,-0.5450,46.0075,73.9883,246.4139,
133133847000,116.6422,-0.0617,0.8404,-0.5451,45.9390,74.3790,246.6071,
133147883100,116.6561,-0.0607,0.8397,-0.5453,45.8868,74.6048,246.7533,
133161874900,116.6700,-0.0596,0.8390,-0.5455,45.8368,74.8062,246.8865,
133175582200,116.6840,-0.0586,0.8383,-0.5457,45.7862,74.9980,247.0159,
133189855900,116.6981,-0.0578,0.8376,-0.5460,45.8440,75.1580,247.0993,
133203498700,116.7117,-0.0571,0.8369,-0.5462,45.9068,75.3297,247.1901,
133217453100,116.7256,-0.0567,0.8366,-0.5466,45.9867,75.4359,247.2150,
133231146800,116.7395,-0.0563,0.8362,-0.5470,46.0720,75.5455,247.2399,
133245174400,116.7534,-0.0559,0.8359,-0.5473,46.1638,75.6599,247.2654,
133259228600,116.7675,-0.0551,0.8360,-0.5483,46.2237,75.6792,247.3179,
133273099600,116.7815,-0.0541,0.8361,-0.5493,46.2897,75.6975,247.3757,
133287307000,116.7956,-0.0540,0.8361,-0.5497,46.2971,75.6703,247.3607,
133301011400,116.8094,-2.4270,0.0574,-0.4420,0.0000,90.0000,0.0000,
133314550400,116.8231,-2.4270,0.0574,-0.4420,0.0000,90.0000,0.0000,
133328483200,116.8369,-2.4270,0.0574,-0.4420,0.0000,90.0000,0.0000,
133342391800,116.8508,-2.4270,0.0574,-0.4420,0.0000,90.0000,0.0000,
133356171400,116.8646,-2.4270,0.0574,-0.4420,0.0000,90.0000,0.0000,
133370097800,116.8787,-2.4270,0.0574,-0.4420,0.0000,90.0000,0.0000,
133383889100,116.8923,-2.4270,0.0574,-0.4420,0.0000,90.0000,0.0000,
133398024900,116.9065,-2.4270,0.0574,-0.4420,0.0000,90.0000,0.0000,
133411882600,116.9205,-2.4270,0.0574,-0.4420,0.0000,90.0000,0.0000,
133426088500,116.9346,-2.4270,0.0574,-0.4420,0.0000,90.0000,0.0000,
133440599100,116.9490,-2.4270,0.0574,-0.4420,0.0000,90.0000,0.0000,
133453761800,116.9623,-2.4270,0.0574,-0.4420,0.0000,90.0000,0.0000,
133467814900,116.9762,-2.4270,0.0574,-0.4420,0.0000,90.0000,0.0000,
133481503600,116.9900,-2.4270,0.0574,-0.4420,0.0000,90.0000,0.0000,
133495357100,117.0039,-2.4270,0.0574,-0.4420,0.0000,90.0000,0.0000,
133509949700,117.0184,-2.4270,0.0574,-0.4420,0.0000,90.0000,0.0000,
133523316500,117.0318,-2.4270,0.0574,-0.4420,0.0000,90.0000,0.0000,
133537347300,117.0458,-2.4270,0.0574,-0.4420,0.0000,90.0000,0.0000,
133551071400,117.0596,-2.4270,0.0574,-0.4420,0.0000,90.0000,0.0000,
133565039300,117.0735,-2.4270,0.0574,-0.4420,0.0000,90.0000,0.0000,
133579086700,117.0876,-2.4270,0.0574,-0.4420,0.0000,90.0000,0.0000,
133593071900,117.1017,-2.4270,0.0574,-0.4420,0.0000,90.0000,0.0000,
133607353100,117.1157,-2.4270,0.0574,-0.4420,0.0000,90.0000,0.0000,
133620834500,117.1293,-2.4270,0.0574,-0.4420,0.0000,90.0000,0.0000,
133634679700,117.1433,-2.4270,0.0574,-0.4420,0.0000,90.0000,0.0000,
133648463200,117.1569,-2.4270,0.0574,-0.4420,0.0000,90.0000,0.0000,
133663161600,117.1715,-2.4270,0.0574,-0.4420,0.0000,90.0000,0.0000,
133676274000,117.1847,-2.4270,0.0574,-0.4420,0.0000,90.0000,0.0000,
133690370500,117.1990,-2.4270,0.0574,-0.4420,0.0000,90.0000,0.0000,
133704614000,117.2130,-2.4270,0.0574,-0.4420,0.0000,90.0000,0.0000,
133718377700,117.2267,-2.4270,0.0574,-0.4420,0.0000,90.0000,0.0000,
133732329300,117.2409,-2.4270,0.0574,-0.4420,0.0000,90.0000,0.0000,
133746382900,117.2549,-2.4270,0.0574,-0.4420,0.0000,90.0000,0.0000,
133759814500,117.2683,-2.4270,0.0574,-0.4420,0.0000,90.0000,0.0000,
133774144300,117.2827,-2.4270,0.0574,-0.4420,0.0000,90.0000,0.0000,
133787587500,117.2960,-2.4270,0.0574,-0.4420,0.0000,90.0000,0.0000,
133802283500,117.3107,-2.4270,0.0574,-0.4420,0.0000,90.0000,0.0000,
133815487500,117.3241,-2.4270,0.0574,-0.4420,0.0000,90.0000,0.0000,
133829303400,117.3377,-2.4270,0.0574,-0.4420,0.0000,90.0000,0.0000,
133843283100,117.3517,-2.4270,0.0574,-0.4420,0.0000,90.0000,0.0000,
133857487500,117.3659,-2.4270,0.0574,-0.4420,0.0000,90.0000,0.0000,
133871399200,117.3800,-2.4270,0.0574,-0.4420,0.0000,90.0000,0.0000,
133885338500,117.3937,-2.4270,0.0574,-0.4420,0.0000,90.0000,0.0000,
133899049200,117.4075,-2.4270,0.0574,-0.4420,0.0000,90.0000,0.0000,
133912877900,117.4214,-2.4270,0.0574,-0.4420,0.0000,90.0000,0.0000,
133927077600,117.4355,-2.4270,0.0574,-0.4420,0.0000,90.0000,0.0000,
133940688500,117.4490,-2.4270,0.0574,-0.4420,0.0000,90.0000,0.0000,
133954982300,117.4635,-2.4270,0.0574,-0.4420,0.0000,90.0000,0.0000,
133968467200,117.4769,-2.4270,0.0574,-0.4420,0.0000,90.0000,0.0000,
133982734400,117.4911,-2.4270,0.0574,-0.4420,0.0000,90.0000,0.0000,
133996559200,117.5050,-2.4270,0.0574,-0.4420,0.0000,90.0000,0.0000,
134010172600,117.5187,-2.4270,0.0574,-0.4420,0.0000,90.0000,0.0000,
134024432100,117.5329,-2.4270,0.0574,-0.4420,0.0000,90.0000,0.0000,
134038501600,117.5470,-2.4270,0.0574,-0.4420,0.0000,90.0000,0.0000,
134051998700,117.5605,-2.4270,0.0574,-0.4420,0.0000,90.0000,0.0000,
134065980000,117.5744,-2.4270,0.0574,-0.4420,0.0000,90.0000,0.0000,
134080148200,117.5886,-2.4270,0.0574,-0.4420,0.0000,90.0000,0.0000,
134093828400,117.6024,-2.4270,0.0574,-0.4420,0.0000,90.0000,0.0000,
134108259500,117.6166,-2.4270,0.0574,-0.4420,0.0000,90.0000,0.0000,
134121992100,117.6304,-2.4270,0.0574,-0.4420,0.0000,90.0000,0.0000,
134135754400,117.6443,-2.4270,0.0574,-0.4420,0.0000,90.0000,0.0000,
134149779900,117.6582,-2.4270,0.0574,-0.4420,0.0000,90.0000,0.0000,
134164101200,117.6725,-2.4270,0.0574,-0.4420,0.0000,90.0000,0.0000,
134177685200,117.6861,-2.4270,0.0574,-0.4420,0.0000,90.0000,0.0000,
134191173000,117.6997,-2.4270,0.0574,-0.4420,0.0000,90.0000,0.0000,
134205444000,117.7139,-2.4270,0.0574,-0.4420,0.0000,90.0000,0.0000,
134219620000,117.7280,-2.4270,0.0574,-0.4420,0.0000,90.0000,0.0000,
134233350600,117.7419,-2.4270,0.0574,-0.4420,0.0000,90.0000,0.0000,
134247185100,117.7556,-2.4270,0.0574,-0.4420,0.0000,90.0000,0.0000,
134261511600,117.7699,-2.4270,0.0574,-0.4420,0.0000,90.0000,0.0000,
134275227600,117.7837,-2.4270,0.0574,-0.4420,0.0000,90.0000,0.0000,
134289155200,117.7976,-2.4270,0.0574,-0.4420,0.0000,90.0000,0.0000,
134303159400,117.8116,-2.4270,0.0574,-0.4420,0.0000,90.0000,0.0000,
134317006300,117.8255,-2.4270,0.0574,-0.4420,0.0000,90.0000,0.0000,
134330564400,117.8391,-2.4270,0.0574,-0.4420,0.0000,90.0000,0.0000,
134344643900,117.8531,-2.4270,0.0574,-0.4420,0.0000,90.0000,0.0000,
134358782200,117.8672,-2.4270,0.0574,-0.4420,0.0000,90.0000,0.0000,
134372499300,117.8811,-2.4270,0.0574,-0.4420,0.0000,90.0000,0.0000,
134386207500,117.8946,-2.4270,0.0574,-0.4420,0.0000,90.0000,0.0000,
134400366500,117.9088,-2.4270,0.0574,-0.4420,0.0000,90.0000,0.0000,
134414290500,117.9229,-2.4270,0.0574,-0.4420,0.0000,90.0000,0.0000,
134428231800,117.9367,-2.4270,0.0574,-0.4420,0.0000,90.0000,0.0000,
134441890800,117.9503,-2.4270,0.0574,-0.4420,0.0000,90.0000,0.0000,
134456159300,117.9646,-2.4270,0.0574,-0.4420,0.0000,90.0000,0.0000,
134469946800,117.9785,-2.4270,0.0574,-0.4420,0.0000,90.0000,0.0000,
134483913600,117.9924,-2.4270,0.0574,-0.4420,0.0000,90.0000,0.0000,
134498015400,118.0064,-2.4270,0.0574,-0.4420,0.0000,90.0000,0.0000,
134511726500,118.0203,-2.4270,0.0574,-0.4420,0.0000,90.0000,0.0000,
134525656300,118.0341,-2.4270,0.0574,-0.4420,0.0000,90.0000,0.0000,
134539596700,118.0481,-2.4270,0.0574,-0.4420,0.0000,90.0000,0.0000,
134553531300,118.0620,-2.4270,0.0574,-0.4420,0.0000,90.0000,0.0000,
134567487500,118.0760,-2.4270,0.0574,-0.4420,0.0000,90.0000,0.0000,
134581153800,118.0896,-2.4270,0.0574,-0.4420,0.0000,90.0000,0.0000,
134595071100,118.1036,-2.4270,0.0574,-0.4420,0.0000,90.0000,0.0000,
134609636100,118.1180,-2.4270,0.0574,-0.4420,0.0000,90.0000,0.0000,
134622942900,118.1314,-2.4270,0.0574,-0.4420,0.0000,90.0000,0.0000,
134637066500,118.1455,-2.4270,0.0574,-0.4420,0.0000,90.0000,0.0000,
134650865400,118.1594,-2.4270,0.0574,-0.4420,0.0000,90.0000,0.0000,
134665316400,118.1737,-2.4270,0.0574,-0.4420,0.0000,90.0000,0.0000,
134678583800,118.1870,-2.4270,0.0574,-0.4420,0.0000,90.0000,0.0000,
134692244400,118.2008,-2.4270,0.0574,-0.4420,0.0000,90.0000,0.0000,
134706140200,118.2146,-2.4270,0.0574,-0.4420,0.0000,90.0000,0.0000,
134720181300,118.2286,-2.4270,0.0574,-0.4420,0.0000,90.0000,0.0000,
134733943900,118.2425,-2.4270,0.0574,-0.4420,0.0000,90.0000,0.0000,
134748115200,118.2565,-2.4270,0.0574,-0.4420,0.0000,90.0000,0.0000,
134762152100,118.2706,-2.4270,0.0574,-0.4420,0.0000,90.0000,0.0000,
134776196600,118.2846,-2.4270,0.0574,-0.4420,0.0000,90.0000,0.0000,
134790092000,118.2987,-2.4270,0.0574,-0.4420,0.0000,90.0000,0.0000,
134804249000,118.3127,-2.4270,0.0574,-0.4420,0.0000,90.0000,0.0000,
134818011600,118.3264,-2.4270,0.0574,-0.4420,0.0000,90.0000,0.0000,
134831860300,118.3403,-2.4270,0.0574,-0.4420,0.0000,90.0000,0.0000,
134845378100,118.3538,-2.4270,0.0574,-0.4420,0.0000,90.0000,0.0000,
134859249900,118.3677,-2.4270,0.0574,-0.4420,0.0000,90.0000,0.0000,
134873502300,118.3821,-2.4270,0.0574,-0.4420,0.0000,90.0000,0.0000,
134887296800,118.3957,-2.4270,0.0574,-0.4420,0.0000,90.0000,0.0000,
134901126900,118.4096,-2.4270,0.0574,-0.4420,0.0000,90.0000,0.0000,
134914966900,118.4235,-2.4270,0.0574,-0.4420,0.0000,90.0000,0.0000,
134929024100,118.4375,-2.4270,0.0574,-0.4420,0.0000,90.0000,0.0000,
134943032600,118.4514,-2.4270,0.0574,-0.4420,0.0000,90.0000,0.0000,
134957127000,118.4656,-2.4270,0.0574,-0.4420,0.0000,90.0000,0.0000,
134970666400,118.4792,-2.4270,0.0574,-0.4420,0.0000,90.0000,0.0000,
134984707700,118.4932,-2.4270,0.0574,-0.4420,0.0000,90.0000,0.0000,
134998952400,118.5073,-2.4270,0.0574,-0.4420,0.0000,90.0000,0.0000,
135012414400,118.5210,-2.4270,0.0574,-0.4420,0.0000,90.0000,0.0000,
135026467100,118.5349,-2.4270,0.0574,-0.4420,0.0000,90.0000,0.0000,
135041128800,118.5495,-2.4270,0.0574,-0.4420,0.0000,90.0000,0.0000,
135054329000,118.5628,-2.4270,0.0574,-0.4420,0.0000,90.0000,0.0000,
135068421100,118.5768,-2.4270,0.0574,-0.4420,0.0000,90.0000,0.0000,
135082553900,118.5910,-2.4270,0.0574,-0.4420,0.0000,90.0000,0.0000,
135095994900,118.6046,-2.4270,0.0574,-0.4420,0.0000,90.0000,0.0000,
135110576200,118.6189,-2.4270,0.0574,-0.4420,0.0000,90.0000,0.0000,
135124269800,118.6327,-2.4270,0.0574,-0.4420,0.0000,90.0000,0.0000,
135137737200,118.6462,-2.4270,0.0574,-0.4420,0.0000,90.0000,0.0000,
135151834100,118.6604,-2.4270,0.0574,-0.4420,0.0000,90.0000,0.0000,
135165989900,118.6744,-2.4270,0.0574,-0.4420,0.0000,90.0000,0.0000,
135179674400,118.6881,-2.4270,0.0574,-0.4420,0.0000,90.0000,0.0000,
135193371200,118.7019,-2.4270,0.0574,-0.4420,0.0000,90.0000,0.0000,
135207157000,118.7156,-2.4270,0.0574,-0.4420,0.0000,90.0000,0.0000,
135221389500,118.7298,-2.4270,0.0574,-0.4420,0.0000,90.0000,0.0000,
135235192600,118.7438,-2.4270,0.0574,-0.4420,0.0000,90.0000,0.0000,
135249197700,118.7576,-2.4270,0.0574,-0.4420,0.0000,90.0000,0.0000,
135263565300,118.7720,-2.4270,0.0574,-0.4420,0.0000,90.0000,0.0000,
135277377200,118.7857,-2.4270,0.0574,-0.4420,0.0000,90.0000,0.0000,
135292454200,118.8010,-2.4270,0.0574,-0.4420,0.0000,90.0000,0.0000,
135306461800,118.8149,-2.4270,0.0574,-0.4420,0.0000,90.0000,0.0000,
135320054200,118.8285,-2.4270,0.0574,-0.4420,0.0000,90.0000,0.0000,
135333617700,118.8421,-2.4270,0.0574,-0.4420,0.0000,90.0000,0.0000,
135347363400,118.8558,-2.4270,0.0574,-0.4420,0.0000,90.0000,0.0000,
135360749100,118.8691,-2.4270,0.0574,-0.4420,0.0000,90.0000,0.0000,
135374529700,118.8831,-2.4270,0.0574,-0.4420,0.0000,90.0000,0.0000,
135388635100,118.8970,-2.4270,0.0574,-0.4420,0.0000,90.0000,0.0000,
135402427800,118.9109,-2.4270,0.0574,-0.4420,0.0000,90.0000,0.0000,
135416320600,118.9248,-2.4270,0.0574,-0.4420,0.0000,90.0000,0.0000,
135429755200,118.9383,-2.4270,0.0574,-0.4420,0.0000,90.0000,0.0000,
135444357100,118.9527,-2.4270,0.0574,-0.4420,0.0000,90.0000,0.0000,
135458013500,118.9664,-2.4270,0.0574,-0.4420,0.0000,90.0000,0.0000,
135471638300,118.9802,-2.4270,0.0574,-0.4420,0.0000,90.0000,0.0000,
135485333200,118.9938,-2.4270,0.0574,-0.4420,0.0000,90.0000,0.0000,
135499834800,119.0082,-2.4270,0.0574,-0.4420,0.0000,90.0000,0.0000,
135513163300,119.0217,-2.4270,0.0574,-0.4420,0.0000,90.0000,0.0000,
135527032500,119.0355,-2.4270,0.0574,-0.4420,0.0000,90.0000,0.0000,
135541263700,119.0497,-2.4270,0.0574,-0.4420,0.0000,90.0000,0.0000,
135555188600,119.0637,-2.4270,0.0574,-0.4420,0.0000,90.0000,0.0000,
135569233300,119.0776,-2.4270,0.0574,-0.4420,0.0000,90.0000,0.0000,
135582842700,119.0913,-2.4270,0.0574,-0.4420,0.0000,90.0000,0.0000,
135597000800,119.1054,-2.4270,0.0574,-0.4420,0.0000,90.0000,0.0000,
135610820700,119.1193,-2.4270,0.0574,-0.4420,0.0000,90.0000,0.0000,
135624574500,119.1330,-2.4270,0.0574,-0.4420,0.0000,90.0000,0.0000,
135638538300,119.1469,-2.4270,0.0574,-0.4420,0.0000,90.0000,0.0000,
135652635900,119.1612,-2.4270,0.0574,-0.4420,0.0000,90.0000,0.0000,
135666519300,119.1749,-2.4270,0.0574,-0.4420,0.0000,90.0000,0.0000,
135680332600,119.1888,-2.4270,0.0574,-0.4420,0.0000,90.0000,0.0000,
135694277300,119.2028,-2.4270,0.0574,-0.4420,0.0000,90.0000,0.0000,
135708228800,119.2167,-2.4270,0.0574,-0.4420,0.0000,90.0000,0.0000,
135722381600,119.2307,-2.4270,0.0574,-0.4420,0.0000,90.0000,0.0000,
135736525100,119.2449,-2.4270,0.0574,-0.4420,0.0000,90.0000,0.0000,
135749894100,119.2584,-2.4270,0.0574,-0.4420,0.0000,90.0000,0.0000,
135763914500,119.2724,-2.4270,0.0574,-0.4420,0.0000,90.0000,0.0000,
135778002100,119.2864,-2.4270,0.0574,-0.4420,0.0000,90.0000,0.0000,
135791609300,119.3002,-2.4270,0.0574,-0.4420,0.0000,90.0000,0.0000,
135805892200,119.3143,-2.4270,0.0574,-0.4420,0.0000,90.0000,0.0000,
135819767000,119.3282,-2.4270,0.0574,-0.4420,0.0000,90.0000,0.0000,
135833847100,119.3423,-2.4270,0.0574,-0.4420,0.0000,90.0000,0.0000,
135847742200,119.3562,-2.4270,0.0574,-0.4420,0.0000,90.0000,0.0000,
135861660500,119.3701,-2.4270,0.0574,-0.4420,0.0000,90.0000,0.0000,
135875213200,119.3838,-2.4270,0.0574,-0.4420,0.0000,90.0000,0.0000,
135889640400,119.3980,-2.4270,0.0574,-0.4420,0.0000,90.0000,0.0000,
135903697300,119.4121,-2.4270,0.0574,-0.4420,0.0000,90.0000,0.0000,
135917254000,119.4257,-2.4270,0.0574,-0.4420,0.0000,90.0000,0.0000,
135930803200,119.4394,-2.4270,0.0574,-0.4420,0.0000,90.0000,0.0000,
135945857400,119.4542,-2.4270,0.0574,-0.4420,0.0000,90.0000,0.0000,
135959065600,119.4675,-2.4270,0.0574,-0.4420,0.0000,90.0000,0.0000,
135972485800,119.4810,-2.4270,0.0574,-0.4420,0.0000,90.0000,0.0000,
135986578700,119.4950,-2.4270,0.0574,-0.4420,0.0000,90.0000,0.0000,
136000835700,119.5092,-2.4270,0.0574,-0.4420,0.0000,90.0000,0.0000,
136014424500,119.5230,-2.4270,0.0574,-0.4420,0.0000,90.0000,0.0000,
136028392700,119.5368,-2.4270,0.0574,-0.4420,0.0000,90.0000,0.0000,
136042710100,119.5511,-2.4270,0.0574,-0.4420,0.0000,90.0000,0.0000,
136056193400,119.5646,-2.4270,0.0574,-0.4420,0.0000,90.0000,0.0000,
136070232500,119.5788,-2.4270,0.0574,-0.4420,0.0000,90.0000,0.0000,
136084028300,119.5925,-2.4270,0.0574,-0.4420,0.0000,90.0000,0.0000,
136098625400,119.6070,-2.4270,0.0574,-0.4420,0.0000,90.0000,0.0000,
136112272100,119.6208,-2.4270,0.0574,-0.4420,0.0000,90.0000,0.0000,
136125821300,119.6342,-2.4270,0.0574,-0.4420,0.0000,90.0000,0.0000,
136139792000,119.6482,-2.4270,0.0574,-0.4420,0.0000,90.0000,0.0000,
136153625300,119.6622,-2.4270,0.0574,-0.4420,0.0000,90.0000,0.0000,
136167886300,119.6762,-2.4270,0.0574,-0.4420,0.0000,90.0000,0.0000,
136181927800,119.6904,-2.4270,0.0574,-0.4420,0.0000,90.0000,0.0000,
136196117700,119.7046,-2.4270,0.0574,-0.4420,0.0000,90.0000,0.0000,
136209525900,119.7181,-2.4270,0.0574,-0.4420,0.0000,90.0000,0.0000,
136223869200,119.7322,-2.4270,0.0574,-0.4420,0.0000,90.0000,0.0000,
136237672000,119.7461,-2.4270,0.0574,-0.4420,0.0000,90.0000,0.0000,
136251434500,119.7600,-2.4270,0.0574,-0.4420,0.0000,90.0000,0.0000,
136265449300,119.7739,-2.4270,0.0574,-0.4420,0.0000,90.0000,0.0000,
136279193000,119.7876,-2.4270,0.0574,-0.4420,0.0000,90.0000,0.0000,
136293303200,119.8019,-2.4270,0.0574,-0.4420,0.0000,90.0000,0.0000,
136307376500,119.8158,-2.4270,0.0574,-0.4420,0.0000,90.0000,0.0000,
136321288900,119.8297,-2.4270,0.0574,-0.4420,0.0000,90.0000,0.0000,
136335025600,119.8435,-2.4270,0.0574,-0.4420,0.0000,90.0000,0.0000,
136349135000,119.8575,-2.4270,0.0574,-0.4420,0.0000,90.0000,0.0000,
136362880700,119.8713,-2.4270,0.0574,-0.4420,0.0000,90.0000,0.0000,
136376797200,119.8852,-2.4270,0.0574,-0.4420,0.0000,90.0000,0.0000,
136390516500,119.8990,-2.4270,0.0574,-0.4420,0.0000,90.0000,0.0000,
136405021100,119.9134,-2.4270,0.0574,-0.4420,0.0000,90.0000,0.0000,
136418416000,119.9268,-2.4270,0.0574,-0.4420,0.0000,90.0000,0.0000,
136432124700,119.9407,-2.4270,0.0574,-0.4420,0.0000,90.0000,0.0000,
136446055700,119.9544,-2.4270,0.0574,-0.4420,0.0000,90.0000,0.0000,
136460153200,119.9686,-2.4270,0.0574,-0.4420,0.0000,90.0000,0.0000,
136474004300,119.9825,-2.4270,0.0574,-0.4420,0.0000,90.0000,0.0000,
136488184900,119.9966,-2.4270,0.0574,-0.4420,0.0000,90.0000,0.0000,
136502371800,120.0108,-2.4270,0.0574,-0.4420,0.0000,90.0000,0.0000,
136515900200,120.0244,-2.4270,0.0574,-0.4420,0.0000,90.0000,0.0000,
136529959400,120.0384,-2.4270,0.0574,-0.4420,0.0000,90.0000,0.0000,
136543993100,120.0524,-2.4270,0.0574,-0.4420,0.0000,90.0000,0.0000,
136557948800,120.0663,-2.4270,0.0574,-0.4420,0.0000,90.0000,0.0000,
136571766200,120.0803,-2.4270,0.0574,-0.4420,0.0000,90.0000,0.0000,
136586029400,120.0945,-2.4270,0.0574,-0.4420,0.0000,90.0000,0.0000,
136599726300,120.1082,-2.4270,0.0574,-0.4420,0.0000,90.0000,0.0000,
136613744000,120.1222,-2.4270,0.0574,-0.4420,0.0000,90.0000,0.0000,
136627617900,120.1360,-2.4270,0.0574,-0.4420,0.0000,90.0000,0.0000,
136641525300,120.1500,-2.4270,0.0574,-0.4420,0.0000,90.0000,0.0000,
136655244400,120.1638,-2.4270,0.0574,-0.4420,0.0000,90.0000,0.0000,
136669707900,120.1781,-2.4270,0.0574,-0.4420,0.0000,90.0000,0.0000,
136683297500,120.1917,-2.4270,0.0574,-0.4420,0.0000,90.0000,0.0000,
136697495400,120.2059,-2.4270,0.0574,-0.4420,0.0000,90.0000,0.0000,
136711121000,120.2197,-2.4270,0.0574,-0.4420,0.0000,90.0000,0.0000,
136725158400,120.2335,-2.4270,0.0574,-0.4420,0.0000,90.0000,0.0000,
136739623400,120.2480,-2.4270,0.0574,-0.4420,0.0000,90.0000,0.0000,
136753392100,120.2619,-2.4270,0.0574,-0.4420,0.0000,90.0000,0.0000,
136767391800,120.2758,-2.4270,0.0574,-0.4420,0.0000,90.0000,0.0000,
136780938200,120.2893,-2.4270,0.0574,-0.4420,0.0000,90.0000,0.0000,
136794722200,120.3033,-2.4270,0.0574,-0.4420,0.0000,90.0000,0.0000,
136808725800,120.3171,-2.4270,0.0574,-0.4420,0.0000,90.0000,0.0000,
136822689400,120.3311,-2.4270,0.0574,-0.4420,0.0000,90.0000,0.0000,
136836507800,120.3449,-2.4270,0.0574,-0.4420,0.0000,90.0000,0.0000,
136850476500,120.3590,-2.4270,0.0574,-0.4420,0.0000,90.0000,0.0000,
136864398000,120.3728,-2.4270,0.0574,-0.4420,0.0000,90.0000,0.0000,
136877925000,120.3864,-2.4270,0.0574,-0.4420,0.0000,90.0000,0.0000,
136892426100,120.4009,-2.4270,0.0574,-0.4420,0.0000,90.0000,0.0000,
136906255800,120.4147,-2.4270,0.0574,-0.4420,0.0000,90.0000,0.0000,
136920186700,120.4286,-2.4270,0.0574,-0.4420,0.0000,90.0000,0.0000,
136933838100,120.4424,-2.4270,0.0574,-0.4420,0.0000,90.0000,0.0000,
136948204100,120.4565,-2.4270,0.0574,-0.4420,0.0000,90.0000,0.0000,
136961904600,120.4703,-2.4270,0.0574,-0.4420,0.0000,90.0000,0.0000,
136975921000,120.4845,-2.4270,0.0574,-0.4420,0.0000,90.0000,0.0000,
136989650500,120.4981,-2.4270,0.0574,-0.4420,0.0000,90.0000,0.0000,
137004464200,120.5128,-2.4270,0.0574,-0.4420,0.0000,90.0000,0.0000,
137017567400,120.5260,-2.4270,0.0574,-0.4420,0.0000,90.0000,0.0000,
137031262700,120.5398,-2.4270,0.0574,-0.4420,0.0000,90.0000,0.0000,
137045283700,120.5537,-2.4270,0.0574,-0.4420,0.0000,90.0000,0.0000,
137059414300,120.5677,-2.4270,0.0574,-0.4420,0.0000,90.0000,0.0000,
137073063000,120.5816,-2.4270,0.0574,-0.4420,0.0000,90.0000,0.0000,
137087123300,120.5956,-2.4270,0.0574,-0.4420,0.0000,90.0000,0.0000,
137101127200,120.6096,-2.4270,0.0574,-0.4420,0.0000,90.0000,0.0000,
137115146100,120.6236,-2.4270,0.0574,-0.4420,0.0000,90.0000,0.0000,
137129318100,120.6377,-2.4270,0.0574,-0.4420,0.0000,90.0000,0.0000,
137142840200,120.6513,-2.4270,0.0574,-0.4420,0.0000,90.0000,0.0000,
137156768700,120.6652,-2.4270,0.0574,-0.4420,0.0000,90.0000,0.0000,
137170899400,120.6794,-2.4270,0.0574,-0.4420,0.0000,90.0000,0.0000,
137184625400,120.6931,-2.4270,0.0574,-0.4420,0.0000,90.0000,0.0000,
137198387600,120.7068,-2.4270,0.0574,-0.4420,0.0000,90.0000,0.0000,
137212340600,120.7209,-2.4270,0.0574,-0.4420,0.0000,90.0000,0.0000,
137226591300,120.7350,-2.4270,0.0574,-0.4420,0.0000,90.0000,0.0000,
137240307200,120.7487,-2.4270,0.0574,-0.4420,0.0000,90.0000,0.0000,
137254090900,120.7626,-2.4270,0.0574,-0.4420,0.0000,90.0000,0.0000,
137268154000,120.7766,-2.4270,0.0574,-0.4420,0.0000,90.0000,0.0000,
137282167800,120.7905,-2.4270,0.0574,-0.4420,0.0000,90.0000,0.0000,
137295858600,120.8044,-2.4270,0.0574,-0.4420,0.0000,90.0000,0.0000,
137310004300,120.8184,-2.4270,0.0574,-0.4420,0.0000,90.0000,0.0000,
137324056400,120.8325,-2.4270,0.0574,-0.4420,0.0000,90.0000,0.0000,
137337779100,120.8462,-2.4270,0.0574,-0.4420,0.0000,90.0000,0.0000,
137351462300,120.8600,-2.4270,0.0574,-0.4420,0.0000,90.0000,0.0000,
137365695700,120.8741,-2.4270,0.0574,-0.4420,0.0000,90.0000,0.0000,
137379359100,120.8878,-2.4270,0.0574,-0.4420,0.0000,90.0000,0.0000,
137393373800,120.9018,-2.4270,0.0574,-0.4420,0.0000,90.0000,0.0000,
137407037900,120.9155,-2.4270,0.0574,-0.4420,0.0000,90.0000,0.0000,
137421472100,120.9299,-2.4270,0.0574,-0.4420,0.0000,90.0000,0.0000,
137434964700,120.9435,-2.4270,0.0574,-0.4420,0.0000,90.0000,0.0000,
137449798500,120.9582,-2.4270,0.0574,-0.4420,0.0000,90.0000,0.0000,
137462973500,120.9714,-2.4270,0.0574,-0.4420,0.0000,90.0000,0.0000,
137477216100,120.9857,-2.4270,0.0574,-0.4420,0.0000,90.0000,0.0000,
137490751100,120.9993,-2.4270,0.0574,-0.4420,0.0000,90.0000,0.0000,
137504499600,121.0129,-2.4270,0.0574,-0.4420,0.0000,90.0000,0.0000,
137518782500,121.0272,-2.4270,0.0574,-0.4420,0.0000,90.0000,0.0000,
137532438500,121.0410,-2.4270,0.0574,-0.4420,0.0000,90.0000,0.0000,
137546524200,121.0550,-2.4270,0.0574,-0.4420,0.0000,90.0000,0.0000,
137560583000,121.0690,-2.4270,0.0574,-0.4420,0.0000,90.0000,0.0000,
137574273800,121.0828,-2.4270,0.0574,-0.4420,0.0000,90.0000,0.0000,
137588280200,121.0967,-2.4270,0.0574,-0.4420,0.0000,90.0000,0.0000,
137602179200,121.1106,-2.4270,0.0574,-0.4420,0.0000,90.0000,0.0000,
137616942700,121.1253,-2.4270,0.0574,-0.4420,0.0000,90.0000,0.0000,
137630182900,121.1387,-2.4270,0.0574,-0.4420,0.0000,90.0000,0.0000,
137644831500,121.1533,-2.4270,0.0574,-0.4420,0.0000,90.0000,0.0000,
137658362500,121.1668,-2.4270,0.0574,-0.4420,0.0000,90.0000,0.0000,
137672316600,121.1808,-2.4270,0.0574,-0.4420,0.0000,90.0000,0.0000,
137686371900,121.1948,-2.4270,0.0574,-0.4420,0.0000,90.0000,0.0000,
137699872200,121.2083,-2.4270,0.0574,-0.4420,0.0000,90.0000,0.0000,
137714056400,121.2226,-2.4270,0.0574,-0.4420,0.0000,90.0000,0.0000,
137727978800,121.2363,-2.4270,0.0574,-0.4420,0.0000,90.0000,0.0000,
137741738400,121.2502,-2.4270,0.0574,-0.4420,0.0000,90.0000,0.0000,
137755516600,121.2641,-2.4270,0.0574,-0.4420,0.0000,90.0000,0.0000,
137769901600,121.2783,-2.4270,0.0574,-0.4420,0.0000,90.0000,0.0000,
137784054300,121.2924,-2.4270,0.0574,-0.4420,0.0000,90.0000,0.0000,
137797641900,121.3061,-2.4270,0.0574,-0.4420,0.0000,90.0000,0.0000,
137811372700,121.3199,-2.4270,0.0574,-0.4420,0.0000,90.0000,0.0000,
137825537900,121.3340,-2.4270,0.0574,-0.4420,0.0000,90.0000,0.0000,
137839785700,121.3482,-2.4270,0.0574,-0.4420,0.0000,90.0000,0.0000,
137853228000,121.3618,-2.4270,0.0574,-0.4420,0.0000,90.0000,0.0000,
137867298900,121.3757,-2.4270,0.0574,-0.4420,0.0000,90.0000,0.0000,
137881377200,121.3898,-2.4270,0.0574,-0.4420,0.0000,90.0000,0.0000,
137895152800,121.4036,-2.4270,0.0574,-0.4420,0.0000,90.0000,0.0000,
137909492100,121.4179,-2.4270,0.0574,-0.4420,0.0000,90.0000,0.0000,
137923298200,121.4317,-2.4270,0.0574,-0.4420,0.0000,90.0000,0.0000,
137937362400,121.4457,-2.4270,0.0574,-0.4420,0.0000,90.0000,0.0000,
137951020800,121.4595,-2.4270,0.0574,-0.4420,0.0000,90.0000,0.0000,
137965192300,121.4736,-2.4270,0.0574,-0.4420,0.0000,90.0000,0.0000,
137979554300,121.4880,-2.4270,0.0574,-0.4420,0.0000,90.0000,0.0000,
137992370600,121.5009,-2.4270,0.0574,-0.4420,0.0000,90.0000,0.0000,
138007243700,121.5156,-2.4270,0.0574,-0.4420,0.0000,90.0000,0.0000,
138020543700,121.5290,-2.4270,0.0574,-0.4420,0.0000,90.0000,0.0000,
138034151100,121.5427,-2.4270,0.0574,-0.4420,0.0000,90.0000,0.0000,
138047862300,121.5563,-2.4270,0.0574,-0.4420,0.0000,90.0000,0.0000,
138062009400,121.5704,-2.4270,0.0574,-0.4420,0.0000,90.0000,0.0000,
138075596800,121.5841,-2.4270,0.0574,-0.4420,0.0000,90.0000,0.0000,
138089575200,121.5980,-2.4270,0.0574,-0.4420,0.0000,90.0000,0.0000,
138103769900,121.6121,-2.4270,0.0574,-0.4420,0.0000,90.0000,0.0000,
138117424600,121.6258,-2.4270,0.0574,-0.4420,0.0000,90.0000,0.0000,
138131143600,121.6397,-2.4270,0.0574,-0.4420,0.0000,90.0000,0.0000,
138145712100,121.6541,-2.4270,0.0574,-0.4420,0.0000,90.0000,0.0000,
138159086300,121.6675,-2.4270,0.0574,-0.4420,0.0000,90.0000,0.0000,
138173041200,121.6815,-2.4270,0.0574,-0.4420,0.0000,90.0000,0.0000,
138187653500,121.6961,-2.4270,0.0574,-0.4420,0.0000,90.0000,0.0000,
138200892100,121.7093,-2.4270,0.0574,-0.4420,0.0000,90.0000,0.0000,
138214610000,121.7231,-2.4270,0.0574,-0.4420,0.0000,90.0000,0.0000,
138228682000,121.7370,-2.4270,0.0574,-0.4420,0.0000,90.0000,0.0000,
138242662900,121.7511,-2.4270,0.0574,-0.4420,0.0000,90.0000,0.0000,
138256668500,121.7651,-2.4270,0.0574,-0.4420,0.0000,90.0000,0.0000,
138270305000,121.7788,-2.4270,0.0574,-0.4420,0.0000,90.0000,0.0000,
138284395100,121.7927,-2.4270,0.0574,-0.4420,0.0000,90.0000,0.0000,
138298209200,121.8066,-2.4270,0.0574,-0.4420,0.0000,90.0000,0.0000,
138312034000,121.8206,-2.4270,0.0574,-0.4420,0.0000,90.0000,0.0000,
138326182700,121.8346,-2.4270,0.0574,-0.4420,0.0000,90.0000,0.0000,
138339756100,121.8481,-2.4270,0.0574,-0.4420,0.0000,90.0000,0.0000,
138353873200,121.8624,-2.4270,0.0574,-0.4420,0.0000,90.0000,0.0000,
138367750100,121.8762,-2.4270,0.0574,-0.4420,0.0000,90.0000,0.0000,
138381842700,121.8903,-2.4270,0.0574,-0.4420,0.0000,90.0000,0.0000,
138395789100,121.9043,-2.4270,0.0574,-0.4420,0.0000,90.0000,0.0000,
138409700700,121.9181,-2.4270,0.0574,-0.4420,0.0000,90.0000,0.0000,
138423561300,121.9320,-2.4270,0.0574,-0.4420,0.0000,90.0000,0.0000,
138437622900,121.9460,-2.4270,0.0574,-0.4420,0.0000,90.0000,0.0000,
138451313200,121.9598,-2.4270,0.0574,-0.4420,0.0000,90.0000,0.0000,
138465411700,121.9738,-2.4270,0.0574,-0.4420,0.0000,90.0000,0.0000,
138479340300,121.9878,-2.4270,0.0574,-0.4420,0.0000,90.0000,0.0000,
138493327400,122.0019,-2.4270,0.0574,-0.4420,0.0000,90.0000,0.0000,
138507066900,122.0154,-2.4270,0.0574,-0.4420,0.0000,90.0000,0.0000,
138521088100,122.0295,-2.4270,0.0574,-0.4420,0.0000,90.0000,0.0000,
138534658500,122.0432,-2.4270,0.0574,-0.4420,0.0000,90.0000,0.0000,
138548637900,122.0570,-2.4270,0.0574,-0.4420,0.0000,90.0000,0.0000,
138562969200,122.0713,-2.4270,0.0574,-0.4420,0.0000,90.0000,0.0000,
138576515300,122.0849,-2.4270,0.0574,-0.4420,0.0000,90.0000,0.0000,
138590571100,122.0991,-2.4270,0.0574,-0.4420,0.0000,90.0000,0.0000,
138604779500,122.1132,-2.4270,0.0574,-0.4420,0.0000,90.0000,0.0000,
138618580000,122.1269,-2.4270,0.0574,-0.4420,0.0000,90.0000,0.0000,
138632416600,122.1410,-2.4270,0.0574,-0.4420,0.0000,90.0000,0.0000,
138646193700,122.1546,-2.4270,0.0574,-0.4420,0.0000,90.0000,0.0000,
138660355500,122.1688,-2.4270,0.0574,-0.4420,0.0000,90.0000,0.0000,
138674246400,122.1827,-2.4270,0.0574,-0.4420,0.0000,90.0000,0.0000,
138687980000,122.1964,-2.4270,0.0574,-0.4420,0.0000,90.0000,0.0000,
138702199300,122.2106,-2.4270,0.0574,-0.4420,0.0000,90.0000,0.0000,
138716113000,122.2245,-0.1403,1.1685,-0.5637,355.5310,37.1470,7.8374,
138730346500,122.2385,-0.1403,1.1685,-0.5637,355.5310,37.1470,7.8374,
138743861500,122.2521,-0.1420,1.1638,-0.5624,3.4101,40.0723,1.1368,
138758001300,122.2663,-0.1439,1.1585,-0.5610,8.8080,41.5160,356.8612,
138771714700,122.2801,-0.1455,1.1542,-0.5599,12.1667,42.2087,354.2712,
138785886200,122.2942,-2.4270,0.0574,-0.4420,0.0000,90.0000,0.0000,
138800036300,122.3084,-2.4270,0.0574,-0.4420,0.0000,90.0000,0.0000,
138813397800,122.3219,-2.4270,0.0574,-0.4420,0.0000,90.0000,0.0000,
138827117100,122.3355,-2.4270,0.0574,-0.4420,0.0000,90.0000,0.0000,
138841342200,122.3497,-2.4270,0.0574,-0.4420,0.0000,90.0000,0.0000,
138854923600,122.3634,-2.4270,0.0574,-0.4420,0.0000,90.0000,0.0000,
138869150000,122.3776,-2.4270,0.0574,-0.4420,0.0000,90.0000,0.0000,
138882888600,122.3913,-2.4270,0.0574,-0.4420,0.0000,90.0000,0.0000,
138896838600,122.4052,-2.4270,0.0574,-0.4420,0.0000,90.0000,0.0000,
138910849200,122.4194,-2.4270,0.0574,-0.4420,0.0000,90.0000,0.0000,
138924629100,122.4330,-2.4270,0.0574,-0.4420,0.0000,90.0000,0.0000,
138938928100,122.4474,-2.4270,0.0574,-0.4420,0.0000,90.0000,0.0000,
138953261000,122.4617,-2.4270,0.0574,-0.4420,0.0000,90.0000,0.0000,
138967061200,122.4755,-2.4270,0.0574,-0.4420,0.0000,90.0000,0.0000,
138981069100,122.4895,-2.4270,0.0574,-0.4420,0.0000,90.0000,0.0000,
138994071800,122.5026,-2.4270,0.0574,-0.4420,0.0000,90.0000,0.0000,
139008087100,122.5164,-2.4270,0.0574,-0.4420,0.0000,90.0000,0.0000,
139022263000,122.5307,-2.4270,0.0574,-0.4420,0.0000,90.0000,0.0000,
139036178700,122.5446,-2.4270,0.0574,-0.4420,0.0000,90.0000,0.0000,
139050000400,122.5585,-2.4270,0.0574,-0.4420,0.0000,90.0000,0.0000,
139064278400,122.5726,-2.4270,0.0574,-0.4420,0.0000,90.0000,0.0000,
139078328900,122.5868,-2.4270,0.0574,-0.4420,0.0000,90.0000,0.0000,
139091943100,122.6005,-2.4270,0.0574,-0.4420,0.0000,90.0000,0.0000,
139105972600,122.6144,-2.4270,0.0574,-0.4420,0.0000,90.0000,0.0000,
139120035800,122.6284,-2.4270,0.0574,-0.4420,0.0000,90.0000,0.0000,
139133835800,122.6424,-2.4270,0.0574,-0.4420,0.0000,90.0000,0.0000,
139147722500,122.6562,-2.4270,0.0574,-0.4420,0.0000,90.0000,0.0000,
139161912200,122.6703,-2.4270,0.0574,-0.4420,0.0000,90.0000,0.0000,
139175583000,122.6841,-2.4270,0.0574,-0.4420,0.0000,90.0000,0.0000,
139189486000,122.6979,-2.4270,0.0574,-0.4420,0.0000,90.0000,0.0000,
139203459800,122.7119,-2.4270,0.0574,-0.4420,0.0000,90.0000,0.0000,
139217340200,122.7258,-2.4270,0.0574,-0.4420,0.0000,90.0000,0.0000,
139231202200,122.7397,-2.4270,0.0574,-0.4420,0.0000,90.0000,0.0000,
139245310200,122.7537,-2.4270,0.0574,-0.4420,0.0000,90.0000,0.0000,
139259033800,122.7675,-2.4270,0.0574,-0.4420,0.0000,90.0000,0.0000,
139272841500,122.7814,-2.4270,0.0574,-0.4420,0.0000,90.0000,0.0000,
139287433200,122.7958,-2.4270,0.0574,-0.4420,0.0000,90.0000,0.0000,
139300860200,122.8093,-2.4270,0.0574,-0.4420,0.0000,90.0000,0.0000,
139314700700,122.8233,-2.4270,0.0574,-0.4420,0.0000,90.0000,0.0000,
139328896700,122.8373,-2.4270,0.0574,-0.4420,0.0000,90.0000,0.0000,
139342778700,122.8512,-2.4270,0.0574,-0.4420,0.0000,90.0000,0.0000,
139356512400,122.8650,-2.4270,0.0574,-0.4420,0.0000,90.0000,0.0000,
139370251900,122.8788,-2.4270,0.0574,-0.4420,0.0000,90.0000,0.0000,
139384311500,122.8928,-2.4270,0.0574,-0.4420,0.0000,90.0000,0.0000,
139398441900,122.9068,-2.4270,0.0574,-0.4420,0.0000,90.0000,0.0000,
139411770100,122.9203,-2.4270,0.0574,-0.4420,0.0000,90.0000,0.0000,
139426155100,122.9346,-2.4270,0.0574,-0.4420,0.0000,90.0000,0.0000,
139440057900,122.9485,-2.4270,0.0574,-0.4420,0.0000,90.0000,0.0000,
139453980300,122.9625,-2.4270,0.0574,-0.4420,0.0000,90.0000,0.0000,
139468020600,122.9764,-2.4270,0.0574,-0.4420,0.0000,90.0000,0.0000,
139481967900,122.9904,-2.4270,0.0574,-0.4420,0.0000,90.0000,0.0000,
139495782900,123.0043,-2.4270,0.0574,-0.4420,0.0000,90.0000,0.0000,
139509494800,123.0178,-2.4270,0.0574,-0.4420,0.0000,90.0000,0.0000,
139523221300,123.0317,-2.4270,0.0574,-0.4420,0.0000,90.0000,0.0000,
139537174600,123.0456,-2.4270,0.0574,-0.4420,0.0000,90.0000,0.0000,
139551005600,123.0596,-2.4270,0.0574,-0.4420,0.0000,90.0000,0.0000,
139565084500,123.0734,-2.4270,0.0574,-0.4420,0.0000,90.0000,0.0000,
139579015600,123.0874,-2.4270,0.0574,-0.4420,0.0000,90.0000,0.0000,
139593044800,123.1016,-2.4270,0.0574,-0.4420,0.0000,90.0000,0.0000,
139607147800,123.1156,-2.4270,0.0574,-0.4420,0.0000,90.0000,0.0000,
139621113000,123.1295,-2.4270,0.0574,-0.4420,0.0000,90.0000,0.0000,
139634998800,123.1436,-2.4270,0.0574,-0.4420,0.0000,90.0000,0.0000,
139648509700,123.1569,-2.4270,0.0574,-0.4420,0.0000,90.0000,0.0000,
139662657200,123.1711,-2.4270,0.0574,-0.4420,0.0000,90.0000,0.0000,
139676696300,123.1851,-2.4270,0.0574,-0.4420,0.0000,90.0000,0.0000,
139690122600,123.1987,-2.4270,0.0574,-0.4420,0.0000,90.0000,0.0000,
139704332500,123.2128,-2.4270,0.0574,-0.4420,0.0000,90.0000,0.0000,
139718090700,123.2265,-2.4270,0.0574,-0.4420,0.0000,90.0000,0.0000,
139732038300,123.2405,-2.4270,0.0574,-0.4420,0.0000,90.0000,0.0000,
139746008800,123.2544,-2.4270,0.0574,-0.4420,0.0000,90.0000,0.0000,
139759885800,123.2683,-2.4270,0.0574,-0.4420,0.0000,90.0000,0.0000,
139773674100,123.2822,-2.4270,0.0574,-0.4420,0.0000,90.0000,0.0000,
139787959900,123.2963,-2.4270,0.0574,-0.4420,0.0000,90.0000,0.0000,
139801620800,123.3101,-2.4270,0.0574,-0.4420,0.0000,90.0000,0.0000,
139815588000,123.3242,-2.4270,0.0574,-0.4420,0.0000,90.0000,0.0000,
139829517100,123.3379,-2.4270,0.0574,-0.4420,0.0000,90.0000,0.0000,
139843770200,123.3521,-2.4270,0.0574,-0.4420,0.0000,90.0000,0.0000,
139857666700,123.3661,-2.4270,0.0574,-0.4420,0.0000,90.0000,0.0000,
139871140100,123.3797,-2.4270,0.0574,-0.4420,0.0000,90.0000,0.0000,
139885177300,123.3936,-2.4270,0.0574,-0.4420,0.0000,90.0000,0.0000,
139899125400,123.4075,-2.4270,0.0574,-0.4420,0.0000,90.0000,0.0000,
139913239900,123.4218,-2.4270,0.0574,-0.4420,0.0000,90.0000,0.0000,
139927065600,123.4355,-2.4270,0.0574,-0.4420,0.0000,90.0000,0.0000,
139940882900,123.4493,-2.4270,0.0574,-0.4420,0.0000,90.0000,0.0000,
139955105500,123.4636,-2.4270,0.0574,-0.4420,0.0000,90.0000,0.0000,
139968889000,123.4773,-2.4270,0.0574,-0.4420,0.0000,90.0000,0.0000,
139983135800,123.4916,-2.4270,0.0574,-0.4420,0.0000,90.0000,0.0000,
139996984100,123.5054,-2.4270,0.0574,-0.4420,0.0000,90.0000,0.0000,
140010882600,123.5194,-2.4270,0.0574,-0.4420,0.0000,90.0000,0.0000,
140024648300,123.5331,-2.4270,0.0574,-0.4420,0.0000,90.0000,0.0000,
140038542100,123.5470,-2.4270,0.0574,-0.4420,0.0000,90.0000,0.0000,
140052294900,123.5609,-2.4270,0.0574,-0.4420,0.0000,90.0000,0.0000,
140066428300,123.5748,-2.4270,0.0574,-0.4420,0.0000,90.0000,0.0000,
140080378200,123.5888,-2.4270,0.0574,-0.4420,0.0000,90.0000,0.0000,
140094057700,123.6026,-2.4270,0.0574,-0.4420,0.0000,90.0000,0.0000,
140108210900,123.6166,-2.4270,0.0574,-0.4420,0.0000,90.0000,0.0000,
140122186700,123.6306,-2.4270,0.0574,-0.4420,0.0000,90.0000,0.0000,
140135967900,123.6445,-2.4270,0.0574,-0.4420,0.0000,90.0000,0.0000,
140149830400,123.6583,-2.4270,0.0574,-0.4420,0.0000,90.0000,0.0000,
140163819600,123.6723,-2.4270,0.0574,-0.4420,0.0000,90.0000,0.0000,
140177613600,123.6860,-2.4270,0.0574,-0.4420,0.0000,90.0000,0.0000,
140191418900,123.7000,-2.4270,0.0574,-0.4420,0.0000,90.0000,0.0000,
140205592900,123.7141,-2.4270,0.0574,-0.4420,0.0000,90.0000,0.0000,
140219438400,123.7278,-2.4270,0.0574,-0.4420,0.0000,90.0000,0.0000,
140233468500,123.7420,-2.4270,0.0574,-0.4420,0.0000,90.0000,0.0000,
140247495000,123.7560,-2.4270,0.0574,-0.4420,0.0000,90.0000,0.0000,
140261405700,123.7698,-2.4270,0.0574,-0.4420,0.0000,90.0000,0.0000,
140275373700,123.7839,-2.4270,0.0574,-0.4420,0.0000,90.0000,0.0000,
140289171300,123.7976,-2.4270,0.0574,-0.4420,0.0000,90.0000,0.0000,
140303223200,123.8116,-2.4270,0.0574,-0.4420,0.0000,90.0000,0.0000,
140317026000,123.8254,-2.4270,0.0574,-0.4420,0.0000,90.0000,0.0000,
140330589500,123.8392,-2.4270,0.0574,-0.4420,0.0000,90.0000,0.0000,
140344698700,123.8531,-2.4270,0.0574,-0.4420,0.0000,90.0000,0.0000,
140358568900,123.8670,-2.4270,0.0574,-0.4420,0.0000,90.0000,0.0000,
140372542500,123.8811,-2.4270,0.0574,-0.4420,0.0000,90.0000,0.0000,
140386423800,123.8949,-2.4270,0.0574,-0.4420,0.0000,90.0000,0.0000,
140400591500,123.9090,-2.4270,0.0574,-0.4420,0.0000,90.0000,0.0000,
140414443100,123.9230,-2.4270,0.0574,-0.4420,0.0000,90.0000,0.0000,
140428497400,123.9369,-2.4270,0.0574,-0.4420,0.0000,90.0000,0.0000,
140442436800,123.9509,-2.4270,0.0574,-0.4420,0.0000,90.0000,0.0000,
140456445400,123.9648,-2.4270,0.0574,-0.4420,0.0000,90.0000,0.0000,
140470016400,123.9786,-2.4270,0.0574,-0.4420,0.0000,90.0000,0.0000,
140484202700,123.9927,-2.4270,0.0574,-0.4420,0.0000,90.0000,0.0000,
140498134400,124.0065,-2.4270,0.0574,-0.4420,0.0000,90.0000,0.0000,
140512231000,124.0207,-2.4270,0.0574,-0.4420,0.0000,90.0000,0.0000,
140525929900,124.0344,-2.4270,0.0574,-0.4420,0.0000,90.0000,0.0000,
140540144800,124.0485,-2.4270,0.0574,-0.4420,0.0000,90.0000,0.0000,
140553951300,124.0625,-2.4270,0.0574,-0.4420,0.0000,90.0000,0.0000,
140568030300,124.0764,-2.4270,0.0574,-0.4420,0.0000,90.0000,0.0000,
140582039400,124.0905,-2.4270,0.0574,-0.4420,0.0000,90.0000,0.0000,
140595938000,124.1045,-2.4270,0.0574,-0.4420,0.0000,90.0000,0.0000,
140609996500,124.1184,-2.4270,0.0574,-0.4420,0.0000,90.0000,0.0000,
140623963200,124.1324,-2.4270,0.0574,-0.4420,0.0000,90.0000,0.0000,
140637944800,124.1464,-2.4270,0.0574,-0.4420,0.0000,90.0000,0.0000,
140651915000,124.1605,-2.4270,0.0574,-0.4420,0.0000,90.0000,0.0000,
140666083200,124.1746,-2.4270,0.0574,-0.4420,0.0000,90.0000,0.0000,
140679903300,124.1883,-2.4270,0.0574,-0.4420,0.0000,90.0000,0.0000,
140693900500,124.2025,-2.4270,0.0574,-0.4420,0.0000,90.0000,0.0000,
140707829800,124.2162,-2.4270,0.0574,-0.4420,0.0000,90.0000,0.0000,
140721546100,124.2300,-2.4270,0.0574,-0.4420,0.0000,90.0000,0.0000,
140735541300,124.2441,-2.4270,0.0574,-0.4420,0.0000,90.0000,0.0000,
140749523400,124.2580,-2.4270,0.0574,-0.4420,0.0000,90.0000,0.0000,
140763517500,124.2720,-2.4270,0.0574,-0.4420,0.0000,90.0000,0.0000,
140777440600,124.2859,-2.4270,0.0574,-0.4420,0.0000,90.0000,0.0000,
140791452900,124.3000,-2.4270,0.0574,-0.4420,0.0000,90.0000,0.0000,
140805204000,124.3137,-2.4270,0.0574,-0.4420,0.0000,90.0000,0.0000,
140819143800,124.3276,-2.4270,0.0574,-0.4420,0.0000,90.0000,0.0000,
140833160000,124.3417,-2.4270,0.0574,-0.4420,0.0000,90.0000,0.0000,
140847164200,124.3556,-2.4270,0.0574,-0.4420,0.0000,90.0000,0.0000,
140861139800,124.3696,-2.4270,0.0574,-0.4420,0.0000,90.0000,0.0000,
140874966000,124.3835,-2.4270,0.0574,-0.4420,0.0000,90.0000,0.0000,
140888984100,124.3974,-2.4270,0.0574,-0.4420,0.0000,90.0000,0.0000,
140903176000,124.4115,-2.4270,0.0574,-0.4420,0.0000,90.0000,0.0000,
140916822400,124.4253,-2.4270,0.0574,-0.4420,0.0000,90.0000,0.0000,
140930790500,124.4394,-2.4270,0.0574,-0.4420,0.0000,90.0000,0.0000,
140944823500,124.4532,-2.4270,0.0574,-0.4420,0.0000,90.0000,0.0000,
140958716900,124.4671,-2.4270,0.0574,-0.4420,0.0000,90.0000,0.0000,
140972382100,124.4809,-2.4270,0.0574,-0.4420,0.0000,90.0000,0.0000,
140986450900,124.4949,-2.4270,0.0574,-0.4420,0.0000,90.0000,0.0000,
141000152600,124.5086,-2.4270,0.0574,-0.4420,0.0000,90.0000,0.0000,
141014270300,124.5228,-2.4270,0.0574,-0.4420,0.0000,90.0000,0.0000,
141028156600,124.5366,-2.4270,0.0574,-0.4420,0.0000,90.0000,0.0000,
141042101200,124.5505,-2.4270,0.0574,-0.4420,0.0000,90.0000,0.0000,
141055992800,124.5646,-2.4270,0.0574,-0.4420,0.0000,90.0000,0.0000,
141070202600,124.5786,-2.4270,0.0574,-0.4420,0.0000,90.0000,0.0000,
141083983300,124.5925,-2.4270,0.0574,-0.4420,0.0000,90.0000,0.0000,
141097882200,124.6064,-2.4270,0.0574,-0.4420,0.0000,90.0000,0.0000,
141111837200,124.6204,-2.4270,0.0574,-0.4420,0.0000,90.0000,0.0000,
141125934000,124.6344,-2.4270,0.0574,-0.4420,0.0000,90.0000,0.0000,
141139708400,124.6482,-2.4270,0.0574,-0.4420,0.0000,90.0000,0.0000,
141153458700,124.6621,-2.4270,0.0574,-0.4420,0.0000,90.0000,0.0000,
141167524100,124.6760,-2.4270,0.0574,-0.4420,0.0000,90.0000,0.0000,
141181480700,124.6899,-2.4270,0.0574,-0.4420,0.0000,90.0000,0.0000,
141195271500,124.7039,-2.4270,0.0574,-0.4420,0.0000,90.0000,0.0000,
141209430800,124.7179,-2.4270,0.0574,-0.4420,0.0000,90.0000,0.0000,
141223434700,124.7319,-2.4270,0.0574,-0.4420,0.0000,90.0000,0.0000,
141237171000,124.7456,-2.4270,0.0574,-0.4420,0.0000,90.0000,0.0000,
141251035900,124.7597,-2.4270,0.0574,-0.4420,0.0000,90.0000,0.0000,
141265055900,124.7735,-2.4270,0.0574,-0.4420,0.0000,90.0000,0.0000,
141278838100,124.7873,-2.4270,0.0574,-0.4420,0.0000,90.0000,0.0000,
141292887400,124.8014,-2.4270,0.0574,-0.4420,0.0000,90.0000,0.0000,
141306811000,124.8153,-2.4270,0.0574,-0.4420,0.0000,90.0000,0.0000,
141320442800,124.8289,-2.4270,0.0574,-0.4420,0.0000,90.0000,0.0000,
141334280400,124.8429,-2.4270,0.0574,-0.4420,0.0000,90.0000,0.0000,
141348744200,124.8571,-2.4270,0.0574,-0.4420,0.0000,90.0000,0.0000,
141362580800,124.8710,-2.4270,0.0574,-0.4420,0.0000,90.0000,0.0000,
141375953200,124.8846,-2.4270,0.0574,-0.4420,0.0000,90.0000,0.0000,
141390429700,124.8989,-2.4270,0.0574,-0.4420,0.0000,90.0000,0.0000,
141404440400,124.9129,-2.4270,0.0574,-0.4420,0.0000,90.0000,0.0000,
141418288800,124.9268,-2.4270,0.0574,-0.4420,0.0000,90.0000,0.0000,
141432128300,124.9408,-2.4270,0.0574,-0.4420,0.0000,90.0000,0.0000,
141445978200,124.9545,-2.4270,0.0574,-0.4420,0.0000,90.0000,0.0000,
141460055300,124.9685,-2.4270,0.0574,-0.4420,0.0000,90.0000,0.0000,
141473960000,124.9826,-2.4270,0.0574,-0.4420,0.0000,90.0000,0.0000,
141487856800,124.9964,-2.4270,0.0574,-0.4420,0.0000,90.0000,0.0000,
141501758600,125.0103,-2.4270,0.0574,-0.4420,0.0000,90.0000,0.0000,
141515773800,125.0243,-2.4270,0.0574,-0.4420,0.0000,90.0000,0.0000,
141529653500,125.0381,-2.4270,0.0574,-0.4420,0.0000,90.0000,0.0000,
141543270600,125.0518,-2.4270,0.0574,-0.4420,0.0000,90.0000,0.0000,
141557488000,125.0660,-2.4270,0.0574,-0.4420,0.0000,90.0000,0.0000,
141571374800,125.0799,-2.4270,0.0574,-0.4420,0.0000,90.0000,0.0000,
141585095200,125.0936,-2.4270,0.0574,-0.4420,0.0000,90.0000,0.0000,
141599078300,125.1076,-2.4270,0.0574,-0.4420,0.0000,90.0000,0.0000,
141613048700,125.1217,-2.4270,0.0574,-0.4420,0.0000,90.0000,0.0000,
141627265100,125.1357,-2.4270,0.0574,-0.4420,0.0000,90.0000,0.0000,
141641036100,125.1496,-2.4270,0.0574,-0.4420,0.0000,90.0000,0.0000,
141654575300,125.1632,-2.4270,0.0574,-0.4420,0.0000,90.0000,0.0000,
141668658000,125.1772,-2.4270,0.0574,-0.4420,0.0000,90.0000,0.0000,
141683058600,125.1915,-2.4270,0.0574,-0.4420,0.0000,90.0000,0.0000,
141696768400,125.2053,-2.4270,0.0574,-0.4420,0.0000,90.0000,0.0000,
141710606500,125.2192,-2.4270,0.0574,-0.4420,0.0000,90.0000,0.0000,
141724710300,125.2332,-2.4270,0.0574,-0.4420,0.0000,90.0000,0.0000,
141738632800,125.2471,-2.4270,0.0574,-0.4420,0.0000,90.0000,0.0000,
141752391600,125.2610,-2.4270,0.0574,-0.4420,0.0000,90.0000,0.0000,
141766419100,125.2749,-2.4270,0.0574,-0.4420,0.0000,90.0000,0.0000,
141780389600,125.2889,-2.4270,0.0574,-0.4420,0.0000,90.0000,0.0000,
141794168900,125.3027,-2.4270,0.0574,-0.4420,0.0000,90.0000,0.0000,
141808180000,125.3167,-2.4270,0.0574,-0.4420,0.0000,90.0000,0.0000,
141821855400,125.3303,-2.4270,0.0574,-0.4420,0.0000,90.0000,0.0000,
141835849600,125.3445,-2.4270,0.0574,-0.4420,0.0000,90.0000,0.0000,
141850056800,125.3585,-2.4270,0.0574,-0.4420,0.0000,90.0000,0.0000,
141864165800,125.3725,-2.4270,0.0574,-0.4420,0.0000,90.0000,0.0000,
141877538400,125.3861,-2.4270,0.0574,-0.4420,0.0000,90.0000,0.0000,
141891420800,125.4001,-2.4270,0.0574,-0.4420,0.0000,90.0000,0.0000,
141905740500,125.4141,-2.4270,0.0574,-0.4420,0.0000,90.0000,0.0000,
141919757000,125.4282,-2.4270,0.0574,-0.4420,0.0000,90.0000,0.0000,
141933596800,125.4422,-2.4270,0.0574,-0.4420,0.0000,90.0000,0.0000,
141947654600,125.4561,-2.4270,0.0574,-0.4420,0.0000,90.0000,0.0000,
141961529800,125.4700,-2.4270,0.0574,-0.4420,0.0000,90.0000,0.0000,
141975172600,125.4838,-2.4270,0.0574,-0.4420,0.0000,90.0000,0.0000,
141989285500,125.4977,-2.4270,0.0574,-0.4420,0.0000,90.0000,0.0000,
142003323600,125.5118,-2.4270,0.0574,-0.4420,0.0000,90.0000,0.0000,
142017122700,125.5256,-2.4270,0.0574,-0.4420,0.0000,90.0000,0.0000,
142030949700,125.5396,-2.4270,0.0574,-0.4420,0.0000,90.0000,0.0000,
142045066900,125.5536,-2.4270,0.0574,-0.4420,0.0000,90.0000,0.0000,
142058984900,125.5675,-2.4270,0.0574,-0.4420,0.0000,90.0000,0.0000,
142072818200,125.5813,-2.4270,0.0574,-0.4420,0.0000,90.0000,0.0000,
142086637000,125.5952,-2.4270,0.0574,-0.4420,0.0000,90.0000,0.0000,
142100414400,125.6089,-2.4270,0.0574,-0.4420,0.0000,90.0000,0.0000,
142114530100,125.6232,-2.4270,0.0574,-0.4420,0.0000,90.0000,0.0000,
142129020400,125.6375,-2.4270,0.0574,-0.4420,0.0000,90.0000,0.0000,
142142452300,125.6510,-2.4270,0.0574,-0.4420,0.0000,90.0000,0.0000,
142156399100,125.6649,-2.4270,0.0574,-0.4420,0.0000,90.0000,0.0000,
142170157100,125.6788,-2.4270,0.0574,-0.4420,0.0000,90.0000,0.0000,
142184218300,125.6927,-2.4270,0.0574,-0.4420,0.0000,90.0000,0.0000,
142197911200,125.7064,-2.4270,0.0574,-0.4420,0.0000,90.0000,0.0000,
142211881200,125.7205,-2.4270,0.0574,-0.4420,0.0000,90.0000,0.0000,
142225717400,125.7343,-2.4270,0.0574,-0.4420,0.0000,90.0000,0.0000,
142240176700,125.7486,-2.4270,0.0574,-0.4420,0.0000,90.0000,0.0000,
142253678200,125.7623,-2.4270,0.0574,-0.4420,0.0000,90.0000,0.0000,
142267598000,125.7761,-2.4270,0.0574,-0.4420,0.0000,90.0000,0.0000,
142281429000,125.7900,-2.4270,0.0574,-0.4420,0.0000,90.0000,0.0000,
142295376300,125.8039,-2.4270,0.0574,-0.4420,0.0000,90.0000,0.0000,
142309532600,125.8180,-2.4270,0.0574,-0.4420,0.0000,90.0000,0.0000,
142323443000,125.8319,-2.4270,0.0574,-0.4420,0.0000,90.0000,0.0000,
142337105600,125.8456,-2.4270,0.0574,-0.4420,0.0000,90.0000,0.0000,
142351055600,125.8596,-2.4270,0.0574,-0.4420,0.0000,90.0000,0.0000,
142364981200,125.8735,-2.4270,0.0574,-0.4420,0.0000,90.0000,0.0000,
142378633100,125.8872,-2.4270,0.0574,-0.4420,0.0000,90.0000,0.0000,
142392890200,125.9015,-2.4270,0.0574,-0.4420,0.0000,90.0000,0.0000,
142406832000,125.9153,-2.4270,0.0574,-0.4420,0.0000,90.0000,0.0000,
142420463000,125.9290,-2.4270,0.0574,-0.4420,0.0000,90.0000,0.0000,
142434617200,125.9433,-2.4270,0.0574,-0.4420,0.0000,90.0000,0.0000,
142448611700,125.9571,-2.4270,0.0574,-0.4420,0.0000,90.0000,0.0000,
142462658900,125.9711,-2.4270,0.0574,-0.4420,0.0000,90.0000,0.0000,
142476431300,125.9850,-2.4270,0.0574,-0.4420,0.0000,90.0000,0.0000,
142490128900,125.9988,-2.4270,0.0574,-0.4420,0.0000,90.0000,0.0000,
142504181100,126.0127,-2.4270,0.0574,-0.4420,0.0000,90.0000,0.0000,
142518167800,126.0266,-2.4270,0.0574,-0.4420,0.0000,90.0000,0.0000,
142531972900,126.0406,-2.4270,0.0574,-0.4420,0.0000,90.0000,0.0000,
142545970000,126.0545,-2.4270,0.0574,-0.4420,0.0000,90.0000,0.0000,
142559905300,126.0685,-2.4270,0.0574,-0.4420,0.0000,90.0000,0.0000,
142573967100,126.0825,-2.4270,0.0574,-0.4420,0.0000,90.0000,0.0000,
142587860500,126.0963,-2.4270,0.0574,-0.4420,0.0000,90.0000,0.0000,
142601721500,126.1103,-2.4270,0.0574,-0.4420,0.0000,90.0000,0.0000,
142615885200,126.1245,-2.4270,0.0574,-0.4420,0.0000,90.0000,0.0000,
142629557300,126.1380,-2.4270,0.0574,-0.4420,0.0000,90.0000,0.0000,
142643591900,126.1521,-2.4270,0.0574,-0.4420,0.0000,90.0000,0.0000,
142657341100,126.1658,-2.4270,0.0574,-0.4420,0.0000,90.0000,0.0000,
142670934700,126.1796,-2.4270,0.0574,-0.4420,0.0000,90.0000,0.0000,
142685204500,126.1936,-2.4270,0.0574,-0.4420,0.0000,90.0000,0.0000,
142698907500,126.2075,-2.4270,0.0574,-0.4420,0.0000,90.0000,0.0000,
142712850600,126.2215,-2.4270,0.0574,-0.4420,0.0000,90.0000,0.0000,
142726827800,126.2354,-2.4270,0.0574,-0.4420,0.0000,90.0000,0.0000,
142740795700,126.2493,-2.4270,0.0574,-0.4420,0.0000,90.0000,0.0000,
142754598300,126.2633,-2.4270,0.0574,-0.4420,0.0000,90.0000,0.0000,
142768719200,126.2773,-2.4270,0.0574,-0.4420,0.0000,90.0000,0.0000,
142782504300,126.2910,-2.4270,0.0574,-0.4420,0.0000,90.0000,0.0000,
142796580200,126.3050,-2.4270,0.0574,-0.4420,0.0000,90.0000,0.0000,
142810172000,126.3188,-2.4270,0.0574,-0.4420,0.0000,90.0000,0.0000,
142824397700,126.3329,-2.4270,0.0574,-0.4420,0.0000,90.0000,0.0000,
142838200400,126.3467,-2.4270,0.0574,-0.4420,0.0000,90.0000,0.0000,
142852179600,126.3608,-2.4270,0.0574,-0.4420,0.0000,90.0000,0.0000,
142866013700,126.3745,-2.4270,0.0574,-0.4420,0.0000,90.0000,0.0000,
142879889700,126.3884,-2.4270,0.0574,-0.4420,0.0000,90.0000,0.0000,
142893885500,126.4025,-2.4270,0.0574,-0.4420,0.0000,90.0000,0.0000,
142907858900,126.4163,-2.4270,0.0574,-0.4420,0.0000,90.0000,0.0000,
142921661600,126.4302,-2.4270,0.0574,-0.4420,0.0000,90.0000,0.0000,
142935414000,126.4440,-2.4270,0.0574,-0.4420,0.0000,90.0000,0.0000,
142949749100,126.4580,-0.0937,0.9110,0.1070,49.1010,15.1899,270.1156,
142964456500,126.4726,-0.0937,0.9110,0.1070,49.1010,15.1899,270.1156,
142977923000,126.4862,-0.0817,0.9185,0.1206,44.0262,15.4562,279.2062,
142991353900,126.4998,-0.0729,0.9240,0.1305,40.5807,15.0192,284.9696,
143005411700,126.5137,-0.0662,0.9282,0.1382,38.4561,14.5348,288.4357,
143019586500,126.5278,-0.0613,0.9200,0.1443,38.1774,15.8142,293.3741,
143033225700,126.5417,-0.0571,0.9145,0.1495,37.6202,16.4281,296.8466,
143047306600,126.5556,-0.0544,0.9195,0.1526,36.5491,18.9505,300.7578,
143061155700,126.5695,-0.0516,0.9230,0.1557,35.4582,20.5076,303.9378,
143075248300,126.5836,-0.0489,0.9257,0.1588,34.3688,21.5322,306.7225,
143089429800,126.5977,-0.0442,0.9315,0.1658,34.3322,24.3208,310.6870,
143102946500,126.6113,-0.0400,0.9359,0.1719,33.8715,26.3432,314.1619,
143116836000,126.6251,-0.0344,0.9438,0.1849,31.9751,27.0327,316.8917,
143130730500,126.6390,-0.0294,0.9500,0.1953,30.3395,27.5751,319.4361,
143144513000,126.6528,-0.0223,0.9646,0.2135,26.7420,27.1079,321.0430,
143158456300,126.6668,-0.0162,0.9759,0.2282,23.9516,26.7995,322.7565,
143172260500,126.6807,-0.0107,0.9852,0.2407,21.6935,26.5662,324.4642,
143186561500,126.6948,-0.0055,1.0010,0.2585,16.9821,25.6065,325.2737,
143200317400,126.7086,-0.0006,1.0139,0.2736,13.5570,24.9224,326.3430,
143213973500,126.7225,0.0030,1.0330,0.2907,7.4056,22.4738,325.5599,
143227828200,126.7362,0.0068,1.0488,0.3057,3.3575,21.0057,325.6608,
143241969700,126.7502,0.0108,1.0625,0.3195,0.4083,19.9757,326.1089,
143255697100,126.7642,0.0127,1.0808,0.3350,355.3471,18.6199,327.5798,
143270197600,126.7785,0.0153,1.0967,0.3493,351.8073,17.5317,328.7784,
143283811200,126.7921,0.0142,1.1165,0.3637,347.2502,17.7332,328.7090,
143297741100,126.8060,0.0145,1.1339,0.3775,343.8557,17.6164,328.9362,
143311465400,126.8200,0.0141,1.1485,0.3923,342.2361,16.8991,333.0580,
143325543000,126.8339,0.0147,1.1624,0.4064,340.5127,16.1092,336.1660,
143339425100,126.8478,0.0159,1.1760,0.4200,338.7842,15.2740,338.6618,
143353535600,126.8620,0.0103,1.1835,0.4340,336.1961,12.5097,340.0421,
143367241100,126.8757,0.0069,1.1926,0.4476,333.9131,10.2177,341.6100,
143381161600,126.8896,0.0032,1.1964,0.4603,333.7995,7.9410,344.0389,
143395388700,126.9039,0.0008,1.2025,0.4731,333.3235,5.9160,346.2724,
143408948500,126.9173,-0.0037,1.2011,0.4859,332.6477,3.7754,349.9599,
143422784100,126.9312,-0.0070,1.2031,0.4987,331.8965,1.7022,353.2471,
143436611300,126.9450,-0.0094,1.2070,0.5116,331.1461,359.7015,356.2296,
143450570500,126.9591,-0.0115,1.2007,0.5211,329.2861,357.9925,359.6543,
143464776500,126.9731,-0.0132,1.1984,0.5315,327.8468,356.1572,2.8188,
143478661700,126.9870,-0.0147,1.1986,0.5426,326.6991,354.2653,5.8025,
143492261700,127.0008,-0.0195,1.1959,0.5537,326.1778,354.0106,6.6168,
143506024500,127.0145,-0.0232,1.1953,0.5651,325.6335,353.4006,7.7947,
143520492400,127.0288,-0.0270,1.1859,0.5706,325.7543,353.6519,7.5627,
143534117800,127.0427,-0.0301,1.1802,0.5779,326.1147,354.3684,6.9941,
143548178900,127.0565,-0.0339,1.1744,0.5838,326.9177,355.5139,6.3132,
143562489600,127.0709,-0.0372,1.1707,0.5911,327.5315,356.2962,6.0366,
143575908300,127.0844,-0.0387,1.1642,0.5946,329.6450,358.5925,4.0180,
143589939500,127.0983,-0.0404,1.1597,0.5999,331.2432,0.1168,2.8329,
143603971900,127.1124,-0.0422,1.1564,0.6064,332.3592,1.0707,2.2208,
143617953900,127.1263,-0.0427,1.1524,0.6070,335.9782,2.1116,0.9773,
143631673300,127.1401,-0.0436,1.1494,0.6096,338.6572,2.7982,0.2621,
143645346800,127.1537,-0.0439,1.1493,0.6087,339.9386,2.7248,359.7766,
143659955500,127.1683,-0.0443,1.1491,0.6087,341.0087,2.7063,359.4643,
143673568000,127.1820,-0.0449,1.1488,0.6094,342.0011,2.7165,359.2344,
143688006400,127.1963,-0.0450,1.1495,0.6084,341.9762,3.0816,359.5395,
143701058400,127.2094,-0.0452,1.1507,0.6073,342.0571,3.4736,359.8531,
143715310900,127.2238,-0.0446,1.1536,0.6038,341.6673,4.0373,359.9290,
143728914800,127.2373,-0.0443,1.1557,0.6019,341.3411,4.6657,0.0071,
143743228000,127.2514,-0.0443,1.1571,0.6012,341.1154,5.2811,0.0787,
143756937700,127.2653,-0.0440,1.1568,0.6009,342.0919,7.0136,1.3116,
143770632300,127.2792,-0.0439,1.1567,0.6008,343.0220,8.6022,2.4255,
143784924000,127.2933,-0.0431,1.1554,0.6009,344.5024,10.2677,2.9414,
143798574200,127.3069,-0.0420,1.1534,0.6013,345.7014,11.6165,3.4151,
143812482100,127.3210,-0.0401,1.1515,0.6028,346.8112,12.1628,3.3800,
143826138200,127.3345,-0.0384,1.1499,0.6045,347.7895,12.7130,3.4245,
143840447600,127.3489,-0.0371,1.1484,0.6062,348.7241,13.2892,3.5237,
143854241600,127.3626,-0.0326,1.1431,0.6097,349.5664,13.5262,3.9932,
143868408400,127.3768,-0.0293,1.1391,0.6128,350.4223,13.8488,4.4468,
143882210000,127.3906,-0.0253,1.1351,0.6145,350.5960,14.1987,4.6036,
143895971000,127.4045,-0.0223,1.1321,0.6161,350.8286,14.5659,4.7730,
143910162600,127.4185,-0.0200,1.1297,0.6178,351.1344,14.9915,4.9738,
143924135700,127.4325,-0.0190,1.1293,0.6177,350.9739,14.9621,5.0719,
143937929200,127.4463,-0.0181,1.1288,0.6179,350.8152,14.9537,5.2011,
143951687100,127.4602,-0.0185,1.1304,0.6174,350.2968,14.9228,5.1876,
143965925800,127.4742,-0.0193,1.1336,0.6166,349.7074,14.9258,5.1879,
143979843400,127.4882,-0.0223,1.1421,0.6158,349.2062,14.9874,5.3374,
143993470700,127.5020,-0.0243,1.1480,0.6156,348.7849,15.0735,5.4861,
144007615400,127.5159,-0.0256,1.1527,0.6175,348.7984,15.1875,5.5309,
144021499200,127.5298,-0.0264,1.1560,0.6190,348.8191,15.2869,5.5703,
144035369500,127.5439,-0.0269,1.1584,0.6202,348.8565,15.4262,5.6256,
144049477900,127.5578,-0.0264,1.1589,0.6215,349.1684,15.7675,5.9364,
144063380800,127.5718,-0.0260,1.1596,0.6227,349.5706,16.2063,6.3296,
144077290200,127.5856,-0.0256,1.1603,0.6240,349.9928,16.6673,6.7370,
144090686200,127.5992,-0.0256,1.1604,0.6247,350.4573,16.9946,6.9073,
144105219900,127.6136,-0.0256,1.1605,0.6254,350.8917,17.3079,7.0762,
144119196000,127.6276,-0.0252,1.1602,0.6260,351.3041,17.5763,7.2525,
144132499500,127.6410,-0.0247,1.1599,0.6267,351.7056,17.8448,7.4303,
144147069100,127.6554,-0.0231,1.1590,0.6279,351.6314,18.0912,7.3867,
144160782500,127.6692,-0.0214,1.1581,0.6292,351.5725,18.3400,7.3516,
144174600500,127.6831,-0.0199,1.1575,0.6305,351.5190,18.6267,7.3195,
144188792400,127.6971,-0.0188,1.1569,0.6301,351.2370,18.9747,7.1867,
144202619100,127.7110,-0.0177,1.1565,0.6300,350.9392,19.3715,7.0454,
144216294500,127.7247,-0.0170,1.1562,0.6299,350.6302,19.5919,6.9943,
144230002000,127.7385,-0.0164,1.1559,0.6299,350.3476,19.8088,6.9497,
144244104000,127.7524,-0.0156,1.1562,0.6301,349.7102,20.0584,6.9535,
144258259700,127.7667,-0.0146,1.1566,0.6304,349.0629,20.3246,6.9591,
144271675900,127.7802,-0.0136,1.1569,0.6308,348.4565,20.5851,6.9656,
144285976100,127.7944,-0.0128,1.1580,0.6315,348.0741,20.9131,7.0084,
144299746100,127.8081,-0.0120,1.1590,0.6323,347.7214,21.2168,7.0470,
144313844800,127.8224,-0.0107,1.1607,0.6334,346.9945,21.8710,7.0892,
144327618800,127.8359,-0.0094,1.1623,0.6345,346.2751,22.5199,7.1246,
144341434300,127.8498,-0.0083,1.1636,0.6355,345.6121,23.1195,7.1513,
144355514300,127.8640,-0.0069,1.1648,0.6369,344.8474,24.3480,6.9853,
144369608100,127.8780,-0.0056,1.1660,0.6381,344.1407,25.4589,6.8295,
144383165000,127.8916,-0.0046,1.1672,0.6396,343.6367,26.4113,6.2905,
144397266600,127.9057,-0.0036,1.1683,0.6409,343.1724,27.2687,5.8331,
144410926500,127.9194,-0.0027,1.1694,0.6422,342.7331,28.0663,5.4276,
144424986000,127.9333,-0.0018,1.1702,0.6432,342.8392,28.9336,4.9518,
144438873800,127.9473,-0.0009,1.1709,0.6441,342.8849,29.7801,4.5067,
144452995500,127.9614,0.0007,1.1712,0.6458,343.5611,30.0344,4.4814,
144467120600,127.9754,0.0023,1.1715,0.6475,344.2065,30.3573,4.4342,
144480942800,127.9893,0.0020,1.1724,0.6477,344.4739,29.9613,4.4351,
144494425300,128.0030,0.0018,1.1734,0.6479,344.7705,29.5438,4.4190,
144508975400,128.0173,0.0016,1.1745,0.6483,345.0720,29.1405,4.3857,
144522423800,128.0307,0.0013,1.1751,0.6481,345.1198,28.5701,4.2507,
144536695400,128.0450,0.0011,1.1758,0.6479,345.1591,28.0430,4.1074,
144550132600,128.0586,0.0008,1.1761,0.6476,345.1782,27.7051,3.9333,
144564397300,128.0727,0.0005,1.1765,0.6473,345.1908,27.4194,3.7709,
144578655200,128.0869,-0.0016,1.1776,0.6464,344.9770,27.0920,3.4468,
144592041500,128.1005,-0.0037,1.1787,0.6455,344.7538,26.7690,3.1086,
144606490500,128.1148,-0.0055,1.1798,0.6448,344.5334,26.4662,2.7752,
144620366200,128.1286,-0.0064,1.1799,0.6447,344.5912,26.3813,2.6872,
144634378700,128.1428,-0.0072,1.1800,0.6447,344.6294,26.3190,2.6169,
144648012100,128.1563,-0.0074,1.1798,0.6447,344.8723,26.2600,2.5846,
144661992000,128.1703,-0.0076,1.1796,0.6447,345.2161,26.1755,2.5316,
144675790500,128.1843,-0.0076,1.1794,0.6448,345.6981,25.9755,2.5557,
144689899600,128.1981,-0.0077,1.1792,0.6448,346.1985,25.7659,2.5738,
144703909300,128.2122,-0.0078,1.1789,0.6449,346.6784,25.5631,2.5849,
144717613800,128.2260,-0.0077,1.1785,0.6450,346.8214,25.4187,2.7309,
144731474300,128.2399,-0.0075,1.1780,0.6451,346.9443,25.2958,2.8507,
144745755100,128.2540,-0.0069,1.1777,0.6452,346.8950,25.2836,2.8941,
144759605200,128.2680,-0.0063,1.1773,0.6453,346.8011,25.2599,2.9760,
144773205200,128.2817,-0.0056,1.1769,0.6455,346.6460,25.2196,3.1103,
144787165700,128.2955,-0.0053,1.1768,0.6455,346.4215,25.2521,3.2003,
144801570800,128.3098,-0.0051,1.1767,0.6455,346.1680,25.2891,3.2990,
144815201800,128.3237,-0.0049,1.1765,0.6455,346.1121,25.4602,3.3336,
144829008900,128.3373,-0.0047,1.1764,0.6455,346.0547,25.6473,3.3681,
144842927800,128.3513,-0.0046,1.1764,0.6454,346.1708,25.7986,3.3500,
144857516600,128.3658,-0.0046,1.1764,0.6452,346.3318,25.9996,3.3228,
144870688400,128.3792,-0.0045,1.1765,0.6451,346.5331,26.2418,3.2872,
144884840500,128.3931,-0.0047,1.1765,0.6448,346.6409,26.2840,3.2221,
144898654800,128.4070,-0.0051,1.1767,0.6444,346.7418,26.3210,3.1610,
144912498200,128.4209,-0.0059,1.1765,0.6435,346.9113,26.2210,3.0342,
144927008800,128.4353,-0.0068,1.1763,0.6424,347.1463,26.0781,2.8572,
144940528900,128.4488,-0.0076,1.1761,0.6415,347.4171,25.9090,2.6519,
144954349700,128.4628,-0.0089,1.1749,0.6402,347.5581,25.2580,2.5116,
144968386900,128.4767,-0.0101,1.1739,0.6390,347.7093,24.5566,2.3575,
144982373900,128.4906,-0.0112,1.1710,0.6363,347.6440,24.0110,2.6038,
144996466500,128.5048,-0.0122,1.1685,0.6339,347.5879,23.4900,2.8318,
145009877100,128.5184,-0.0128,1.1669,0.6324,347.6547,23.2798,3.0455,
145024157500,128.5324,-0.0134,1.1656,0.6311,347.7164,23.0843,3.2361,
145037926800,128.5462,-0.0139,1.1645,0.6300,347.7794,22.8845,3.4245,
145051644700,128.5601,-0.0141,1.1639,0.6291,347.8219,22.8930,3.5563,
145066006900,128.5743,-0.0143,1.1633,0.6283,347.8660,22.8977,3.6914,
145080339500,128.5885,-0.0144,1.1624,0.6276,347.7625,23.0044,3.7516,
145093609100,128.6021,-0.0146,1.1615,0.6268,347.5930,23.1745,3.8472,
145107498500,128.6158,-0.0148,1.1605,0.6260,347.3784,23.3847,3.9646,
145121420600,128.6297,-0.0150,1.1586,0.6246,346.9307,23.5266,3.9971,
145135737200,128.6441,-0.0153,1.1566,0.6232,346.4522,23.6740,4.0280,
145149318500,128.6577,-0.0156,1.1538,0.6217,345.7051,23.3553,3.5722,
145163472100,128.6718,-0.0159,1.1513,0.6204,344.8875,23.0107,3.0772,
145177136900,128.6855,-0.0161,1.1482,0.6196,344.3524,22.3246,2.7237,
145191321700,128.6997,-0.0162,1.1455,0.6188,343.8544,21.7036,2.4024,
145205003900,128.7133,-0.0164,1.1431,0.6181,343.3961,21.1459,2.1127,
145219159800,128.7274,-0.0166,1.1417,0.6183,343.0527,20.7513,1.9957,
145232643800,128.7411,-0.0168,1.1404,0.6184,342.7335,20.3888,1.8817,
145247282900,128.7555,-0.0169,1.1400,0.6185,342.7591,20.2084,1.9443,
145260727700,128.7690,-0.0169,1.1396,0.6185,342.7683,20.0514,1.9881,
145274588100,128.7830,-0.0170,1.1391,0.6185,342.7680,19.8794,2.0276,
145288476100,128.7968,-0.0170,1.1391,0.6184,343.1734,19.8346,2.3609,
145303002900,128.8111,-0.0170,1.1390,0.6182,343.7901,19.7540,2.8691,
145316432400,128.8248,-0.0171,1.1393,0.6182,344.9556,19.8934,3.5829,
145330123400,128.8386,-0.0171,1.1397,0.6182,346.0104,20.0160,4.2298,
145344393200,128.8526,-0.0172,1.1410,0.6192,346.2035,20.3695,4.6677,
145358271000,128.8665,-0.0173,1.1425,0.6204,346.3719,20.6488,5.0307,
145371823500,128.8803,-0.0174,1.1437,0.6215,346.5314,20.8922,5.3607,
145385996500,128.8943,-0.0175,1.1445,0.6222,346.2307,21.0064,5.4532,
145400164900,128.9085,-0.0176,1.1451,0.6228,345.8947,21.1405,5.5715,
145414258700,128.9227,-0.0184,1.1455,0.6235,344.4791,20.9718,5.3803,
145427949500,128.9362,-0.0192,1.1458,0.6243,342.9594,20.7953,5.1938,
145441735800,128.9500,-0.0199,1.1462,0.6250,341.6381,20.6451,5.0479,
145455353000,128.9638,-0.0202,1.1461,0.6256,340.1795,20.3686,4.3956,
145469733800,128.9779,-0.0205,1.1460,0.6263,338.9377,20.1508,3.8773,
145483496700,128.9918,-0.0208,1.1460,0.6266,338.6416,19.9910,3.6501,
145497585300,129.0059,-0.0212,1.1460,0.6270,338.3621,19.8661,3.4725,
145511057000,129.0195,-0.0215,1.1455,0.6273,338.3520,19.7756,3.4883,
145525467100,129.0337,-0.0218,1.1449,0.6276,338.3293,19.7128,3.4956,
145539064200,129.0474,-0.0221,1.1444,0.6280,338.2925,19.6459,3.5004,
145552897300,129.0613,-0.0226,1.1439,0.6285,338.2737,19.5830,3.4652,
145566883800,129.0752,-0.0230,1.1434,0.6291,338.2367,19.4999,3.4165,
145580913800,129.0892,-0.0236,1.1434,0.6292,338.2384,19.4631,3.4086,
145594711500,129.1032,-0.0242,1.1434,0.6294,338.2357,19.4319,3.4014,
145609332000,129.1176,-0.0250,1.1434,0.6294,338.1333,19.3250,3.4326,
145623220700,129.1315,-0.0258,1.1434,0.6295,337.9604,19.1576,3.4825,
145636775800,129.1450,-0.0267,1.1434,0.6296,337.7338,18.9512,3.5456,
145650380800,129.1588,-0.0274,1.1437,0.6298,337.4443,18.8644,3.5538,
145664680800,129.1730,-0.0281,1.1440,0.6301,337.1291,18.7761,3.5624,
145678472600,129.1867,-0.0284,1.1440,0.6303,336.6666,18.6171,3.5657,
145692078700,129.2005,-0.0285,1.1439,0.6305,336.1800,18.4555,3.5699,
145706262900,129.2146,-0.0287,1.1439,0.6307,335.6982,18.3004,3.5749,
145720332500,129.2286,-0.0288,1.1440,0.6309,335.3796,18.2238,3.5129,
145733736900,129.2422,-0.0289,1.1443,0.6311,335.0815,18.1546,3.4573,
145748086200,129.2563,-0.0289,1.1454,0.6318,334.9130,18.1299,3.3716,
145762341500,129.2706,-0.0289,1.1467,0.6326,334.7516,18.1071,3.2927,
145775677300,129.2841,-0.0290,1.1479,0.6333,334.5835,18.0842,3.2130,
145789738300,129.2980,-0.0278,1.1503,0.6344,334.2900,18.2235,3.0833,
145803769700,129.3120,-0.0267,1.1524,0.6353,333.9502,18.3831,2.9341,
145817693800,129.3259,-0.0252,1.1558,0.6367,333.6416,18.7042,2.6958,
145831421100,129.3398,-0.0239,1.1586,0.6380,333.3235,19.0336,2.4502,
145845692700,129.3539,-0.0223,1.1600,0.6386,333.1819,19.3520,2.1767,
145859403800,129.3676,-0.0210,1.1612,0.6391,333.0453,19.6562,1.9150,
145873141700,129.3816,-0.0199,1.1623,0.6397,332.9098,19.9554,1.6572,
145887236100,129.3955,-0.0197,1.1627,0.6399,333.0074,20.0301,1.5541,
145901133800,129.4094,-0.0194,1.1630,0.6401,333.0997,20.1041,1.4528,
145914977900,129.4233,-0.0196,1.1629,0.6400,333.8751,20.0599,1.3733,
145929448800,129.4377,-0.0197,1.1628,0.6399,334.8774,20.0017,1.2705,
145942865900,129.4511,-0.0204,1.1610,0.6386,338.4615,19.6268,2.3375,
145956757200,129.4650,-0.0211,1.1586,0.6369,341.3698,19.3815,3.1642,
145970985400,129.4793,-0.0217,1.1566,0.6353,343.5476,19.2296,3.7640,
145984773900,129.4930,-0.0227,1.1520,0.6337,346.7338,18.6024,4.1941,
145998581700,129.5068,-0.0235,1.1485,0.6323,349.2439,18.1724,4.5416,
146012668200,129.5211,-0.0232,1.1473,0.6320,348.8521,17.6450,4.7848,
146026451800,129.5346,-0.0230,1.1465,0.6317,348.7433,17.2892,4.9709,
146040376500,129.5486,-0.0229,1.1457,0.6314,348.7588,16.9125,5.1853,
146054344600,129.5628,-0.0229,1.1458,0.6315,347.0730,16.6567,4.9332,
146068673300,129.5769,-0.0229,1.1458,0.6316,345.2966,16.3305,4.6914,
146082241000,129.5903,-0.0229,1.1461,0.6317,342.6237,16.6034,4.9440,
146096094200,129.6045,-0.0228,1.1463,0.6317,340.7000,16.7607,5.1618,
146109956200,129.6182,-0.0228,1.1465,0.6318,339.3423,16.8407,5.3477,
146124256300,129.6325,-0.0232,1.1474,0.6322,337.3398,17.7312,4.8771,
146138009900,129.6461,-0.0235,1.1484,0.6328,335.7429,18.4101,4.5302,
146151683200,129.6601,-0.0236,1.1488,0.6329,335.3426,18.7670,4.1684,
146165612200,129.6738,-0.0237,1.1491,0.6330,334.9718,19.0386,3.9125,
146179509800,129.6878,-0.0237,1.1494,0.6330,334.5895,19.2837,3.6954,
146193346900,129.7017,-0.0235,1.1494,0.6330,334.7396,19.3229,3.5737,
146207453200,129.7157,-0.0233,1.1494,0.6330,334.9371,19.3925,3.3829,
146221405300,129.7296,-0.0227,1.1495,0.6327,336.1342,19.5881,2.9045,
146235333000,129.7437,-0.0218,1.1496,0.6324,337.3317,19.8013,2.4042,
146249209800,129.7574,-0.0205,1.1492,0.6315,337.8888,19.8337,2.3021,
146263237300,129.7714,-0.0191,1.1488,0.6305,338.2900,19.8703,2.2171,
146276938500,129.7852,-0.0187,1.1488,0.6301,338.3444,19.9645,2.0879,
146290851900,129.7992,-0.0183,1.1489,0.6298,338.3781,20.0350,1.9940,
146304954500,129.8131,-0.0180,1.1489,0.6295,338.4055,20.1028,1.9055,
146318794600,129.8271,-0.0180,1.1490,0.6293,338.3289,20.1697,1.8291,
146332417200,129.8408,-0.0180,1.1490,0.6291,338.1985,20.2831,1.7012,
146346920900,129.8552,-0.0180,1.1490,0.6289,338.0201,20.4379,1.5284,
146360770700,129.8690,-0.0180,1.1491,0.6288,337.4946,20.7101,1.2532,
146374905900,129.8831,-0.0180,1.1493,0.6287,336.9169,21.0147,0.9473,
146388414100,129.8967,-0.0182,1.1493,0.6285,336.0994,21.1764,0.3829,
146402678900,129.9109,-0.0184,1.1493,0.6282,335.3312,21.3416,359.8493,
146416987400,129.9252,-0.0185,1.1491,0.6279,334.8315,21.4958,359.4679,
146429954000,129.9384,-0.0186,1.1489,0.6275,334.3919,21.6361,359.1325,
146444155500,129.9524,-0.0187,1.1486,0.6271,333.9842,21.7699,358.8213,
146457939500,129.9662,-0.0187,1.1485,0.6269,333.3892,21.8581,358.4488,
146471773700,129.9801,-0.0186,1.1484,0.6267,332.7983,21.9565,358.0733,
146485873300,129.9941,-0.0185,1.1482,0.6265,332.3275,21.7463,357.9525,
146500204900,130.0084,-0.0183,1.1481,0.6264,331.8710,21.5638,357.8246,
146513714400,130.0221,-0.0178,1.1473,0.6261,331.5803,21.5231,357.7079,
146527978100,130.0362,-0.0172,1.1464,0.6257,331.3002,21.4911,357.5911,
146541507700,130.0498,-0.0165,1.1454,0.6253,331.0112,21.4638,357.4670,
146555323300,130.0637,-0.0162,1.1452,0.6252,330.9011,21.4458,357.4070,
146569929900,130.0780,-0.0160,1.1450,0.6251,330.7966,21.4319,357.3497,
146584012600,130.0921,-0.0159,1.1449,0.6252,330.7891,21.3970,357.2954,
146597577000,130.1059,-0.0157,1.1447,0.6253,330.7764,21.3588,357.2321,
146611006800,130.1194,-0.0157,1.1446,0.6252,330.7548,21.3465,357.2139,
146625467500,130.1337,-0.0156,1.1445,0.6252,330.7315,21.3352,357.1955,
146639746800,130.1478,-0.0155,1.1443,0.6251,330.7046,21.3236,357.1751,
146652880500,130.1612,-0.0153,1.1441,0.6251,330.6810,21.3187,357.1608,
146666965600,130.1752,-0.0151,1.1437,0.6252,330.6548,21.3143,357.1455,
146680753900,130.1890,-0.0151,1.1435,0.6252,330.6061,21.2486,357.0966,
146694657300,130.2030,-0.0150,1.1433,0.6252,330.5294,21.1463,357.0208,
146708597300,130.2168,-0.0150,1.1432,0.6252,330.4355,21.0221,356.9291,
146723026200,130.2311,-0.0148,1.1430,0.6252,330.4226,21.0119,356.9428,
146736838100,130.2450,-0.0145,1.1427,0.6251,330.4090,21.0016,356.9583,
146750513200,130.2588,-0.0144,1.1426,0.6250,330.3525,20.9847,356.9521,
146764740000,130.2729,-0.0143,1.1425,0.6250,330.2404,20.9524,356.9398,
146778515700,130.2868,-0.0141,1.1424,0.6251,330.0449,20.9066,356.9149,
146792019300,130.3003,-0.0139,1.1422,0.6251,329.8138,20.8547,356.8856,
146806173100,130.3143,-0.0137,1.1420,0.6252,329.5680,20.8014,356.8543,
146820068300,130.3283,-0.0136,1.1417,0.6253,329.4071,20.8792,356.7497,
146833720700,130.3421,-0.0135,1.1414,0.6253,329.2524,20.9582,356.6468,
146848061500,130.3562,-0.0134,1.1410,0.6256,329.0790,20.9577,356.5017,
146861906400,130.3701,-0.0133,1.1406,0.6258,328.8947,20.9585,356.3447,
146875752500,130.3841,-0.0134,1.1404,0.6260,328.7868,21.0086,356.1934,
146889559500,130.3977,-0.0134,1.1402,0.6261,328.6865,21.0585,356.0480,
146903735700,130.4120,-0.0135,1.1400,0.6262,328.5893,21.1096,355.9025,
146917534500,130.4256,-0.0137,1.1399,0.6264,328.5471,21.0034,355.7644,
146931398400,130.4397,-0.0139,1.1399,0.6267,328.5011,20.8768,355.6027,
146945185300,130.4534,-0.0142,1.1397,0.6273,328.6978,20.6488,355.5559,
146959181600,130.4674,-0.0145,1.1395,0.6281,328.9477,20.3670,355.5016,
146973591400,130.4818,-0.0149,1.1394,0.6288,329.2288,20.0578,355.4451,
146987145600,130.4953,-0.0150,1.1391,0.6294,330.3618,19.2510,356.3611,
147001015000,130.5092,-0.0151,1.1388,0.6300,331.5687,18.4369,357.2921,
147014838500,130.5232,-0.0154,1.1387,0.6307,332.8144,16.8836,359.3912,
147028877800,130.5370,-0.0157,1.1386,0.6315,333.9098,15.6535,1.0731,
147042739700,130.5509,-0.0164,1.1384,0.6324,334.9120,14.8848,2.4973,
147057144500,130.5653,-0.0170,1.1382,0.6332,335.7794,14.2513,3.6628,
147070509300,130.5788,-0.0176,1.1380,0.6341,336.5645,13.7011,4.6705,
147084557900,130.5927,-0.0183,1.1376,0.6352,336.6650,13.6285,5.5224,
147098891800,130.6070,-0.0189,1.1373,0.6362,336.8419,13.5065,6.3410,
147112677900,130.6209,-0.0195,1.1370,0.6371,337.0831,13.3456,7.1732,
147126228000,130.6344,-0.0194,1.1364,0.6372,336.9053,13.1438,7.3574,
147140155400,130.6483,-0.0194,1.1359,0.6372,336.7940,12.9493,7.5686,
147153903800,130.6622,-0.0192,1.1357,0.6375,336.7967,12.9838,7.5699,
147168100700,130.6762,-0.0189,1.1355,0.6378,336.8076,13.0164,7.5830,
147181971900,130.6901,-0.0186,1.1351,0.6382,336.8340,13.0930,7.5738,
147195820200,130.7041,-0.0183,1.1347,0.6387,336.8978,13.2293,7.5757,
147209891100,130.7180,-0.0182,1.1347,0.6389,336.8791,13.4626,7.4183,
147223818700,130.7320,-0.0181,1.1348,0.6391,336.8685,13.7438,7.2390,
147237578600,130.7457,-0.0180,1.1348,0.6393,336.8697,14.0357,7.0636,
147251458200,130.7597,-0.0180,1.1348,0.6395,336.9628,14.3265,6.8162,
147265484300,130.7736,-0.0179,1.1348,0.6396,337.0682,14.6086,6.5824,
147279560300,130.7877,-0.0180,1.1352,0.6402,336.9118,14.7043,6.4239,
147293269700,130.8016,-0.0182,1.1358,0.6409,336.7508,14.7981,6.2656,
147307532700,130.8156,-0.0184,1.1364,0.6417,336.5794,14.8935,6.1017,
147321171900,130.8293,-0.0187,1.1370,0.6420,336.3332,15.1117,5.8479,
147334893500,130.8432,-0.0190,1.1375,0.6423,336.0781,15.3361,5.5879,
147349073100,130.8572,-0.0193,1.1379,0.6424,336.0709,15.5175,5.3961,
147363169000,130.8712,-0.0195,1.1383,0.6425,336.0676,15.6768,5.2284,
147376910300,130.8850,-0.0196,1.1384,0.6426,336.1616,15.8242,5.1048,
147390752500,130.8990,-0.0197,1.1386,0.6427,336.2700,15.9846,4.9721,
147405328900,130.9134,-0.0198,1.1387,0.6428,336.3935,16.1585,4.8301,
147418838700,130.9269,-0.0198,1.1389,0.6429,336.3811,16.1910,4.8217,
147432382400,130.9407,-0.0197,1.1391,0.6430,336.3709,16.2171,4.8161,
147446473500,130.9546,-0.0196,1.1391,0.6431,336.3484,16.2301,4.8399,
147460349400,130.9685,-0.0195,1.1391,0.6432,336.3241,16.2427,4.8674,
147474326900,130.9826,-0.0194,1.1392,0.6433,336.2980,16.2549,4.8987,
147488179500,130.9963,-0.0194,1.1392,0.6433,335.9763,16.2545,5.1554,
147502105600,131.0102,-0.0193,1.1393,0.6434,335.5471,16.2442,5.5041,
147515903900,131.0242,-0.0192,1.1391,0.6433,335.3573,16.2536,5.6135,
147530160400,131.0382,-0.0191,1.1389,0.6433,335.2009,16.2574,5.7056,
147544350600,131.0525,-0.0191,1.1388,0.6433,335.1504,16.2044,5.7472,
147557877400,131.0659,-0.0190,1.1387,0.6432,335.1120,16.1611,5.7799,
147571982100,131.0803,-0.0189,1.1386,0.6431,335.0738,16.1157,5.8134,
147585801300,131.0939,-0.0189,1.1385,0.6431,335.0052,15.9935,5.8904,
147599606900,131.1078,-0.0189,1.1384,0.6430,334.9176,15.8312,5.9915,
147613545800,131.1218,-0.0189,1.1384,0.6430,334.8366,15.8095,5.9852,
147627468900,131.1356,-0.0189,1.1384,0.6429,334.7592,15.7900,5.9771,
147641768000,131.1498,-0.0190,1.1384,0.6429,334.6749,15.7698,5.9665,
147655098500,131.1634,-0.0190,1.1384,0.6427,334.4091,15.6563,6.0392,
147669272800,131.1774,-0.0190,1.1385,0.6426,334.0869,15.5184,6.1276,
147683413800,131.1915,-0.0189,1.1384,0.6425,333.8700,15.5156,6.1057,
147697077700,131.2052,-0.0189,1.1383,0.6425,333.6722,15.5160,6.0831,
147710890800,131.2192,-0.0188,1.1383,0.6425,333.5804,15.5714,6.0477,
147725108900,131.2332,-0.0187,1.1382,0.6425,333.5017,15.6227,6.0149,
147738951700,131.2471,-0.0186,1.1382,0.6426,333.4242,15.6766,5.9804,
147752757500,131.2609,-0.0185,1.1382,0.6425,333.3784,15.7502,5.9163,
147766655200,131.2747,-0.0185,1.1382,0.6425,333.3294,15.8351,5.8426,
147780633000,131.2887,-0.0185,1.1383,0.6423,333.2837,15.9002,5.7648,
147794458200,131.3027,-0.0185,1.1384,0.6422,333.2368,15.9709,5.6800,
147808610300,131.3167,-0.0185,1.1384,0.6421,333.1882,16.0481,5.5870,
147822528700,131.3306,-0.0185,1.1386,0.6420,333.1906,16.0858,5.5369,
147836328700,131.3444,-0.0185,1.1387,0.6419,333.1946,16.1186,5.4932,
147850270500,131.3586,-0.0184,1.1388,0.6417,333.1904,16.1451,5.4758,
147864233900,131.3723,-0.0184,1.1388,0.6416,333.1870,16.1726,5.4586,
147878159000,131.3863,-0.0183,1.1388,0.6414,333.1587,16.1950,5.4214,
147891852200,131.4001,-0.0183,1.1389,0.6413,333.1255,16.2200,5.3783,
147905865000,131.4139,-0.0182,1.1389,0.6411,333.0779,16.2542,5.3173,
147919884300,131.4279,-0.0181,1.1388,0.6411,333.0143,16.2898,5.2651,
147933677800,131.4420,-0.0179,1.1386,0.6410,332.9423,16.3282,5.2079,
147947648400,131.4558,-0.0176,1.1383,0.6408,332.8207,16.3878,5.1068,
147961557700,131.4697,-0.0172,1.1380,0.6405,332.6806,16.4542,4.9921,
147975471700,131.4837,-0.0169,1.1377,0.6399,332.5865,16.5601,4.8159,
147989775500,131.4979,-0.0165,1.1374,0.6392,332.4919,16.6697,4.6323,
148003461400,131.5116,-0.0162,1.1371,0.6386,332.3989,16.7803,4.4457,
148017302200,131.5254,-0.0162,1.1373,0.6380,332.3094,17.0682,4.0457,
148031034800,131.5392,-0.0162,1.1375,0.6373,332.2193,17.3828,3.6092,
148045608900,131.5537,-0.0163,1.1378,0.6367,332.1372,17.6950,3.1763,
148059044700,131.5671,-0.0162,1.1378,0.6354,332.1023,18.5893,2.0956,
148073073600,131.5813,-0.0162,1.1377,0.6340,332.0883,19.4592,1.0441,
148087253900,131.5953,-0.0165,1.1378,0.6326,332.0915,20.0445,0.2726,
148101001300,131.6091,-0.0167,1.1378,0.6312,332.1033,20.5486,359.6097,
148114694600,131.6229,-0.0176,1.1369,0.6293,332.2222,20.9843,358.9552,
148128916100,131.6371,-0.0184,1.1360,0.6275,332.3362,21.3945,358.3425,
148142669800,131.6506,-0.0216,1.1340,0.6236,332.3431,21.6030,357.9413,
148156508500,131.6646,-0.0242,1.1323,0.6202,332.3533,21.8034,357.5645,
148170375400,131.6786,-0.0262,1.1310,0.6176,332.3667,22.0084,357.1857,
148184744200,131.6929,-0.0309,1.1278,0.6120,332.5654,22.0153,356.9519,
148198387000,131.7064,-0.0344,1.1254,0.6076,332.7752,22.0327,356.6916,
148212010800,131.7203,-0.0382,1.1206,0.6027,333.0965,21.8001,356.5914,
148226171400,131.7343,-0.0413,1.1168,0.5985,333.4524,21.5523,356.4659,
148239988600,131.7481,-0.0441,1.1137,0.5949,333.8171,21.3072,356.3240,
148254302400,131.7625,-0.0445,1.1078,0.5901,334.9256,21.0375,356.6399,
148267958400,131.7760,-0.0454,1.1031,0.5860,336.0514,20.7784,356.9314,
148282368900,131.7903,-0.0474,1.0992,0.5824,336.5220,20.2715,357.3864,
148295786600,131.8041,-0.0492,1.0957,0.5791,336.9468,19.8483,357.7575,
148309864500,131.8179,-0.0514,1.0936,0.5791,336.9042,19.8115,357.8825,
148323847800,131.8320,-0.0534,1.0914,0.5785,336.8868,19.7878,357.9555,
148337543500,131.8456,-0.0554,1.0891,0.5774,336.8762,19.7641,358.0237,
148351163000,131.8594,-0.0565,1.0870,0.5785,336.8649,19.7603,358.0293,
148365463800,131.8735,-0.0579,1.0848,0.5790,336.8556,19.7555,358.0351,
148379287100,131.8874,-0.0602,1.0832,0.5815,336.9052,19.7238,357.9841,
148393397900,131.9017,-0.0626,1.0813,0.5831,337.0845,19.6127,357.8066,
148407106300,131.9153,-0.0648,1.0793,0.5842,337.3480,19.4529,357.5526,
148421529600,131.9295,-0.0664,1.0777,0.5871,337.8560,19.0617,357.0377,
148434981100,131.9433,-0.0681,1.0760,0.5893,338.3727,18.6651,356.5184,
148448933500,131.9570,-0.0702,1.0753,0.5927,338.6616,18.5758,356.5437,
148462700100,131.9708,-0.0722,1.0743,0.5954,338.8961,18.5018,356.5567,
148477354500,131.9854,-0.0741,1.0732,0.5974,339.1219,18.4295,356.5634,
148490840500,131.9991,-0.0750,1.0736,0.6000,339.0858,18.3870,356.6278,
148504564300,132.0127,-0.0761,1.0736,0.6022,339.0117,18.2916,356.7668,
148518552400,132.0267,-0.0765,1.0748,0.6055,338.7823,18.2689,356.9497,
148532726700,132.0409,-0.0771,1.0755,0.6083,338.4862,18.2382,357.1859,
148546613100,132.0548,-0.0772,1.0774,0.6115,338.1045,18.3017,357.3128,
148560666600,132.0687,-0.0775,1.0786,0.6142,337.7243,18.3675,357.4327,
148574520000,132.0827,-0.0780,1.0794,0.6166,337.3628,18.4321,357.5410,
148588604800,132.0966,-0.0767,1.0805,0.6182,337.3737,18.4795,357.6156,
148602145300,132.1102,-0.0759,1.0814,0.6197,337.3817,18.5129,357.6654,
148616431100,132.1245,-0.0754,1.0828,0.6207,337.3651,18.5074,357.6937,
148629841100,132.1381,-0.0751,1.0839,0.6218,337.3470,18.5012,357.7232,
148643981500,132.1520,-0.0749,1.0848,0.6224,337.3459,18.5003,357.7623,
148657626800,132.1657,-0.0748,1.0855,0.6231,337.3455,18.4993,357.8035,
148672043800,132.1802,-0.0748,1.0862,0.6238,337.3456,18.4982,357.8548,
148685856500,132.1939,-0.0748,1.0862,0.6246,337.3877,18.4770,357.9616,
148699857900,132.2079,-0.0748,1.0862,0.6255,337.4458,18.4487,358.1008,
148713494000,132.2218,-0.0755,1.0866,0.6271,337.4680,18.4989,358.2287,
148727662200,132.2358,-0.0762,1.0871,0.6289,337.4928,18.5566,358.3656,
148741618700,132.2498,-0.0769,1.0875,0.6306,337.5192,18.6200,358.5068,
148755095100,132.2633,-0.0773,1.0874,0.6311,337.3802,18.6296,358.7080,
148769219600,132.2773,-0.0776,1.0873,0.6315,337.2184,18.6405,358.9342,
148783597900,132.2917,-0.0778,1.0872,0.6315,337.0594,18.6568,359.0479,
148796946300,132.3051,-0.0779,1.0872,0.6315,336.9038,18.6728,359.1530,
148811091100,132.3193,-0.0780,1.0870,0.6317,336.8385,18.6777,359.1572,
148824844200,132.3329,-0.0782,1.0869,0.6319,336.7897,18.6814,359.1575,
148838747600,132.3469,-0.0783,1.0866,0.6321,336.7429,18.6851,359.1557,
148852481100,132.3608,-0.0783,1.0864,0.6321,336.7151,18.7044,359.1215,
148866913100,132.3750,-0.0782,1.0862,0.6320,336.6820,18.7286,359.0772,
148880852400,132.3890,-0.0780,1.0859,0.6319,336.6233,18.7803,358.9979,
148894944900,132.4032,-0.0778,1.0856,0.6318,336.5485,18.8486,358.8911,
148908726000,132.4169,-0.0770,1.0853,0.6312,336.4507,18.8982,358.7961,
148922879400,132.4309,-0.0761,1.0849,0.6306,336.3464,18.9510,358.6922,
148936094900,132.4444,-0.0753,1.0845,0.6300,336.2375,19.0063,358.5813,
148950407000,132.4585,-0.0746,1.0846,0.6295,336.2206,19.0372,358.5491,
148964248200,132.4724,-0.0739,1.0847,0.6290,336.2090,19.0605,358.5250,
148978050600,132.4861,-0.0726,1.0849,0.6286,336.2215,19.3065,358.4531,
148991666700,132.5000,-0.0712,1.0850,0.6283,336.2493,19.7099,358.3399,
149005669900,132.5138,-0.0699,1.0851,0.6280,336.2898,20.1806,358.2127,
149019711900,132.5278,-0.0687,1.0858,0.6275,336.2401,20.3140,358.2784,
149033606100,132.5418,-0.0675,1.0864,0.6271,336.2005,20.4279,358.3372,
149048004200,132.5561,-0.0665,1.0875,0.6267,336.1254,20.4475,358.4635,
149061376500,132.5695,-0.0656,1.0885,0.6264,336.0401,20.4685,358.6130,
149075504400,132.5838,-0.0647,1.0895,0.6262,335.9442,20.4906,358.7870,
149089651200,132.5977,-0.0640,1.0900,0.6260,335.9870,20.5162,358.8658,
149103303900,132.6115,-0.0635,1.0904,0.6259,336.0305,20.5403,358.9432,
149117246900,132.6253,-0.0630,1.0906,0.6257,336.0674,20.5798,358.9972,
149131035700,132.6393,-0.0626,1.0908,0.6254,336.1085,20.6224,359.0558,
149145238200,132.6534,-0.0623,1.0910,0.6253,336.1732,20.6642,359.0934,
149158965300,132.6671,-0.0620,1.0913,0.6252,336.2468,20.7102,359.1341,
149172679800,132.6810,-0.0617,1.0916,0.6251,336.3303,20.7610,359.1784,
149186766000,132.6949,-0.0612,1.0918,0.6246,336.3552,20.8190,359.2380,
149200946100,132.7090,-0.0606,1.0920,0.6240,336.3808,20.8800,359.3006,
149214429500,132.7227,-0.0603,1.0924,0.6237,336.3048,20.9800,359.3618,
149228423400,132.7366,-0.0600,1.0928,0.6234,336.2029,21.1073,359.4379,
149242584900,132.7507,-0.0592,1.0929,0.6228,336.1364,21.3861,359.5135,
149256716200,132.7648,-0.0583,1.0930,0.6223,336.0612,21.6945,359.5922,
149270097500,132.7784,-0.0574,1.0932,0.6217,335.9834,22.0064,359.6674,
149284666000,132.7927,-0.0570,1.0935,0.6212,335.8880,22.5449,359.7145,
149298131600,132.8062,-0.0566,1.0937,0.6207,335.7909,23.0844,359.7565,
149312325000,132.8206,-0.0560,1.0943,0.6199,335.6682,23.4516,359.7236,
149325925900,132.8341,-0.0553,1.0948,0.6191,335.5580,23.7807,359.6911,
149340373700,132.8483,-0.0547,1.0953,0.6183,335.4542,24.0907,359.6579,
149354254100,132.8625,-0.0542,1.0954,0.6179,335.5696,24.4580,359.6038,
149367848200,132.8759,-0.0538,1.0955,0.6176,335.6863,24.8416,359.5468,
149381854700,132.8900,-0.0534,1.0962,0.6172,335.6462,25.0084,359.5609,
149395427800,132.9037,-0.0530,1.0970,0.6168,335.6097,25.1575,359.5720,
149409532300,132.9176,-0.0521,1.0979,0.6165,335.5607,25.3653,359.6029,
149423689200,132.9317,-0.0512,1.0988,0.6163,335.5056,25.5965,359.6359,
149437338200,132.9455,-0.0503,1.0997,0.6160,335.4461,25.8436,359.6699,
149451111100,132.9594,-0.0492,1.1005,0.6160,335.3706,26.3039,359.5859,
149465291000,132.9734,-0.0482,1.1014,0.6160,335.2904,26.7942,359.4950,
149479491600,132.9876,-0.0464,1.1029,0.6160,334.8894,27.3152,359.5390,
149492843600,133.0011,-0.0446,1.1044,0.6161,334.4870,27.8399,359.5781,
149507029100,133.0152,-0.0431,1.1057,0.6161,334.1060,28.3380,359.6106,
149521029200,133.0292,-0.0408,1.1077,0.6163,333.8215,28.7878,359.7316,
149535148700,133.0434,-0.0387,1.1094,0.6165,333.5524,29.2093,359.8387,
149548822800,133.0569,-0.0357,1.1126,0.6178,332.8840,29.8420,359.9683,
149562684200,133.0708,-0.0330,1.1152,0.6188,332.2354,30.4640,0.0849,
149577178500,133.0851,-0.0310,1.1169,0.6202,331.1330,31.2293,359.4757,
149590896800,133.0991,-0.0292,1.1184,0.6212,330.1122,31.9753,358.9055,
149604635400,133.1128,-0.0275,1.1198,0.6221,329.2041,32.6703,358.3920,
149618526700,133.1267,-0.0256,1.1199,0.6241,328.3946,33.0086,358.0378,
149632067300,133.1404,-0.0237,1.1202,0.6259,327.6562,33.3559,357.7057,
149646340000,133.1544,-0.0224,1.1206,0.6280,327.1564,33.0922,357.8323,
149660095700,133.1683,-0.0210,1.1210,0.6298,326.6556,32.8917,357.9262,
149674000700,133.1823,-0.0197,1.1216,0.6315,326.1275,32.7303,357.9993,
149688031900,133.1962,-0.0192,1.1215,0.6325,325.6772,32.4750,357.9255,
149702081400,133.2101,-0.0186,1.1215,0.6334,325.1975,32.2512,357.8436,
149716125700,133.2244,-0.0183,1.1214,0.6337,325.1507,32.3858,357.8365,
149730113800,133.2383,-0.0179,1.1213,0.6341,325.0960,32.5051,357.8264,
149743727700,133.2519,-0.0173,1.1213,0.6346,325.0052,32.6725,357.8079,
149757641500,133.2657,-0.0173,1.1212,0.6346,324.9273,32.6251,357.9071,
149771321400,133.2796,-0.0172,1.1211,0.6347,324.8182,32.5685,358.0288,
149785938300,133.2940,-0.0174,1.1211,0.6349,324.7562,32.5958,358.0008,
149799395600,133.3075,-0.0176,1.1211,0.6351,324.6808,32.6294,357.9658,
149813735700,133.3219,-0.0179,1.1211,0.6353,324.6031,32.7345,357.7880,
149827223100,133.3354,-0.0183,1.1211,0.6355,324.4822,32.8967,357.5148,
149841049500,133.3492,-0.0186,1.1211,0.6359,324.3311,33.0992,357.1753,
149854979100,133.3633,-0.0191,1.1207,0.6363,324.2319,33.2515,356.9505,
149869113800,133.3772,-0.0195,1.1202,0.6368,324.1345,33.4001,356.7315,
149883517600,133.3916,-0.0202,1.1198,0.6372,324.0024,33.5211,356.6188,
149897110200,133.4052,-0.0208,1.1194,0.6375,323.8663,33.6456,356.5028,
149911373400,133.4195,-0.0214,1.1190,0.6377,323.8448,33.6406,356.5294,
149925246400,133.4333,-0.0219,1.1187,0.6380,323.8217,33.6345,356.5595,
149938689500,133.4468,-0.0223,1.1184,0.6382,323.7968,33.6271,356.5928,
149952780700,133.4609,-0.0226,1.1183,0.6385,323.7886,33.6280,356.6367,
149966439600,133.4746,-0.0228,1.1182,0.6389,323.7781,33.6289,356.6995,
149980602800,133.4887,-0.0230,1.1183,0.6390,323.7698,33.6679,356.7210,
149994298600,133.5026,-0.0231,1.1183,0.6392,323.7607,33.7162,356.7458,
150008321200,133.5165,-0.0231,1.1184,0.6394,323.7411,33.7353,356.7528,
150022098900,133.5302,-0.0231,1.1185,0.6396,323.7203,33.7554,356.7589,
150035974700,133.5442,-0.0230,1.1187,0.6399,323.6983,33.7763,356.7642,
150050182700,133.5583,-0.0228,1.1190,0.6402,323.6680,33.8042,356.7408,
150064187300,133.5723,-0.0226,1.1194,0.6405,323.6360,33.8335,356.7141,
150078411700,133.5864,-0.0222,1.1198,0.6409,323.5994,33.8669,356.6812,
150092170700,133.6003,-0.0220,1.1205,0.6417,323.5601,33.8712,356.6555,
150105718500,133.6139,-0.0217,1.1213,0.6426,323.5101,33.8750,356.6212,
150119734200,133.6278,-0.0216,1.1221,0.6433,323.4882,33.7465,356.5879,
150133376800,133.6417,-0.0215,1.1229,0.6439,323.4565,33.5205,356.5318,
150147531100,133.6556,-0.0213,1.1233,0.6445,323.3706,33.3348,356.5393,
150161293800,133.6694,-0.0210,1.1237,0.6451,323.2863,33.1413,356.5493,
150175149400,133.6834,-0.0207,1.1241,0.6456,323.2035,32.9403,356.5618,
150189191600,133.6973,-0.0201,1.1239,0.6465,322.9173,32.8056,356.7749,
150203387900,133.7113,-0.0194,1.1238,0.6474,322.5559,32.6305,357.0522,
150217048500,133.7252,-0.0182,1.1222,0.6482,322.4352,32.5720,357.3483,
150230801800,133.7390,-0.0169,1.1207,0.6490,322.3165,32.5121,357.6523,
150245059500,133.7532,-0.0146,1.1185,0.6497,322.4939,32.5575,358.0152,
150258905300,133.7670,-0.0125,1.1166,0.6503,322.7143,32.6159,358.4518,
150272542500,133.7808,-0.0108,1.1151,0.6508,322.9544,32.6816,358.9136,
150287020100,133.7952,-0.0096,1.1148,0.6512,323.1767,32.6631,359.1636,
150300611300,133.8088,-0.0086,1.1145,0.6516,323.3825,32.6495,359.3919,
150314445300,133.8227,-0.0082,1.1143,0.6517,323.5388,32.6056,359.5331,
150328408300,133.8365,-0.0078,1.1141,0.6518,323.6890,32.5661,359.6677,
150342310200,133.8504,-0.0073,1.1139,0.6520,323.8447,32.5275,359.8064,
150356051200,133.8643,-0.0073,1.1140,0.6521,324.0230,32.6415,0.0085,
150370283800,133.8783,-0.0074,1.1142,0.6523,324.2268,32.7712,0.2385,
150384266000,133.8924,-0.0075,1.1144,0.6523,324.2815,32.7747,0.3693,
150398575700,133.9067,-0.0077,1.1146,0.6524,324.3282,32.7779,0.4787,
150411742000,133.9200,-0.0079,1.1148,0.6523,324.3591,32.8654,0.4571,
150425983700,133.9340,-0.0081,1.1150,0.6522,324.3936,32.9622,0.4327,
150440218400,133.9483,-0.0083,1.1152,0.6521,324.4361,33.0811,0.4021,
150453730600,133.9620,-0.0086,1.1159,0.6519,324.4573,33.1924,0.3133,
150467613900,133.9757,-0.0089,1.1166,0.6515,324.4823,33.3231,0.2077,
150481687700,133.9897,-0.0091,1.1170,0.6512,324.5666,33.6180,359.9583,
150495286800,134.0036,-0.0093,1.1174,0.6510,324.6694,33.9699,359.6587,
150509538800,134.0176,-0.0094,1.1183,0.6510,324.7438,34.3458,359.4243,
150523427000,134.0314,-0.0094,1.1192,0.6510,324.8184,34.7177,359.1931,
150537443300,134.0455,-0.0095,1.1202,0.6510,324.8918,35.0798,358.9686,
150551088000,134.0593,-0.0093,1.1209,0.6510,324.8842,35.5404,358.7204,
150565284600,134.0733,-0.0091,1.1215,0.6511,324.8773,36.0044,358.4707,
150579063400,134.0872,-0.0088,1.1231,0.6517,324.7622,36.1471,358.3898,
150593002000,134.1012,-0.0085,1.1247,0.6523,324.6621,36.2697,358.3203,
150606906000,134.1150,-0.0083,1.1262,0.6528,324.5602,36.3931,358.2503,
150620863500,134.1289,-0.0075,1.1285,0.6537,324.5275,36.4494,358.1783,
150634726700,134.1430,-0.0068,1.1306,0.6544,324.4976,36.5002,358.1128,
150648768700,134.1568,-0.0060,1.1322,0.6550,324.4860,36.5069,358.0864,
150663133500,134.1711,-0.0053,1.1335,0.6555,324.4737,36.5129,358.0587,
150676835300,134.1850,-0.0045,1.1347,0.6560,324.4777,36.5401,358.0291,
150690268400,134.1985,-0.0038,1.1358,0.6564,324.4829,36.5690,357.9983,
150704938300,134.2130,-0.0031,1.1370,0.6569,324.4893,36.5996,357.9663,
150718336900,134.2265,-0.0018,1.1375,0.6571,324.5064,36.6316,357.9441,
150732048000,134.2403,-0.0005,1.1381,0.6574,324.5255,36.6652,357.9219,
150746037200,134.2542,0.0003,1.1386,0.6574,324.5790,36.8383,357.9738,
150760087300,134.2681,0.0010,1.1391,0.6575,324.6713,37.1332,358.0735,
150773783800,134.2821,0.0018,1.1397,0.6575,324.7797,37.4766,358.2016,
150787887900,134.2960,0.0026,1.1402,0.6572,325.0194,37.9278,358.5910,
150801895000,134.3100,0.0036,1.1407,0.6569,325.2543,38.3700,358.9884,
150815596300,134.3238,0.0040,1.1413,0.6569,325.3228,38.4726,359.0855,
150829876300,134.3380,0.0044,1.1420,0.6569,325.3730,38.5469,359.1615,
150844095600,134.3522,0.0049,1.1421,0.6571,325.4436,38.5319,359.2118,
150857979200,134.3660,0.0054,1.1423,0.6572,325.5099,38.5180,359.2611,
150871276700,134.3795,0.0059,1.1425,0.6574,325.5873,38.5022,359.3204,
150885794500,134.3939,0.0061,1.1424,0.6573,325.8833,38.3813,359.4468,
150899339400,134.4075,0.0063,1.1423,0.6573,326.2635,38.2278,359.6101,
150913230200,134.4214,0.0063,1.1420,0.6572,326.3860,38.1246,359.7212,
150927120000,134.4352,0.0065,1.1417,0.6571,326.4877,38.0384,359.8153,
150941044500,134.4491,0.0066,1.1414,0.6570,326.5824,37.9576,359.9045,
150954967600,134.4632,0.0065,1.1409,0.6571,326.5794,37.9050,359.9397,
150968970100,134.4770,0.0064,1.1404,0.6573,326.5760,37.8583,359.9711,
150982933300,134.4910,0.0061,1.1398,0.6575,326.5674,37.8302,-0.0048,
150996636400,134.5048,0.0057,1.1391,0.6577,326.5575,37.8009,0.0208,
151010411300,134.5187,0.0053,1.1386,0.6578,326.5251,37.7613,0.0271,
151024535100,134.5327,0.0048,1.1381,0.6579,326.4750,37.7028,0.0350,
151038553500,134.5466,0.0044,1.1377,0.6580,326.4004,37.6192,0.0443,
151052225300,134.5605,0.0035,1.1368,0.6582,326.1822,37.2531,359.9566,
151066322900,134.5744,0.0026,1.1359,0.6584,325.9167,36.8136,359.8452,
151080702300,134.5888,0.0014,1.1348,0.6581,325.4498,36.2204,359.6424,
151094311900,134.6025,0.0003,1.1338,0.6578,325.0040,35.6615,359.4470,
151108084300,134.6162,-0.0007,1.1329,0.6576,324.6036,35.1658,359.2698,
151121988600,134.6301,-0.0019,1.1318,0.6568,324.3331,34.5802,359.0793,
151135778800,134.6441,-0.0030,1.1309,0.6561,324.0790,34.0504,358.9036,
151149937600,134.6580,-0.0042,1.1292,0.6544,323.9151,33.7196,358.6858,
151164005400,134.6721,-0.0052,1.1277,0.6529,323.7573,33.4129,358.4864,
151177801900,134.6859,-0.0066,1.1270,0.6513,323.5563,33.0844,358.2457,
151191791300,134.7001,-0.0079,1.1263,0.6499,323.3508,32.7539,358.0070,
151205691600,134.7138,-0.0090,1.1256,0.6487,323.1428,32.4241,357.7718,
151219528500,134.7276,-0.0093,1.1251,0.6473,322.7382,32.1311,357.5069,
151233221600,134.7415,-0.0096,1.1247,0.6459,322.3381,31.8326,357.2433,
151247398600,134.7555,-0.0094,1.1238,0.6443,321.6846,31.6821,356.6795,
151261325900,134.7693,-0.0093,1.1230,0.6426,321.0515,31.5247,356.1327,
151275063900,134.7833,-0.0093,1.1222,0.6411,320.4627,31.3693,355.6238,
151289312100,134.7974,-0.0090,1.1215,0.6395,319.9371,31.8445,355.0197,
151303254300,134.8114,-0.0089,1.1209,0.6380,319.4364,32.2600,354.4416,
151317410000,134.8254,-0.0082,1.1198,0.6361,319.5295,32.8962,354.0168,
151331104000,134.8393,-0.0076,1.1188,0.6342,319.6036,33.5517,353.5508,
151345073700,134.8531,-0.0074,1.1184,0.6336,319.7384,34.4570,352.9786,
151359338600,134.8674,-0.0073,1.1180,0.6330,319.8547,35.3512,352.3876,
151372567400,134.8808,-0.0072,1.1176,0.6324,319.9488,36.1808,351.8170,
151386899600,134.8950,-0.0073,1.1177,0.6321,320.0184,36.6981,351.6618,
151400897100,134.9090,-0.0074,1.1178,0.6318,320.0706,37.1710,351.4984,
151414567600,134.9228,-0.0076,1.1183,0.6314,320.1355,37.1644,351.3883,
151428790000,134.9368,-0.0079,1.1188,0.6308,320.1996,37.1650,351.2655,
151442400000,134.9505,-0.0079,1.1195,0.6306,320.4204,37.0973,351.2438,
151456465700,134.9645,-0.0080,1.1202,0.6305,320.7180,37.0144,351.2058,
151469872000,134.9781,-0.0080,1.1208,0.6303,321.0517,36.9297,351.1544,
151484190400,134.9923,-0.0080,1.1218,0.6304,321.2184,36.6390,351.0356,
151498457200,135.0066,-0.0080,1.1227,0.6305,321.3913,36.3381,350.9019,
151511953000,135.0202,-0.0079,1.1228,0.6307,321.4439,36.2615,350.8807,
151525960400,135.0340,-0.0079,1.1229,0.6308,321.4796,36.2104,350.8638,
151540127900,135.0480,-0.0078,1.1230,0.6309,321.5074,36.1711,350.8488,
151553959600,135.0622,-0.0078,1.1231,0.6311,321.4808,36.1239,350.8329,
151568154600,135.0762,-0.0078,1.1233,0.6314,321.4430,36.0611,350.8103,
151581963500,135.0900,-0.0081,1.1234,0.6327,321.3874,36.0215,350.7435,
151595567900,135.1038,-0.0085,1.1235,0.6341,321.3181,35.9764,350.6599,
151609707600,135.1178,-0.0089,1.1232,0.6355,321.2150,35.9542,350.5678,
151623779100,135.1319,-0.0093,1.1230,0.6368,321.0998,35.9341,350.4650,
151637558700,135.1457,-0.0096,1.1228,0.6379,320.9749,35.9166,350.3536,
151651283900,135.1595,-0.0100,1.1225,0.6387,320.8824,35.8432,350.2715,
151665421700,135.1736,-0.0103,1.1222,0.6394,320.7879,35.7702,350.1880,
151678999900,135.1871,-0.0105,1.1218,0.6398,320.7918,35.7224,350.2096,
151692936000,135.2012,-0.0106,1.1215,0.6402,320.7964,35.6798,350.2304,
151707085500,135.2151,-0.0108,1.1211,0.6406,320.8024,35.6345,350.2540,
151720966300,135.2291,-0.0108,1.1209,0.6409,320.7858,35.5621,350.2659,
151734427200,135.2427,-0.0108,1.1207,0.6411,320.7622,35.4586,350.2838,
151748396200,135.2565,-0.0110,1.1204,0.6413,320.7697,35.4306,350.2855,
151762547300,135.2705,-0.0112,1.1201,0.6415,320.7785,35.4026,350.2871,
151776387300,135.2845,-0.0113,1.1198,0.6417,320.7888,35.3747,350.2888,
151790063500,135.2983,-0.0114,1.1196,0.6420,320.7882,35.2962,350.2968,
151804117600,135.3122,-0.0114,1.1194,0.6422,320.7879,35.1784,350.3090,
151818189500,135.3262,-0.0114,1.1193,0.6423,320.7565,35.1706,350.3040,
151831483700,135.3397,-0.0114,1.1192,0.6424,320.7225,35.1653,350.2984,
151845705600,135.3537,-0.0115,1.1189,0.6423,320.7115,35.1671,350.2652,
151858990300,135.3671,-0.0116,1.1187,0.6422,320.7007,35.1715,350.2287,
151873258700,135.3813,-0.0117,1.1184,0.6422,320.6898,35.1786,350.1888,
151887020200,135.3951,-0.0121,1.1183,0.6420,320.7215,35.2101,350.1323,
151901018500,135.4091,-0.0126,1.1182,0.6418,320.7823,35.2712,350.0285,
151915154300,135.4234,-0.0132,1.1184,0.6415,321.0258,35.3876,349.8068,
151929052600,135.4370,-0.0139,1.1186,0.6411,321.3419,35.5379,349.5299,
151942710300,135.4508,-0.0146,1.1188,0.6408,321.6844,35.6992,349.2413,
151956325700,135.4644,-0.0152,1.1191,0.6404,321.8176,35.8014,349.0249,
151970237500,135.4785,-0.0158,1.1193,0.6400,321.9371,35.8922,348.8386,
151984034200,135.4921,-0.0161,1.1193,0.6396,321.9307,35.9109,348.7798,
151998011000,135.5061,-0.0163,1.1193,0.6393,321.9268,35.9236,348.7419,
152012199700,135.5205,-0.0163,1.1192,0.6391,321.8895,35.8975,348.7336,
152026326500,135.5344,-0.0164,1.1192,0.6388,321.8444,35.8656,348.7253,
152039808300,135.5478,-0.0165,1.1191,0.6385,321.7670,35.8101,348.7138,
152053975200,135.5622,-0.0165,1.1190,0.6383,321.6956,35.7521,348.7470,
152067930800,135.5760,-0.0165,1.1190,0.6381,321.6141,35.6852,348.7884,
152081542100,135.5897,-0.0165,1.1190,0.6379,321.5326,35.6004,348.8205,
152096101400,135.6043,-0.0165,1.1190,0.6378,321.4442,35.5067,348.8583,
152109446000,135.6175,-0.0166,1.1190,0.6378,321.3412,35.3491,348.9018,
152123468700,135.6316,-0.0166,1.1191,0.6378,321.2282,35.1712,348.9529,
152137449600,135.6455,-0.0166,1.1192,0.6379,321.1115,34.9825,349.0089,
152151293700,135.6595,-0.0167,1.1193,0.6381,320.8384,34.7629,348.9914,
152165349300,135.6734,-0.0168,1.1193,0.6383,320.5452,34.5267,348.9734,
152179315300,135.6874,-0.0171,1.1199,0.6399,320.3961,34.2295,348.9519,
152193072600,135.7011,-0.0175,1.1206,0.6417,320.2565,33.9444,348.9316,
152207248800,135.7152,-0.0179,1.1212,0.6434,320.1254,33.6705,348.9125,
152222587700,135.7307,-0.0180,1.1218,0.6458,320.1328,33.6426,348.9207,
152236567900,135.7447,-0.0181,1.1224,0.6479,320.1447,33.6047,348.9312,
152250305600,135.7585,-0.0181,1.1224,0.6479,320.1522,33.5736,348.9758,
152263721700,135.7717,-0.0181,1.1246,0.6523,320.1661,33.5178,349.0563,
152277513900,135.7856,-0.0170,1.1270,0.6566,320.2042,33.3953,349.3480,
152291375300,135.7996,-0.0163,1.1289,0.6598,320.2630,33.2150,349.7862,
152305441800,135.8135,-0.0158,1.1303,0.6624,320.3310,33.0157,350.2800,
152319138900,135.8271,-0.0138,1.1322,0.6644,320.2777,32.8095,350.7252,
152332956000,135.8411,-0.0122,1.1338,0.6663,320.2271,32.6141,351.1511,
152346524400,135.8546,-0.0063,1.1348,0.6701,320.0830,32.3069,351.5201,
152361014300,135.8690,-0.0016,1.1358,0.6734,319.9398,32.0004,351.8881,
152374628600,135.8828,0.0018,1.1367,0.6761,319.7975,31.6937,352.2561,
152388086400,135.8962,0.0033,1.1382,0.6776,319.5938,31.2887,352.5339,
152402079600,135.9102,0.0047,1.1394,0.6791,319.3842,30.8687,352.8242,
152415808300,135.9240,0.0067,1.1413,0.6814,318.7874,29.9549,353.7796,
152430276500,135.9381,0.0087,1.1431,0.6837,318.1982,29.0146,354.7622,
152443963300,135.9520,0.0098,1.1442,0.6853,317.7416,28.7016,355.1125,
152457713200,135.9657,0.0110,1.1453,0.6870,317.3523,28.4208,355.4252,
152471353100,135.9795,0.0123,1.1464,0.6887,316.9942,28.1511,355.7245,
152485845500,135.9938,0.0111,1.1476,0.6890,316.9879,28.0206,355.7503,
152499493500,136.0076,0.0102,1.1489,0.6897,316.9775,27.9193,355.7758,
152513379600,136.0214,0.0098,1.1496,0.6896,317.0505,27.9385,355.7896,
152527220600,136.0352,0.0095,1.1503,0.6897,317.2192,27.9810,355.8280,
152541603800,136.0496,0.0095,1.1503,0.6896,318.3706,28.4156,355.7207,
152554925200,136.0632,0.0095,1.1505,0.6895,319.6333,28.8787,355.6265,
152569238800,136.0773,0.0096,1.1506,0.6895,320.7502,29.2776,355.5626,
152583254700,136.0913,0.0094,1.1506,0.6891,322.3851,29.9693,356.1492,
152596904700,136.1049,0.0091,1.1507,0.6883,323.7677,30.5557,356.6414,
152611060900,136.1192,0.0087,1.1509,0.6877,324.2158,30.9671,357.1425,
152625018600,136.1330,0.0084,1.1512,0.6871,324.6365,31.3175,357.5514,
152639000000,136.1471,0.0082,1.1514,0.6867,325.0564,31.6443,357.9196,
152652909200,136.1610,0.0079,1.1519,0.6865,324.8128,31.7566,357.8863,
152667122700,136.1751,0.0077,1.1524,0.6865,324.5957,31.8853,357.8657,
152680837100,136.1889,0.0077,1.1526,0.6862,323.9425,31.8978,358.0137,
152694792200,136.2030,0.0077,1.1528,0.6860,323.2323,31.9298,358.2086,
152708800700,136.2168,0.0077,1.1528,0.6858,322.7456,31.9569,357.9876,
152722103800,136.2302,0.0076,1.1527,0.6855,322.3347,31.9960,357.8018,
152736331300,136.2444,0.0075,1.1527,0.6851,321.9824,32.0431,357.6429,
152750295100,136.2585,0.0076,1.1524,0.6846,321.5336,31.8709,357.3910,
152764237700,136.2723,0.0077,1.1521,0.6840,321.0989,31.7116,357.1477,
152777865300,136.2859,0.0079,1.1513,0.6828,320.7572,31.5147,357.1277,
152791578900,136.2998,0.0080,1.1506,0.6817,320.4565,31.3439,357.1134,
152806012000,136.3141,0.0082,1.1499,0.6807,320.1813,31.1894,357.1029,
152819660600,136.3277,0.0086,1.1494,0.6798,320.1865,31.1624,357.1361,
152833374200,136.3416,0.0089,1.1489,0.6789,320.1900,31.1411,357.1626,
152847791900,136.3559,0.0091,1.1490,0.6787,320.2172,31.1181,357.2207,
152861416000,136.3695,0.0093,1.1490,0.6786,320.2550,31.0866,357.3021,
152875331700,136.3835,0.0094,1.1491,0.6784,320.3388,31.0930,357.3955,
152889811600,136.3978,0.0094,1.1492,0.6782,320.4520,31.1054,357.5192,
152903586700,136.4117,0.0095,1.1494,0.6780,320.5831,31.1236,357.6603,
152917171500,136.4253,0.0097,1.1495,0.6776,320.6081,31.2033,357.6372,
152931072000,136.4392,0.0099,1.1497,0.6772,320.6285,31.2742,357.6145,
152945120100,136.4532,0.0099,1.1499,0.6768,320.6013,31.3161,357.5827,
152958955700,136.4670,0.0099,1.1500,0.6765,320.5703,31.3615,357.5467,
152972803200,136.4810,0.0099,1.1501,0.6762,320.5208,31.4311,357.4897,
152987000300,136.4950,0.0097,1.1502,0.6758,320.1781,31.6266,357.2002,
153000931100,136.5090,0.0095,1.1502,0.6753,319.7204,31.8861,356.8093,
153014730100,136.5229,0.0094,1.1502,0.6749,319.3672,31.9173,356.6384,
153028654800,136.5368,0.0093,1.1502,0.6746,319.0345,31.9429,356.4773,
153042680100,136.5507,0.0090,1.1501,0.6739,318.6691,31.8399,356.4068,
153056409500,136.5646,0.0086,1.1500,0.6731,318.3042,31.7330,356.3377,
153070325900,136.5786,0.0083,1.1498,0.6724,317.9438,31.6238,356.2708,
153084398200,136.5925,0.0084,1.1497,0.6721,317.8690,31.6490,356.2108,
153098407700,136.6065,0.0084,1.1496,0.6719,317.8164,31.6643,356.1704,
153112018000,136.6203,0.0085,1.1496,0.6718,317.8050,31.7020,356.1145,
153126074300,136.6342,0.0086,1.1495,0.6717,317.7913,31.7447,356.0501,
153140155700,136.6482,0.0087,1.1495,0.6716,317.7724,31.8013,355.9637,
153154326400,136.6625,0.0087,1.1495,0.6714,317.7883,31.8465,355.9023,
153167896500,136.6760,0.0088,1.1495,0.6713,317.8077,31.8999,355.8291,
153181877200,136.6900,0.0087,1.1495,0.6712,317.8118,31.9504,355.7778,
153195938900,136.7042,0.0086,1.1495,0.6712,317.8159,32.0031,355.7246,
153210304900,136.7182,0.0085,1.1495,0.6711,317.8425,32.0456,355.6728,
153224096300,136.7323,0.0083,1.1495,0.6711,317.8755,32.0950,355.6121,
153237681900,136.7457,0.0082,1.1495,0.6710,317.9153,32.1516,355.5421,
153251559100,136.7598,0.0080,1.1494,0.6709,317.9402,32.1760,355.5226,
153265388200,136.7734,0.0078,1.1493,0.6708,317.9666,32.1998,355.5044,
153279631900,136.7877,0.0076,1.1492,0.6707,317.9945,32.2231,355.4877,
153293134400,136.8014,0.0073,1.1491,0.6704,318.0229,32.2227,355.5133,
153307534400,136.8155,0.0070,1.1490,0.6702,318.0526,32.2199,355.5436,
153321208900,136.8293,0.0067,1.1488,0.6698,318.2090,32.2278,355.6733,
153335531200,136.8438,0.0063,1.1485,0.6694,318.4286,32.2335,355.8640,
153349425000,136.8575,0.0063,1.1483,0.6689,318.7428,32.3729,356.0837,
153363185100,136.8713,0.0062,1.1481,0.6685,319.0671,32.5152,356.3191,
153376890000,136.8850,0.0063,1.1481,0.6683,319.5275,32.8099,356.5155,
153390831700,136.8991,0.0065,1.1481,0.6682,319.9669,33.0909,356.7100,
153405060800,136.9132,0.0066,1.1480,0.6680,320.3687,33.3477,356.8939,
153418566900,136.9267,0.0065,1.1480,0.6675,320.4555,33.5535,356.8250,
153432543100,136.9408,0.0064,1.1479,0.6669,320.5261,33.7129,356.7763,
153446978000,136.9550,0.0062,1.1480,0.6661,320.5519,33.9070,356.6595,
153460688900,136.9689,0.0061,1.1482,0.6652,320.5828,34.1199,356.5345,
153474129500,136.9824,0.0060,1.1483,0.6644,320.6198,34.3583,356.3975,
153488374900,136.9965,0.0051,1.1488,0.6635,320.5774,34.5511,356.2156,
153502264800,137.0104,0.0042,1.1492,0.6626,320.5329,34.7615,356.0189,
153516001600,137.0243,0.0038,1.1493,0.6618,320.4572,34.8434,355.8942,
153530486100,137.0386,0.0035,1.1493,0.6611,320.3787,34.9275,355.7660,
153544006800,137.0521,0.0034,1.1492,0.6606,320.2217,34.9847,355.6935,
153558009400,137.0662,0.0033,1.1491,0.6602,320.0336,35.0502,355.6113,
153571615700,137.0799,0.0032,1.1490,0.6598,319.8236,35.1204,355.5242,
153585897200,137.0940,0.0032,1.1488,0.6594,319.7749,35.1534,355.5135,
153599997300,137.1081,0.0032,1.1486,0.6590,319.7438,35.1739,355.5082,
153613627600,137.1219,0.0031,1.1481,0.6582,319.7365,35.2336,355.4767,
153627533300,137.1357,0.0030,1.1476,0.6574,319.7276,35.3214,355.4312,
153641417300,137.1496,0.0028,1.1471,0.6566,319.7173,35.4421,355.3698,
153655075000,137.1633,0.0027,1.1467,0.6565,319.7002,35.5570,355.3055,
153669207300,137.1774,0.0027,1.1464,0.6564,319.6833,35.6809,355.2370,
153683250600,137.1914,0.0025,1.1462,0.6562,319.6609,35.7716,355.1178,
153697052500,137.2052,0.0022,1.1459,0.6560,319.6361,35.8754,354.9777,
153710893000,137.2192,0.0020,1.1456,0.6559,319.6087,35.9931,354.8149,
153725048400,137.2332,0.0018,1.1453,0.6556,319.5344,36.1474,354.6217,
153739052900,137.2471,0.0016,1.1449,0.6554,319.4538,36.3135,354.4107,
153752604000,137.2609,0.0011,1.1442,0.6550,319.4677,36.3475,354.2598,
153767230200,137.2752,0.0005,1.1434,0.6547,319.4848,36.3777,354.1042,
153780522500,137.2887,-0.0006,1.1423,0.6543,319.5604,36.3411,353.9993,
153794465000,137.3028,-0.0016,1.1413,0.6539,319.6527,36.2909,353.8813,
153808579800,137.3167,-0.0025,1.1403,0.6535,319.7608,36.2269,353.7533,
153822505100,137.3306,-0.0030,1.1399,0.6536,319.9341,36.0552,353.9295,
153836832800,137.3450,-0.0034,1.1396,0.6537,320.1796,35.8107,354.1831,
153850125600,137.3585,-0.0038,1.1392,0.6538,320.4745,35.5168,354.4904,
153864238600,137.3724,-0.0039,1.1390,0.6539,320.7827,35.0902,354.8990,
153878260600,137.3863,-0.0038,1.1389,0.6540,321.3690,34.9406,355.2716,
153892292100,137.4006,-0.0038,1.1387,0.6541,321.9589,34.7961,355.6449,
153906084300,137.4143,-0.0037,1.1385,0.6542,322.5179,34.6646,355.9972,
153920024300,137.4282,-0.0036,1.1385,0.6548,322.7950,34.6469,356.1926,
153933758100,137.4420,-0.0034,1.1385,0.6556,323.0416,34.6302,356.3665,
153947729900,137.4559,-0.0031,1.1386,0.6567,323.5281,34.6309,356.6375,
153961579000,137.4698,-0.0029,1.1387,0.6578,324.0423,34.6320,356.9247,
153975511300,137.4838,-0.0027,1.1388,0.6588,324.5518,34.6339,357.2095,
153989556800,137.4977,-0.0026,1.1390,0.6593,324.8410,34.6740,357.3835,
154003355500,137.5115,-0.0025,1.1391,0.6597,325.1118,34.7088,357.5465,
154017768800,137.5259,-0.0022,1.1394,0.6603,325.5328,34.8608,357.5408,
154031485700,137.5397,-0.0018,1.1398,0.6610,325.9799,35.0150,357.5462,
154045269600,137.5534,-0.0015,1.1401,0.6616,326.4375,35.1666,357.5618,
154059129900,137.5673,-0.0012,1.1403,0.6619,326.8399,35.3749,357.4875,
154072809800,137.5811,-0.0010,1.1405,0.6621,327.2383,35.5720,357.4265,
154087079700,137.5952,-0.0010,1.1408,0.6622,327.2471,35.7313,357.3419,
154101424800,137.6095,-0.0009,1.1410,0.6623,327.2619,35.8580,357.2775,
154114632100,137.6230,-0.0005,1.1413,0.6627,327.2084,35.9548,357.2100,
154128685200,137.6369,-0.0001,1.1417,0.6632,327.1417,36.0848,357.1210,
154142776600,137.6509,0.0004,1.1420,0.6637,327.0641,36.2474,357.0118,
154156665400,137.6648,0.0009,1.1417,0.6640,327.0279,36.3122,356.9817,
154170368300,137.6787,0.0014,1.1414,0.6643,327.0005,36.3651,356.9583,
154184572900,137.6928,0.0019,1.1407,0.6645,326.9861,36.3749,356.9609,
154198766900,137.7069,0.0024,1.1399,0.6646,326.9723,36.3841,356.9651,
154212305100,137.7206,0.0029,1.1391,0.6648,326.9592,36.3927,356.9709,
154226416200,137.7346,0.0035,1.1385,0.6646,326.9546,36.3993,356.9937,
154240145800,137.7483,0.0040,1.1380,0.6644,326.9512,36.4053,357.0192,
154253980500,137.7623,0.0042,1.1378,0.6642,326.9302,36.4410,357.0517,
154268329400,137.7764,0.0045,1.1376,0.6641,326.8933,36.5062,357.1130,
154281972200,137.7901,0.0046,1.1376,0.6640,326.8255,36.5579,357.0988,
154296150700,137.8044,0.0046,1.1375,0.6638,326.7479,36.6163,357.0806,
154309775600,137.8180,0.0047,1.1375,0.6637,326.6583,36.6831,357.0576,
154324401300,137.8323,0.0047,1.1376,0.6636,326.5428,36.8218,357.0116,
154337624300,137.8458,0.0048,1.1376,0.6635,326.4136,36.9785,356.9568,
154351324600,137.8596,0.0047,1.1377,0.6634,326.2965,37.0607,356.9027,
154365710800,137.8739,0.0045,1.1378,0.6632,326.1853,37.1375,356.8492,
154379625200,137.8878,0.0044,1.1380,0.6631,326.0759,37.2121,356.7944,
154393163100,137.9014,0.0044,1.1382,0.6629,325.6926,37.1839,356.7899,
154407606300,137.9156,0.0043,1.1385,0.6627,325.2386,37.1433,356.7853,
154421517200,137.9296,0.0041,1.1388,0.6623,324.7715,37.0391,356.6336,
154435283800,137.9435,0.0040,1.1392,0.6619,324.3179,36.9317,356.4853,
154449193500,137.9574,0.0032,1.1395,0.6606,323.4696,36.7451,356.2618,
154463365100,137.9715,0.0024,1.1398,0.6593,322.6626,36.5624,356.0492,
154477225900,137.9854,0.0016,1.1401,0.6581,321.9434,36.3950,355.8597,
154491053200,137.9993,-0.0004,1.1392,0.6546,321.0832,36.4674,355.0115,
154505407900,138.0135,-0.0022,1.1383,0.6516,320.2910,36.5328,354.2447,
154518906900,138.0271,-0.0086,1.1380,0.6462,318.6695,36.0459,353.1625,
154532639800,138.0409,-0.0133,1.1377,0.6421,317.2739,35.6616,352.2311,
154546626800,138.0547,-0.0218,1.1355,0.6358,315.8037,33.6938,352.9378,
154560542700,138.0687,-0.0283,1.1338,0.6308,314.5539,32.0788,353.4829,
154574073800,138.0824,-0.0316,1.1284,0.6246,315.2211,31.3332,353.5733,
154588172600,138.0963,-0.0347,1.1244,0.6196,315.7183,30.6135,353.6308,
154602090400,138.1102,-0.0377,1.1211,0.6152,316.1200,29.8588,353.6682,
154615884100,138.1242,-0.0356,1.1170,0.6135,316.7403,28.9173,354.3857,
154629996900,138.1382,-0.0349,1.1138,0.6116,317.2773,27.9860,355.0251,
154643919800,138.1521,-0.0312,1.1102,0.6118,317.4236,27.7911,355.3621,
154657953500,138.1660,-0.0288,1.1069,0.6113,317.5251,27.6018,355.6249,
154671604700,138.1799,-0.0273,1.1040,0.6104,317.6093,27.3984,355.8678,
154686129600,138.1943,-0.0250,1.1001,0.6121,318.0018,27.5536,355.9977,
154699573000,138.2078,-0.0234,1.0966,0.6128,318.4684,27.7042,356.1625,
154713410300,138.2217,-0.0225,1.0928,0.6136,318.9662,27.8737,356.1164,
154727991400,138.2362,-0.0219,1.0894,0.6138,319.4346,28.0049,356.0791,
154741414500,138.2496,-0.0221,1.0889,0.6141,320.2225,27.9766,356.0888,
154755304700,138.2636,-0.0222,1.0883,0.6142,320.9884,27.9235,356.1013,
154769469900,138.2776,-0.0224,1.0876,0.6142,321.6924,27.8534,356.1147,
154783442600,138.2916,-0.0225,1.0878,0.6144,322.0849,27.6247,356.1852,
154797211100,138.3053,-0.0228,1.0879,0.6148,322.4434,27.4143,356.2458,
154810975000,138.3193,-0.0231,1.0888,0.6148,322.6113,27.3665,356.2374,
154824992200,138.3331,-0.0234,1.0897,0.6149,322.7636,27.3190,356.2311,
154838878000,138.3471,-0.0238,1.0905,0.6148,322.9214,27.2665,356.2254,
154852657800,138.3610,-0.0240,1.0923,0.6159,323.0502,27.0540,356.4140,
154866984500,138.3752,-0.0242,1.0938,0.6168,323.2131,26.7945,356.6400,
154880867100,138.3890,-0.0246,1.0952,0.6173,323.3799,26.8171,356.6940,
154894450600,138.4028,-0.0249,1.0962,0.6176,323.5615,26.8402,356.7502,
154908378500,138.4166,-0.0250,1.0973,0.6186,323.8665,26.7856,356.8588,
154922332700,138.4305,-0.0251,1.0983,0.6195,324.2111,26.7230,356.9776,
154936607500,138.4447,-0.0251,1.0991,0.6202,324.5711,26.6574,357.0983,
154950040700,138.4584,-0.0254,1.0997,0.6205,325.1365,26.6047,357.2242,
154964340000,138.4725,-0.0255,1.1001,0.6207,325.7100,26.5513,357.3485,
154978027200,138.4862,-0.0254,1.1002,0.6208,326.4820,26.6835,357.4720,
154992290000,138.5005,-0.0253,1.1003,0.6209,327.2222,26.8070,357.5902,
155006444600,138.5146,-0.0252,1.1004,0.6210,327.9044,26.9182,357.6990,
155019864600,138.5280,-0.0250,1.1004,0.6212,328.3131,26.9135,357.7083,
155033657300,138.5420,-0.0248,1.1005,0.6215,328.6841,26.9119,357.7196,
155047703900,138.5558,-0.0246,1.1006,0.6220,328.6673,26.9461,357.6838,
155061558100,138.5697,-0.0243,1.1007,0.6225,328.6582,26.9739,357.6557,
155075464600,138.5838,-0.0243,1.1007,0.6224,328.5622,27.0219,357.6154,
155089715200,138.5979,-0.0243,1.1007,0.6224,328.2837,27.1658,357.4969,
155103585800,138.6116,-0.0243,1.1007,0.6224,327.9280,27.3561,357.3427,
155117698400,138.6257,-0.0242,1.1008,0.6224,327.3826,27.6800,357.1847,
155131119400,138.6395,-0.0242,1.1008,0.6225,326.8479,28.0075,357.0262,
155145748000,138.6538,-0.0242,1.1009,0.6225,326.3607,28.3145,356.8784,
155159334400,138.6675,-0.0242,1.1010,0.6223,325.5553,29.0483,356.4514,
155173375300,138.6817,-0.0241,1.1012,0.6221,324.8119,29.7454,356.0424,
155187529700,138.6956,-0.0242,1.1018,0.6209,324.0029,31.2673,354.3550,
155201304600,138.7094,-0.0243,1.1024,0.6196,323.3057,32.6521,352.8434,
155215287200,138.7235,-0.0249,1.1030,0.6161,321.3334,37.5210,344.9787,
155229232200,138.7374,-0.0254,1.1036,0.6129,320.2601,41.1998,339.3121,
155242892800,138.7511,-0.0263,1.1050,0.6067,319.4558,47.0448,329.4309,
155257032600,138.7652,-0.0271,1.1061,0.6020,319.3140,50.7741,323.3287,
155270871500,138.7791,-0.0276,1.1070,0.5983,319.3736,53.4547,319.0334,
155285047000,138.7932,-0.0273,1.1054,0.5928,319.0199,59.1350,312.7873,
155299003700,138.8071,-0.0272,1.1043,0.5883,319.1487,63.1205,308.1490,
155312649700,138.8209,-0.0268,1.0989,0.5843,320.1978,67.8440,302.1585,
155326779300,138.8349,-0.0266,1.0949,0.5808,321.1822,71.1516,297.8386,
155340738700,138.8489,-0.0264,1.0920,0.5777,322.1092,73.7248,294.3891,
155354722600,138.8630,-0.0271,1.0851,0.5730,323.2916,76.1968,291.3865,
155368561800,138.8766,-0.0276,1.0799,0.5688,324.4361,78.3724,288.6072,
155382377000,138.8904,-0.0294,1.0751,0.5612,324.2292,78.1264,289.3235,
155396117500,138.9044,-0.0307,1.0711,0.5549,323.9290,77.8561,290.4858,
155410160500,138.9183,-0.0318,1.0675,0.5494,323.7295,77.8196,291.4207,
155424116500,138.9323,-0.0337,1.0645,0.5405,325.1490,76.5532,296.2348,
155437817800,138.9459,-0.0351,1.0617,0.5330,326.4005,76.0989,299.2480,
155451546200,138.9599,-0.0429,1.0601,0.5235,329.3622,76.3049,303.5329,
155465684500,138.9738,-0.0487,1.0582,0.5153,331.4181,76.8290,306.0295,
155479257300,138.9874,-0.0564,1.0557,0.5068,334.2076,77.5166,309.1041,
155493237500,139.0015,-0.0625,1.0531,0.4992,336.2723,78.2805,311.1726,
155507284000,139.0154,-0.0676,1.0506,0.4920,337.9486,79.0527,312.7398,
155521007800,139.0291,-0.0751,1.0493,0.4851,339.2572,79.4313,313.3522,
155534714900,139.0430,-0.0813,1.0476,0.4784,340.5309,79.9200,314.0586,
155548677500,139.0567,-0.0875,1.0473,0.4742,342.2984,80.4772,313.6384,
155562402400,139.0706,-0.0930,1.0465,0.4694,344.0911,81.1117,313.5400,
155575792100,139.0841,-0.0948,1.0443,0.4668,344.5077,80.9865,313.2384,
155589953400,139.0980,-0.0971,1.0424,0.4635,345.0204,80.9850,313.1041,
155604919800,139.1130,-0.0999,1.0403,0.4596,345.6779,81.0673,313.0630,
155617915300,139.1261,-0.1016,1.0345,0.4568,345.6446,80.9323,312.9960,
155631292900,139.1396,-0.1038,1.0297,0.4532,345.6653,80.8520,312.9660,
155646117700,139.1542,-0.1060,1.0255,0.4514,345.6121,80.8424,312.9505,
155659617700,139.1677,-0.1085,1.0217,0.4488,345.5715,80.8408,312.9417,
155673652300,139.1819,-0.1112,1.0182,0.4456,345.5430,80.8469,312.9393,
155687620800,139.1958,-0.1151,1.0167,0.4447,345.5095,80.8612,312.9269,
155701677900,139.2098,-0.1188,1.0148,0.4430,345.4858,80.8829,312.9191,
155715405800,139.2236,-0.1217,1.0163,0.4399,345.3542,80.7580,312.9760,
155729465100,139.2376,-0.1248,1.0169,0.4365,345.1626,80.5560,313.0896,
155743445100,139.2516,-0.1286,1.0172,0.4319,344.8368,80.0714,313.3108,
155757352000,139.2655,-0.1324,1.0169,0.4275,344.5379,79.5716,313.5667,
155771191600,139.2794,-0.1360,1.0162,0.4233,344.2974,79.1137,313.8255,
155785387200,139.2935,-0.1393,1.0159,0.4200,344.3027,78.4813,313.9407,
155799189300,139.3073,-0.1426,1.0153,0.4166,344.3347,77.8806,314.0668,
155812989700,139.3213,-0.1469,1.0167,0.4151,345.2939,77.2284,314.3769,
155827081300,139.3352,-0.1510,1.0174,0.4130,346.3354,76.5462,314.7077,
155841016000,139.3492,-0.1549,1.0177,0.4106,347.3206,75.9238,315.0150,
155855145600,139.3634,-0.1589,1.0183,0.4097,350.3296,75.0403,315.3022,
155868728100,139.3769,-0.1628,1.0186,0.4083,352.7878,74.3169,315.5279,
155882311100,139.3904,-0.1668,1.0173,0.4060,357.1176,72.9515,316.9023,
155895997100,139.4043,-0.1708,1.0161,0.4034,0.2886,72.0164,317.7936,
155910408700,139.4185,-0.1735,1.0102,0.3981,1.9502,70.7182,318.8388,
155924080800,139.4322,-0.1765,1.0057,0.3936,3.4903,69.7413,319.6034,
155938419600,139.4465,-0.1795,1.0022,0.3894,4.9955,68.9171,320.2308,
155951746400,139.4600,-0.1842,0.9981,0.3838,5.2554,68.6291,319.9293,
155965857900,139.4739,-0.1885,0.9946,0.3788,5.6704,68.3231,319.7602,
155979691000,139.4878,-0.1935,0.9878,0.3704,6.3893,68.2409,318.9872,
155993406900,139.5016,-0.1981,0.9824,0.3634,7.3642,68.0505,318.2247,
156007756800,139.5159,-0.2025,0.9777,0.3571,8.4865,67.7714,317.5445,
156021953400,139.5301,-0.2080,0.9692,0.3468,14.0465,67.7551,316.8481,
156035851100,139.5441,-0.2131,0.9622,0.3381,18.3467,67.5603,316.3195,
156049864700,139.5579,-0.2198,0.9567,0.3278,22.2621,65.6064,314.6078,
156063579700,139.5717,-0.2258,0.9516,0.3189,25.2970,64.1354,313.3342,
156077349900,139.5854,-0.2333,0.9480,0.3081,27.1305,62.4346,312.3925,
156091822300,139.6000,-0.2400,0.9442,0.2986,28.9680,60.9912,311.5032,
156106326100,139.6143,-0.2462,0.9403,0.2899,30.8602,59.6185,310.5877,
156120402800,139.6284,-0.2519,0.9363,0.2787,31.0209,59.4147,312.2678,
156133125700,139.6413,-0.2574,0.9322,0.2687,31.6168,58.9972,313.5783,
156147111700,139.6551,-0.2636,0.9363,0.2574,31.9788,60.0274,315.1631,
156160713500,139.6687,-0.2696,0.9381,0.2471,32.6025,60.7649,316.4734,
156174568800,139.6827,-0.2753,0.9386,0.2373,33.4186,61.2908,317.5775,
156188614700,139.6967,-0.2801,0.9404,0.2249,32.4698,65.8740,319.3007,
156202800100,139.7108,-0.2850,0.9411,0.2136,31.9395,69.6473,320.7626,
156220019900,139.7279,-0.2911,0.9469,0.2051,30.6207,72.3807,321.3837,
156233758500,139.7418,-0.2971,0.9506,0.1964,29.9229,74.3701,321.9002,
156248259100,139.7561,-0.3029,0.9531,0.1876,29.5566,75.9362,322.3648,
156262099700,139.7700,-0.3068,0.9536,0.1806,29.0823,75.9107,322.4115,
156275154900,139.7832,-0.3111,0.9539,0.1730,28.7896,76.0188,322.5026,
156289768600,139.7977,-0.3113,0.9515,0.1651,28.9062,76.1535,322.2545,
156314167600,139.8221,-0.3128,0.9497,0.1569,29.0884,76.4347,321.9573,
156328816900,139.8367,-0.3147,0.9437,0.1502,29.7614,77.0143,320.7627,
156342284700,139.8503,-0.3204,0.9365,0.1357,30.6023,77.9478,319.5510,
156356413800,139.8645,-0.3171,0.9308,0.1304,31.0343,79.5842,318.6862,
156370025100,139.8781,-0.3158,0.9264,0.1242,31.4154,80.9109,318.0757,
156383744800,139.8917,-0.3189,0.9269,0.1161,30.0896,81.3252,316.5213,
156397968600,139.9060,-0.3219,0.9268,0.1081,29.1017,81.8474,315.2598,
156411660400,139.9199,-0.3250,0.9259,0.1012,27.8015,81.7188,314.9634,
156425704700,139.9337,-0.3280,0.9249,0.0940,26.7400,81.7391,314.6588,
156439623200,139.9475,-0.3310,0.9237,0.0867,25.8264,81.8577,314.3427,
156453528700,139.9617,-0.3325,0.9212,0.0811,25.3478,81.9504,314.4974,
156467586900,139.9756,-0.3344,0.9190,0.0749,24.9144,82.0786,314.5810,
156481526000,139.9896,-0.3383,0.9187,0.0710,25.2776,82.8630,314.0961,
156495408300,140.0035,-0.3419,0.9180,0.0661,25.7133,83.9556,313.4174,
156509212400,140.0173,-0.3453,0.9170,0.0607,26.0938,85.0607,312.7284,
156523254500,140.0313,-0.3479,0.9248,0.0570,27.1197,86.7634,311.7601,
156537156900,140.0452,-0.3506,0.9301,0.0524,27.9177,88.2031,310.9449,
156551058800,140.0592,-0.3518,0.9372,0.0501,28.9105,88.4942,309.9985,
156565012100,140.0731,-0.3534,0.9424,0.0468,29.6936,88.8477,309.1949,
156578920700,140.0870,-0.3530,0.9428,0.0457,30.0174,88.1521,309.1552,
156592643000,140.1009,-0.3531,0.9433,0.0441,30.3975,87.4810,309.0460,
156606494900,140.1145,-0.3537,0.9439,0.0416,30.8266,86.8455,308.8678,
156621179200,140.1293,-0.3532,0.9429,0.0405,31.3250,85.9947,308.8359,
156634638500,140.1429,-0.3530,0.9420,0.0385,31.8122,85.2675,308.7435,
156648620600,140.1567,-0.3505,0.9401,0.0379,31.7974,84.6992,308.3581,
156662657200,140.1706,-0.3485,0.9384,0.0366,31.8117,84.2290,308.0014,
156676685800,140.1848,-0.3469,0.9370,0.0348,31.8467,83.8014,307.6451,
156690026900,140.1983,-0.3464,0.9351,0.0338,31.8374,83.8075,307.6510,
156704609900,140.2127,-0.3461,0.9335,0.0324,31.8347,83.8110,307.6493,
156718422700,140.2263,-0.3439,0.9331,0.0330,31.7701,83.8789,307.6539,
156731490000,140.2397,-0.3419,0.9327,0.0332,31.5456,84.1228,307.6545,
156746279900,140.2544,-0.3385,0.9323,0.0319,31.1114,84.2638,307.6412,
156760121000,140.2682,-0.3356,0.9319,0.0304,30.6538,84.4084,307.6080,
156773933600,140.2821,-0.3332,0.9315,0.0287,30.2177,84.5428,307.5590,
156787915100,140.2960,-0.3299,0.9334,0.0274,29.7360,84.5086,307.6753,
156801819600,140.3099,-0.3270,0.9348,0.0258,29.2753,84.4714,307.7748,
156815919500,140.3241,-0.3234,0.9358,0.0230,29.3169,84.4913,307.6750,
156829730100,140.3377,-0.3203,0.9366,0.0203,29.3733,84.5170,307.5363,
156843525200,140.3516,-0.3178,0.9372,0.0179,29.4675,84.5580,307.2996,
156857017300,140.3651,-0.3153,0.9335,0.0119,29.7309,84.9767,307.0531,
156871153500,140.3794,-0.3130,0.9307,0.0068,30.0251,85.4402,306.7760,
156885554900,140.3936,-0.3082,0.9281,0.0028,30.4581,85.9280,306.2925,
156899331300,140.4074,-0.3042,0.9261,-0.0008,30.8588,86.3739,305.8462,
156913224500,140.4214,-0.3018,0.9252,-0.0038,30.7851,86.2405,305.8681,
156927237200,140.4353,-0.2996,0.9245,-0.0066,30.3817,85.5041,305.9832,
156941324100,140.4493,-0.2975,0.9238,-0.0093,29.8547,84.5354,306.1321,
156954874300,140.4631,-0.2949,0.9220,-0.0121,27.2054,81.2459,308.4297,
156968809000,140.4769,-0.2924,0.9204,-0.0149,25.3890,78.8631,310.1207,
156982801300,140.4909,-0.2900,0.9179,-0.0196,22.7548,77.7709,312.8438,
156996500500,140.5045,-0.2877,0.9159,-0.0238,20.9767,76.8078,314.7040,
157010649500,140.5188,-0.2794,0.9163,-0.0323,19.4344,75.7806,315.0840,
157024685900,140.5327,-0.2727,0.9164,-0.0393,18.1666,74.8705,315.5813,
157038588100,140.5466,-0.2671,0.9161,-0.0454,17.0115,73.9897,316.1613,
157052310000,140.5605,-0.2530,0.9230,-0.0583,17.5377,77.1812,314.7231,
157066165300,140.5742,-0.2419,0.9278,-0.0689,17.9776,80.8054,313.2215,
157080279500,140.5883,-0.2378,0.9362,-0.0770,19.1070,81.9047,313.7239,
157093690000,140.6019,-0.2334,0.9425,-0.0845,19.7228,82.6501,314.1191,
157107727400,140.6157,-0.2288,0.9474,-0.0915,20.0930,83.2209,314.4564,
157121589700,140.6296,-0.2285,0.9496,-0.0959,21.0065,84.8769,316.6777,
157135851200,140.6440,-0.2269,0.9517,-0.1009,21.6850,86.4120,318.7070,
157149621300,140.6576,-0.2209,0.9514,-0.1041,21.6609,86.1995,318.6230,
157163690400,140.6717,-0.2154,0.9518,-0.1081,21.6526,86.1587,318.6198,
157177481800,140.6855,-0.2087,0.9440,-0.1151,22.3095,86.7974,318.2095,
157191145100,140.6993,-0.2025,0.9388,-0.1217,23.2350,87.7710,317.7297,
157205188700,140.7132,-0.1967,0.9352,-0.1280,24.1072,88.7604,317.3727,
157219583600,140.7275,-0.1923,0.9280,-0.1356,24.3416,89.5013,317.0568,
157233003400,140.7412,-0.1877,0.9226,-0.1426,24.5652,90.1808,316.8422,
157247163700,140.7552,-0.1819,0.9267,-0.1467,23.9020,89.2037,315.3283,
157260925600,140.7690,-0.1763,0.9293,-0.1514,23.1566,88.2150,313.6481,
157274776700,140.7829,-0.1754,0.9260,-0.1574,22.8620,86.9157,313.4202,
157288797700,140.7968,-0.1734,0.9235,-0.1633,22.5956,85.7698,313.1937,
157302821700,140.8109,-0.1707,0.9215,-0.1692,22.3599,84.7806,312.9755,
157316649800,140.8247,-0.1649,0.9220,-0.1733,22.7619,84.5909,314.2380,
157330674300,140.8388,-0.1595,0.9220,-0.1778,23.1786,84.3688,315.5342,
157344843200,140.8529,-0.1590,0.9233,-0.1771,23.5293,85.0094,316.3394,
157358568300,140.8666,-0.1580,0.9241,-0.1774,23.8369,85.5596,317.0679,
157372370700,140.8806,-0.1563,0.9247,-0.1784,24.1172,86.0502,317.7497,
157386327700,140.8943,-0.1564,0.9250,-0.1777,24.4503,87.5167,318.9904,
157400103600,140.9082,-0.1563,0.9252,-0.1771,24.7432,88.8581,320.1666,
157414118900,140.9223,-0.1562,0.9249,-0.1771,24.1397,88.4410,320.6765,
157427961400,140.9360,-0.1557,0.9240,-0.1773,23.5357,88.0446,321.2648,
157442066600,140.9501,-0.1545,0.9227,-0.1782,22.9597,87.6854,321.9001,
157455849200,140.9641,-0.1589,0.9220,-0.1804,17.0230,78.8893,325.8050,
157469875700,140.9780,-0.1636,0.9210,-0.1835,13.9662,73.9268,328.4638,
157483790900,140.9919,-0.1670,0.9219,-0.1911,12.4987,70.9855,333.4338,
157497894300,141.0059,-0.1691,0.9223,-0.1973,11.6183,68.9782,336.3352,
157511527100,141.0197,-0.1669,0.9245,-0.2005,11.1370,66.0248,338.1456,
157525677600,141.0337,-0.1652,0.9260,-0.2036,10.7246,63.8010,339.6897,
157539620000,141.0476,-0.1637,0.9272,-0.2067,10.3529,61.8961,341.1238,
157553491400,141.0616,-0.1578,0.9286,-0.2099,10.7906,61.8178,340.4834,
157567458400,141.0755,-0.1531,0.9297,-0.2132,11.0408,61.5733,340.2069,
157581444200,141.0895,-0.1463,0.9337,-0.2127,11.5806,62.2910,339.0450,
157595035000,141.1033,-0.1409,0.9367,-0.2132,12.1567,62.8640,337.9098,
157609140000,141.1172,-0.1354,0.9399,-0.2116,13.2377,63.0331,337.7164,
157623328900,141.1314,-0.1307,0.9425,-0.2112,14.0805,63.0232,337.6700,
157637129600,141.1452,-0.1268,0.9446,-0.2114,14.7713,62.9024,337.7140,
157651027400,141.1593,-0.1244,0.9438,-0.2135,15.5470,61.8112,339.3024,
157665252400,141.1733,-0.1219,0.9434,-0.2155,16.4023,60.5720,341.0215,
157678994700,141.1871,-0.1182,0.9401,-0.2211,16.5172,59.6326,341.8960,
157692519900,141.2007,-0.1145,0.9378,-0.2259,16.6716,58.7687,342.7022,
157706592700,141.2147,-0.1111,0.9363,-0.2298,16.8572,57.9341,343.4821,
157720826600,141.2288,-0.1045,0.9345,-0.2353,16.8479,57.6827,343.1953,
157734660200,141.2429,-0.0989,0.9333,-0.2399,16.8606,57.4359,343.0393,
157748683600,141.2568,-0.0909,0.9284,-0.2451,16.3564,57.3660,341.9240,
157762576000,141.2707,-0.0842,0.9248,-0.2498,15.7320,57.1925,340.5759,
157776531300,141.2845,-0.0782,0.9221,-0.2540,15.1904,56.9611,339.4437,
157789700600,141.2979,-0.0803,0.9217,-0.2549,15.8140,56.5372,338.2959,
157804139500,141.3122,-0.0809,0.9214,-0.2560,16.3300,56.0920,337.3122,
157818101700,141.3262,-0.0809,0.9204,-0.2564,16.7934,56.1677,336.4424,
157831922800,141.3401,-0.0804,0.9192,-0.2573,17.1883,56.1626,335.6881,
157845886200,141.3539,-0.0866,0.9169,-0.2690,17.4232,56.2460,335.0254,
157859513600,141.3676,-0.0903,0.9151,-0.2781,17.6370,56.2734,334.4255,
157873681700,141.3819,-0.0924,0.9134,-0.2857,17.8369,56.2620,333.8651,
157887844900,141.3959,-0.0935,0.9139,-0.2946,17.4304,56.4970,334.0784,
157901458700,141.4096,-0.0941,0.9139,-0.3023,16.6825,56.9076,334.4326,
157915418100,141.4237,-0.0977,0.9139,-0.3117,15.5020,57.4301,334.7640,
157929211900,141.4373,-0.1002,0.9137,-0.3199,14.4352,57.8756,335.0149,
157943190000,141.4512,-0.1009,0.9128,-0.3268,13.4931,58.4324,334.9629,
157957351200,141.4654,-0.1015,0.9119,-0.3335,12.6930,58.8899,334.8905,
157971411800,141.4796,-0.1019,0.9111,-0.3399,11.9992,59.2754,334.8065,
157984963800,141.4931,-0.1026,0.9112,-0.3463,11.7608,58.7539,334.6761,
157999290200,141.5073,-0.1032,0.9110,-0.3525,11.4693,58.2107,334.5267,
158013039700,141.5213,-0.1010,0.9107,-0.3563,11.1333,57.7303,334.2312,
158026711800,141.5348,-0.0995,0.9103,-0.3605,10.7716,57.2731,333.9346,
158040826700,141.5489,-0.0984,0.9098,-0.3652,10.3998,56.8504,333.6471,
158054674400,141.5629,-0.0978,0.9115,-0.3681,10.3464,55.7939,333.3887,
158068637600,141.5767,-0.0972,0.9127,-0.3716,10.2509,54.7747,333.1232,
158082339100,141.5903,-0.0941,0.9157,-0.3713,10.3675,54.8604,332.6240,
158095951900,141.6042,-0.0912,0.9183,-0.3721,10.4675,54.9292,332.0914,
158110206500,141.6182,-0.0890,0.9261,-0.3745,17.5687,60.0508,321.0533,
158124247200,141.6323,-0.0871,0.9318,-0.3774,21.6018,62.1864,315.3016,
158138297600,141.6464,-0.0855,0.9363,-0.3806,23.8868,63.1788,312.0833,
158151683500,141.6599,-0.0865,0.9385,-0.3832,24.3500,63.3047,307.6298,
158166197900,141.6742,-0.0870,0.9405,-0.3859,24.9984,63.4734,304.5350,
158179839300,141.6879,-0.0872,0.9393,-0.3865,24.7025,63.0522,304.4153,
158193350800,141.7016,-0.0872,0.9385,-0.3875,24.6645,62.8429,304.0596,
158207460500,141.7155,-0.0873,0.9363,-0.3904,23.8763,62.4028,305.2831,
158221419100,141.7294,-0.0872,0.9345,-0.3937,22.8280,61.7396,306.8349,
158235356300,141.7435,-0.0870,0.9332,-0.3971,22.0852,61.2033,307.8570,
158249740100,141.7578,-0.0871,0.9311,-0.3981,21.0816,60.4005,310.7744,
158263211800,141.7713,-0.0871,0.9295,-0.3994,20.4436,59.7985,312.6820,
158277210100,141.7853,-0.0872,0.9292,-0.4011,19.5146,59.1352,314.9984,
158291614600,141.7999,-0.0872,0.9290,-0.4031,18.8855,58.6170,316.6036,
158305236600,141.8134,-0.0871,0.9288,-0.4054,18.4303,58.1964,317.7884,
158318813600,141.8269,-0.0872,0.9266,-0.4098,18.2046,57.3299,318.2242,
158333034700,141.8412,-0.0872,0.9248,-0.4139,17.9951,56.6034,318.6719,
158346729200,141.8548,-0.0866,0.9247,-0.4186,17.8599,57.0387,318.8778,
158360957000,141.8691,-0.0862,0.9244,-0.4228,17.6922,57.4746,319.1508,
158374756300,141.8830,-0.0857,0.9242,-0.4265,17.4701,57.9540,319.5259,
158388569800,141.8966,-0.0851,0.9217,-0.4296,17.5187,58.5261,320.7424,
158402697200,141.9108,-0.0846,0.9196,-0.4327,17.5264,59.0675,322.0284,
158416770700,141.9249,-0.0841,0.9191,-0.4334,17.8639,59.0601,323.9023,
158430264400,141.9385,-0.0836,0.9186,-0.4343,18.1255,59.0512,325.6056,
158444518700,141.9525,-0.0831,0.9180,-0.4356,18.3185,59.0400,327.0887,
158458301600,141.9664,-0.0825,0.9181,-0.4356,18.4274,58.1055,327.2797,
158472352900,141.9806,-0.0818,0.9181,-0.4359,18.5238,57.3136,327.5818,
158486664400,141.9948,-0.0809,0.9184,-0.4360,18.7232,56.4438,327.5861,
158500472700,142.0085,-0.0799,0.9185,-0.4363,18.9073,55.6419,327.6994,
158514351500,142.0226,-0.0791,0.9182,-0.4370,19.2156,55.1991,327.8216,
158528126200,142.0362,-0.0782,0.9178,-0.4379,19.4955,54.7804,327.9995,
158541996900,142.0501,-0.0772,0.9173,-0.4390,19.7672,54.3612,328.2274,
158555901200,142.0641,-0.0774,0.9185,-0.4407,19.8229,54.1118,327.9703,
158570067200,142.0782,-0.0775,0.9197,-0.4429,19.8828,53.8596,327.7653,
158583989400,142.0921,-0.0786,0.9193,-0.4448,19.9891,53.6009,327.0546,
158597963300,142.1060,-0.0796,0.9189,-0.4468,20.1185,53.2774,326.2784,
158611678900,142.1199,-0.0807,0.9185,-0.4483,20.2488,53.0412,325.7984,
158625755900,142.1339,-0.0816,0.9182,-0.4498,20.3675,52.8189,325.4044,
158639790600,142.1479,-0.0823,0.9179,-0.4514,20.4786,52.6055,325.0678,
158653449000,142.1617,-0.0837,0.9170,-0.4527,20.5734,52.6481,325.0532,
158667815500,142.1758,-0.0850,0.9162,-0.4541,20.6462,52.6742,325.0444,
158681098800,142.1892,-0.0851,0.9167,-0.4554,20.7519,53.0497,325.0725,
158695134800,142.2034,-0.0852,0.9172,-0.4568,20.9095,53.5927,325.1206,
158708803500,142.2169,-0.0853,0.9175,-0.4583,21.0817,54.1711,325.1798,
158722865900,142.2309,-0.0855,0.9180,-0.4601,21.6835,55.0796,324.5223,
158736858000,142.2449,-0.0857,0.9185,-0.4619,22.2585,55.9227,323.9246,
158750574600,142.2588,-0.0859,0.9182,-0.4619,22.3139,56.3838,323.6781,
158765331400,142.2733,-0.0861,0.9181,-0.4620,22.3736,56.7580,323.4795,
158778493600,142.2865,-0.0864,0.9175,-0.4619,22.4023,57.0420,323.3575,
158791944300,142.3002,-0.0869,0.9166,-0.4619,22.4378,57.3078,323.2426,
158806227600,142.3143,-0.0875,0.9156,-0.4619,22.4805,57.5751,323.1266,
158820497600,142.3286,-0.0881,0.9150,-0.4618,22.5401,57.6989,323.1317,
158834330800,142.3425,-0.0887,0.9144,-0.4617,22.5956,57.8138,323.1324,
158848416000,142.3565,-0.0890,0.9135,-0.4615,22.6150,57.8539,323.2068,
158861883000,142.3700,-0.0893,0.9127,-0.4614,22.6440,57.9140,323.3106,
158875705100,142.3840,-0.0897,0.9116,-0.4613,22.8522,57.7783,323.9187,
158890044100,142.3980,-0.0902,0.9106,-0.4613,23.1346,57.6029,324.7183,
158903796700,142.4119,-0.0906,0.9096,-0.4613,23.4208,57.4341,325.5046,
158917705700,142.4258,-0.0906,0.9098,-0.4615,23.3882,57.4780,325.4189,
158931720500,142.4400,-0.0905,0.9101,-0.4619,23.3090,57.5887,325.2061,
158945918900,142.4539,-0.0905,0.9103,-0.4622,23.1862,57.7001,324.6880,
158959758300,142.4679,-0.0904,0.9105,-0.4625,23.0552,57.8229,324.1061,
158973588100,142.4818,-0.0904,0.9106,-0.4629,22.9382,57.9363,323.5580,
158987572200,142.4957,-0.0906,0.9107,-0.4636,22.9711,58.1866,322.7962,
159001729200,142.5097,-0.0909,0.9108,-0.4643,23.0086,58.4115,322.1006,
159015415000,142.5237,-0.0911,0.9112,-0.4650,22.8839,58.4976,321.9441,
159029612000,142.5377,-0.0914,0.9115,-0.4657,22.7952,58.5617,321.8227,
159043056900,142.5511,-0.0917,0.9119,-0.4664,22.7206,58.6178,321.7130,
159057012500,142.5650,-0.0916,0.9117,-0.4663,22.7009,58.6004,321.7844,
159071094000,142.5793,-0.0915,0.9114,-0.4662,22.6603,58.5647,321.9299,
159084857300,142.5929,-0.0915,0.9114,-0.4665,22.6219,58.6217,322.0750,
159098989200,142.6071,-0.0915,0.9112,-0.4672,22.5773,58.6914,322.2410,
159112738900,142.6209,-0.0916,0.9111,-0.4673,22.5604,58.7213,322.3899,
159126741500,142.6349,-0.0917,0.9110,-0.4673,22.5447,58.7523,322.5358,
159140888700,142.6490,-0.0918,0.9109,-0.4673,22.5302,58.7843,322.6791,
159154706900,142.6629,-0.0919,0.9110,-0.4675,22.5280,58.7866,322.6968,
159168782900,142.6768,-0.0920,0.9110,-0.4676,22.5262,58.7892,322.7136,
159182839600,142.6909,-0.0921,0.9110,-0.4675,22.5369,58.7759,322.7420,
159196653200,142.7048,-0.0922,0.9111,-0.4673,22.5492,58.7612,322.7707,
159210436600,142.7187,-0.0924,0.9112,-0.4674,22.5646,58.7779,322.7574,
159224365700,142.7324,-0.0925,0.9113,-0.4675,22.5815,58.7967,322.7401,
159238093000,142.7461,-0.0927,0.9115,-0.4676,22.5999,58.8176,322.7189,
159251805400,142.7601,-0.0932,0.9116,-0.4678,22.6090,58.8956,322.5294,
159266179900,142.7743,-0.0938,0.9116,-0.4679,22.6229,59.0238,322.2107,
159280136000,142.7881,-0.0948,0.9119,-0.4687,22.5155,59.2314,321.6058,
159293525900,142.8018,-0.0959,0.9122,-0.4695,22.4028,59.4471,320.9701,
159307666400,142.8158,-0.0969,0.9125,-0.4702,22.2965,59.6494,320.3683,
159321543900,142.8297,-0.0974,0.9122,-0.4712,22.3467,59.8846,320.2302,
159335821100,142.8440,-0.0977,0.9118,-0.4720,22.3849,60.0804,320.1027,
159349566600,142.8577,-0.0981,0.9120,-0.4725,22.3981,60.1632,320.0929,
159363182400,142.8713,-0.0985,0.9121,-0.4728,22.4069,60.2267,320.0806,
159377073500,142.8852,-0.0986,0.9120,-0.4729,22.4095,60.2394,320.1234,
159391141900,142.8993,-0.0987,0.9119,-0.4730,22.4118,60.2531,320.1687,
159405076400,142.9132,-0.0988,0.9118,-0.4731,22.4137,60.2679,320.2164,
159418943500,142.9270,-0.0989,0.9115,-0.4733,22.4362,60.3422,320.3396,
159433278800,142.9415,-0.0991,0.9111,-0.4735,22.4674,60.4490,320.5125,
159447436200,142.9554,-0.0993,0.9110,-0.4734,22.4885,60.5330,320.8581,
159461155400,142.9692,-0.0995,0.9107,-0.4733,22.5102,60.6260,321.2466,
159474367700,142.9826,-0.0998,0.9105,-0.4732,22.5301,60.7180,321.6370,
159488432400,142.9965,-0.0999,0.9104,-0.4733,22.5885,60.7336,321.8014,
159502472400,143.0105,-0.1000,0.9103,-0.4735,22.6364,60.7454,321.9363,
159516455300,143.0246,-0.1003,0.9107,-0.4738,22.7603,60.8358,322.0386,
159530494000,143.0388,-0.1007,0.9113,-0.4743,22.9022,60.9394,322.1536,
159544607200,143.0527,-0.1008,0.9113,-0.4743,23.0284,60.9508,322.1596,
159558210100,143.0662,-0.1009,0.9112,-0.4743,23.1610,60.9608,322.1622,
159571724700,143.0800,-0.1010,0.9112,-0.4743,23.3074,60.9699,322.1615,
159586356000,143.0945,-0.1011,0.9113,-0.4743,23.3860,61.0890,322.2902,
159600296400,143.1084,-0.1012,0.9115,-0.4743,23.4764,61.2300,322.4415,
159613852000,143.1220,-0.1012,0.9115,-0.4741,23.5090,61.2610,322.5854,
159627766000,143.1358,-0.1013,0.9115,-0.4740,23.5410,61.2917,322.7386,
159641825400,143.1499,-0.1013,0.9114,-0.4739,23.6248,61.3084,323.0280,
159655836100,143.1641,-0.1013,0.9114,-0.4739,23.7182,61.3238,323.3592,
159670118000,143.1781,-0.1013,0.9113,-0.4738,23.8117,61.3360,323.6998,
159683557000,143.1917,-0.1013,0.9113,-0.4740,23.8247,61.3555,323.7737,
159697272200,143.2054,-0.1013,0.9112,-0.4742,23.8317,61.3662,323.8172,
159710912300,143.2192,-0.1016,0.9112,-0.4748,23.8336,61.3719,323.8160,
159725318300,143.2334,-0.1020,0.9111,-0.4756,23.8351,61.3775,323.8133,
159739076000,143.2472,-0.1025,0.9110,-0.4766,23.8362,61.3829,323.8091,
159753682700,143.2619,-0.1029,0.9109,-0.4776,23.8198,61.4392,323.7960,
159767152600,143.2753,-0.1033,0.9107,-0.4785,23.7821,61.5638,323.7648,
159781179100,143.2892,-0.1040,0.9108,-0.4791,23.7832,61.8291,323.6501,
159794402800,143.3027,-0.1047,0.9108,-0.4797,23.7856,62.1465,323.5081,
159809134300,143.3172,-0.1053,0.9109,-0.4803,23.7892,62.4731,323.3574,
159823063300,143.3312,-0.1058,0.9109,-0.4801,23.7627,62.5796,323.3625,
159836623500,143.3447,-0.1063,0.9110,-0.4799,23.7442,62.6537,323.3649,
159850502700,143.3588,-0.1062,0.9110,-0.4796,23.6909,62.5890,324.1718,
159864094000,143.3722,-0.1061,0.9109,-0.4794,23.6034,62.4709,325.5446,
159878241300,143.3864,-0.1058,0.9107,-0.4795,23.6277,62.6226,326.1110,
159892068000,143.4003,-0.1055,0.9104,-0.4796,23.6463,62.7403,326.5751,
159905880000,143.4140,-0.1050,0.9099,-0.4798,23.6620,62.8403,326.9894,
159920119600,143.4282,-0.1049,0.9096,-0.4800,23.7694,62.8606,327.0494,
159933997000,143.4423,-0.1048,0.9094,-0.4802,23.8512,62.8763,327.1023,
159948166500,143.4562,-0.1044,0.9087,-0.4803,23.8788,62.8668,327.0805,
159961897200,143.4700,-0.1041,0.9079,-0.4805,23.9084,62.8562,327.0588,
159975624600,143.4839,-0.1038,0.9072,-0.4807,23.9401,62.8447,327.0373,
159989500800,143.4976,-0.1035,0.9060,-0.4809,23.9949,62.8920,326.9964,
160003749200,143.5118,-0.1032,0.9049,-0.4812,24.0875,62.9743,326.9304,
160017563200,143.5257,-0.1032,0.9045,-0.4817,24.1329,63.0474,326.6897,
160031346700,143.5396,-0.1031,0.9041,-0.4820,24.1826,63.1342,326.4044,
160045314600,143.5534,-0.1031,0.9042,-0.4821,24.2429,63.1910,326.0875,
160059226900,143.5673,-0.1031,0.9043,-0.4822,24.2983,63.2455,325.7778,
160073099300,143.5814,-0.1031,0.9044,-0.4822,24.3480,63.2965,325.4831,
160087058000,143.5952,-0.1029,0.9045,-0.4821,24.3345,63.2869,325.4896,
160101032700,143.6091,-0.1028,0.9046,-0.4820,24.3190,63.2762,325.4973,
160115117100,143.6233,-0.1025,0.9046,-0.4821,24.2776,63.2596,325.4812,
160129020600,143.6371,-0.1022,0.9047,-0.4822,24.2320,63.2417,325.4638,
160142925800,143.6510,-0.1020,0.9048,-0.4822,24.2112,63.2165,325.4402,
160156808000,143.6649,-0.1019,0.9049,-0.4822,24.1895,63.1893,325.4149,
160170726400,143.6789,-0.1017,0.9050,-0.4822,24.1670,63.1602,325.3879,
160184598500,143.6927,-0.1015,0.9050,-0.4820,24.1608,63.1139,325.3817,
160199085500,143.7072,-0.1013,0.9050,-0.4818,24.1542,63.0537,325.3746,
160212356000,143.7206,-0.1011,0.9050,-0.4817,24.1358,63.0428,325.3840,
160226832700,143.7349,-0.1009,0.9050,-0.4817,24.1168,63.0329,325.3954,
160240988600,143.7491,-0.1008,0.9050,-0.4817,24.0972,63.0241,325.4086,
160254272500,143.7625,-0.1008,0.9052,-0.4815,24.0983,62.9912,325.4196,
160268275600,143.7764,-0.1007,0.9053,-0.4814,24.1009,62.9571,325.4319,
160282336600,143.7903,-0.1006,0.9055,-0.4814,24.0734,62.9720,325.4140,
160296110100,143.8044,-0.1005,0.9058,-0.4815,24.0444,62.9905,325.3945,
160309976400,143.8181,-0.1005,0.9062,-0.4810,24.0385,62.9926,325.3745,
160323874600,143.8320,-0.1004,0.9067,-0.4805,24.0337,62.9960,325.3530,
160337807000,143.8458,-0.1004,0.9073,-0.4799,24.0297,63.0007,325.3300,
160351556200,143.8598,-0.1001,0.9066,-0.4792,24.0018,63.0089,325.4059,
160365703600,143.8738,-0.0998,0.9058,-0.4782,23.9303,63.0318,325.6088,
160379717200,143.8878,-0.0996,0.9058,-0.4785,23.8219,63.1071,325.7861,
160393529800,143.9017,-0.0995,0.9057,-0.4788,23.7023,63.1937,325.9851,
160407409300,143.9155,-0.0992,0.9056,-0.4794,23.5778,63.2871,326.1953,
160421732100,143.9299,-0.0992,0.9058,-0.4794,23.5736,63.2742,326.1900,
160435047100,143.9433,-0.0993,0.9059,-0.4795,23.5700,63.2605,326.1836,
160449392300,143.9574,-0.0993,0.9062,-0.4794,23.5887,63.2666,326.1860,
160463216600,143.9713,-0.0995,0.9067,-0.4794,23.6102,63.2739,326.1882,
160477029000,143.9852,-0.0996,0.9071,-0.4796,23.6023,63.2818,326.1789,
160490870900,143.9991,-0.0997,0.9076,-0.4798,23.5936,63.2906,326.1682,
160505427000,144.0134,-0.0999,0.9082,-0.4800,23.5842,63.3005,326.1564,
160518664000,144.0268,-0.1000,0.9082,-0.4800,23.6046,63.3156,326.1799,
160532688900,144.0410,-0.1001,0.9082,-0.4800,23.6272,63.3320,326.2057,
160546538300,144.0547,-0.1001,0.9082,-0.4800,23.6133,63.3564,326.2358,
160560724900,144.0688,-0.1000,0.9082,-0.4801,23.5976,63.3827,326.2681,
160574434100,144.0827,-0.1000,0.9082,-0.4801,23.5801,63.4108,326.3026,
160588823100,144.0969,-0.1000,0.9080,-0.4803,23.5759,63.4681,326.3211,
160602718600,144.1108,-0.1001,0.9076,-0.4805,23.5687,63.5674,326.3518,
160616714800,144.1248,-0.1002,0.9075,-0.4809,23.5791,63.7009,326.3519,
160630083200,144.1384,-0.1003,0.9074,-0.4814,23.5927,63.8645,326.3486,
160644482100,144.1526,-0.1004,0.9073,-0.4819,23.6086,64.0465,326.3414,
160658324000,144.1664,-0.1007,0.9075,-0.4824,23.5512,64.1724,326.2667,
160671930100,144.1801,-0.1010,0.9077,-0.4828,23.4899,64.3024,326.1838,
160685992700,144.1941,-0.1014,0.9084,-0.4832,23.4056,64.4480,326.0854,
160699835000,144.2080,-0.1018,0.9092,-0.4837,23.3169,64.5974,325.9789,
160713622000,144.2219,-0.1031,0.9115,-0.4844,23.2132,64.6788,325.9467,
160727713100,144.2358,-0.1043,0.9137,-0.4850,23.1164,64.7513,325.9161,
160741614200,144.2497,-0.1047,0.9144,-0.4854,23.1052,64.9345,325.9509,
160755472500,144.2637,-0.1051,0.9149,-0.4857,23.0947,65.1496,325.9933,
160769366500,144.2775,-0.1054,0.9154,-0.4860,23.0857,65.3877,326.0420,
160783819200,144.2919,-0.1059,0.9170,-0.4859,23.0293,65.6816,326.1892,
160797169300,144.3053,-0.1064,0.9188,-0.4858,22.9707,65.9910,326.3471,
160811027700,144.3193,-0.1062,0.9194,-0.4859,22.9262,66.1892,326.3826,
160825062000,144.3332,-0.1061,0.9200,-0.4859,22.8863,66.3702,326.4152,
160839558900,144.3476,-0.1060,0.9206,-0.4860,22.8485,66.5442,326.4466,
160852997200,144.3613,-0.1059,0.9203,-0.4859,22.8214,66.5504,326.4772,
160866881300,144.3750,-0.1058,0.9201,-0.4857,22.7948,66.5555,326.5076,
160880776800,144.3889,-0.1057,0.9199,-0.4857,22.7119,66.5375,326.5932,
160894885800,144.4031,-0.1056,0.9197,-0.4857,22.5804,66.5052,326.7292,
160908629400,144.4168,-0.1053,0.9181,-0.4858,22.2696,66.4443,327.2020,
160922485500,144.4306,-0.1049,0.9163,-0.4859,21.9233,66.3682,327.7341,
160936464900,144.4446,-0.1046,0.9146,-0.4861,21.5917,66.2875,328.2494,
160950265700,144.4585,-0.1048,0.9145,-0.4865,21.5024,66.3448,328.3579,
160964238300,144.4724,-0.1049,0.9145,-0.4867,21.4420,66.3810,328.4334,
160978186700,144.4863,-0.1050,0.9145,-0.4870,21.3923,66.4090,328.4966,
160992112900,144.5004,-0.1051,0.9143,-0.4871,21.3726,66.4374,328.5405,
161005924900,144.5140,-0.1051,0.9141,-0.4871,21.3531,66.4643,328.5841,
161020011200,144.5282,-0.1052,0.9142,-0.4872,21.3238,66.4788,328.5978,
161033827400,144.5421,-0.1053,0.9144,-0.4872,21.2921,66.4937,328.6125,
161047710800,144.5559,-0.1055,0.9145,-0.4874,21.2878,66.5250,328.6245,
161062079700,144.5702,-0.1059,0.9149,-0.4876,21.2841,66.5583,328.6371,
161075674500,144.5840,-0.1060,0.9148,-0.4876,21.3026,66.5853,328.6378,
161089579100,144.5977,-0.1061,0.9148,-0.4875,21.3239,66.6132,328.6378,
161103594200,144.6118,-0.1062,0.9148,-0.4875,21.3479,66.6420,328.6371,
161117602700,144.6257,-0.1065,0.9150,-0.4876,21.3694,66.6813,328.6080,
161131491800,144.6398,-0.1070,0.9154,-0.4876,21.4040,66.7412,328.5602,
161145847000,144.6539,-0.1077,0.9159,-0.4878,21.4491,66.8154,328.4973,
161159242600,144.6673,-0.1077,0.9155,-0.4875,21.4568,66.8133,328.4846,
161173066200,144.6813,-0.1079,0.9146,-0.4871,21.4650,66.8092,328.4708,
161187087900,144.6951,-0.1082,0.9144,-0.4871,21.4493,66.8168,328.4436,
161201312700,144.7094,-0.1084,0.9143,-0.4871,21.4319,66.8239,328.4142,
161214821100,144.7231,-0.1086,0.9145,-0.4871,21.3757,66.8843,328.3409,
161228914900,144.7370,-0.1089,0.9148,-0.4872,21.2864,66.9779,328.2261,
161242687300,144.7508,-0.1090,0.9149,-0.4872,21.2327,67.0167,327.9991,
161256605100,144.7647,-0.1091,0.9151,-0.4872,21.1749,67.0552,327.7477,
161270572000,144.7788,-0.1093,0.9152,-0.4873,21.1167,67.0910,327.4881,
161284874300,144.7929,-0.1092,0.9153,-0.4871,21.1054,67.0642,327.4027,
161298718300,144.8069,-0.1092,0.9155,-0.4870,21.0980,67.0437,327.3433,
161312205400,144.8205,-0.1092,0.9161,-0.4872,21.0771,67.0520,327.3296,
161326715800,144.8347,-0.1092,0.9171,-0.4876,21.0545,67.0606,327.3158,
161340275000,144.8483,-0.1092,0.9181,-0.4879,21.0302,67.0695,327.3021,
161353968900,144.8622,-0.1088,0.9182,-0.4876,21.0215,67.0555,327.2804,
161367967100,144.8761,-0.1084,0.9182,-0.4873,21.0128,67.0397,327.2581,
161381978600,144.8901,-0.1075,0.9186,-0.4867,21.0306,67.0196,327.2654,
161395856300,144.9041,-0.1066,0.9190,-0.4861,21.0510,66.9975,327.2751,
161409965000,144.9181,-0.1054,0.9185,-0.4853,21.0746,66.9610,327.2993,
161424133300,144.9323,-0.1043,0.9181,-0.4845,21.1239,66.8861,327.3515,
161437947700,144.9461,-0.1033,0.9177,-0.4838,21.1946,66.7806,327.4281,
161451837600,144.9601,-0.1022,0.9172,-0.4835,21.2933,66.6973,327.4945,
161465421600,144.9736,-0.1011,0.9168,-0.4832,21.3997,66.6097,327.5671,
161479331500,144.9874,-0.1008,0.9168,-0.4831,21.4025,66.5350,327.5422,
161492982500,145.0013,-0.1005,0.9168,-0.4831,21.4040,66.4687,327.5193,
161507104200,145.0151,-0.1003,0.9168,-0.4830,21.4045,66.3948,327.4928,
161520823700,145.0290,-0.0999,0.9168,-0.4829,21.3316,66.2216,327.4009,
161535178600,145.0435,-0.0995,0.9169,-0.4828,21.2312,65.9939,327.2780,
161548925700,145.0571,-0.0988,0.9164,-0.4824,21.1800,65.5537,327.2897,
161563044900,145.0711,-0.0979,0.9157,-0.4818,21.1224,65.0692,327.3062,
161576966300,145.0851,-0.0973,0.9154,-0.4818,21.1023,64.7469,327.4643,
161590373200,145.0986,-0.0967,0.9151,-0.4818,21.0839,64.4471,327.6171,
161604878300,145.1129,-0.0962,0.9147,-0.4817,21.0667,64.1651,327.7658,
161619011700,145.1271,-0.0958,0.9151,-0.4818,21.0699,63.9949,327.9414,
161633022100,145.1413,-0.0954,0.9155,-0.4818,21.0730,63.8351,328.1095,
161646462500,145.1546,-0.0948,0.9169,-0.4818,21.0880,63.8023,328.2246,
161660163700,145.1683,-0.0941,0.9183,-0.4819,21.1012,63.7740,328.3270,
161673965500,145.1822,-0.0934,0.9197,-0.4819,21.1143,63.7461,328.4301,
161688113200,145.1962,-0.0929,0.9202,-0.4812,21.1691,63.7115,328.4899,
161702005500,145.2102,-0.0925,0.9206,-0.4806,21.2282,63.6745,328.5544,
161715666200,145.2240,-0.0926,0.9209,-0.4807,21.2746,63.6908,328.6000,
161730254500,145.2383,-0.0926,0.9211,-0.4807,21.3225,63.7087,328.6472,
161744135800,145.2523,-0.0926,0.9211,-0.4806,21.3406,63.6651,328.7156,
161758067500,145.2662,-0.0925,0.9211,-0.4804,21.3623,63.6060,328.8059,
161771666600,145.2800,-0.0924,0.9211,-0.4803,21.3863,63.5338,328.9138,
161786029600,145.2941,-0.0924,0.9209,-0.4802,21.4025,63.4705,328.9206,
161799584400,145.3077,-0.0924,0.9208,-0.4801,21.4158,63.4135,328.9248,
161813588000,145.3218,-0.0922,0.9203,-0.4800,21.3279,63.1962,329.2399,
161827391100,145.3355,-0.0920,0.9194,-0.4798,21.2082,62.9147,329.6510,
161841499800,145.3495,-0.0917,0.9185,-0.4795,21.0807,62.6263,330.0746,
161855273500,145.3636,-0.0916,0.9183,-0.4799,21.0708,62.5875,330.2386,
161869896300,145.3780,-0.0915,0.9181,-0.4802,21.0602,62.5574,330.3640,
161883166100,145.3913,-0.0915,0.9181,-0.4803,21.0802,62.5795,330.3485,
161896931700,145.4050,-0.0916,0.9182,-0.4805,21.1013,62.6035,330.3320,
161910842400,145.4191,-0.0917,0.9183,-0.4807,21.1793,62.6766,330.2447,
161924971800,145.4331,-0.0918,0.9184,-0.4810,21.3352,62.8234,330.0685,
161938885600,145.4470,-0.0920,0.9186,-0.4814,21.5248,63.0021,329.8530,
161952820500,145.4610,-0.0920,0.9186,-0.4815,21.7847,63.1898,329.5987,
161967028900,145.4752,-0.0920,0.9185,-0.4815,22.0404,63.3733,329.3481,
161980713100,145.4888,-0.0920,0.9184,-0.4815,22.1259,63.3940,329.2886,
161994524400,145.5028,-0.0920,0.9182,-0.4815,22.1836,63.4075,329.2482,
162008645100,145.5167,-0.0920,0.9180,-0.4817,22.1780,63.4438,329.2529,
162022460700,145.5306,-0.0920,0.9179,-0.4818,22.1708,63.4837,329.2586,
162035994100,145.5443,-0.0920,0.9177,-0.4820,22.1623,63.5269,329.2653,
162050391900,145.5585,-0.0920,0.9175,-0.4820,22.1898,63.5238,329.2691,
162064373500,145.5725,-0.0919,0.9173,-0.4821,22.2195,63.5192,329.2734,
162078135800,145.5863,-0.0918,0.9169,-0.4820,22.2439,63.5172,329.3240,
162091989900,145.6003,-0.0917,0.9163,-0.4820,22.2882,63.5122,329.4203,
162105775700,145.6139,-0.0915,0.9158,-0.4819,22.3542,63.5027,329.5688,
162120098300,145.6281,-0.0915,0.9159,-0.4821,22.3554,63.5476,329.5743,
162133691100,145.6420,-0.0914,0.9160,-0.4824,22.3557,63.5961,329.5795,
162147860700,145.6560,-0.0914,0.9160,-0.4824,22.3575,63.5907,329.5500,
162161828500,145.6700,-0.0914,0.9161,-0.4824,22.3587,63.5831,329.5170,
162175336600,145.6836,-0.0914,0.9161,-0.4824,22.3592,63.5732,329.4804,
162189485600,145.6976,-0.0914,0.9161,-0.4826,22.3576,63.6096,329.4609,
162203624200,145.7118,-0.0915,0.9161,-0.4828,22.3548,63.6574,329.4350,
162217477400,145.7256,-0.0915,0.9161,-0.4829,22.3520,63.6767,329.4016,
162231203700,145.7395,-0.0916,0.9160,-0.4830,22.3484,63.6963,329.3653,
162245164200,145.7534,-0.0916,0.9160,-0.4832,22.3437,63.7169,329.3240,
162259249900,145.7675,-0.0917,0.9160,-0.4833,22.3281,63.7246,329.3037,
162272886200,145.7812,-0.0917,0.9159,-0.4835,22.3109,63.7315,329.2828,
162287177800,145.7953,-0.0918,0.9162,-0.4839,22.2544,63.7991,329.2289,
162300772400,145.8090,-0.0920,0.9168,-0.4845,22.1685,63.8994,329.1496,
162315085000,145.8234,-0.0919,0.9179,-0.4854,22.0936,64.0167,328.9487,
162328688700,145.8369,-0.0919,0.9190,-0.4863,22.0115,64.1442,328.7256,
162343040600,145.8511,-0.0919,0.9198,-0.4867,22.0019,64.2356,328.5499,
162357134700,145.8653,-0.0919,0.9204,-0.4870,21.9954,64.3182,328.3866,
162370767300,145.8791,-0.0919,0.9210,-0.4873,21.9913,64.3952,328.2307,
162384575700,145.8927,-0.0920,0.9211,-0.4873,21.9059,64.5205,328.0563,
162398435700,145.9066,-0.0921,0.9212,-0.4873,21.8176,64.6497,327.8755,
162412186000,145.9205,-0.0922,0.9215,-0.4875,21.7759,64.7347,327.8079,
162426260400,145.9344,-0.0924,0.9219,-0.4876,21.7412,64.8059,327.7520,
162440070200,145.9483,-0.0925,0.9224,-0.4878,21.7093,64.8715,327.7013,
162454392800,145.9626,-0.0925,0.9221,-0.4878,21.7213,64.8754,327.7022,
162467904700,145.9761,-0.0925,0.9219,-0.4877,21.7349,64.8789,327.7042,
162481937700,145.9901,-0.0926,0.9218,-0.4877,21.7032,64.8866,327.7324,
162495713000,146.0040,-0.0926,0.9218,-0.4877,21.6685,64.8942,327.7640,
162510202100,146.0183,-0.0925,0.9214,-0.4877,21.6671,64.9230,327.8061,
162523554900,146.0317,-0.0923,0.9207,-0.4876,21.6667,64.9542,327.8522,
162537362300,146.0455,-0.0920,0.9199,-0.4876,21.6673,65.0005,327.9218,
162551654500,146.0600,-0.0920,0.9199,-0.4877,21.6684,65.0380,328.0281,
162565595400,146.0737,-0.0921,0.9198,-0.4877,21.6714,65.0829,328.1603,
162579330900,146.0875,-0.0920,0.9197,-0.4878,21.7101,65.1453,328.2485,
162593258300,146.1016,-0.0919,0.9196,-0.4879,21.7529,65.2103,328.3397,
162607171700,146.1153,-0.0918,0.9194,-0.4880,21.8014,65.2803,328.4372,
162621254000,146.1293,-0.0920,0.9196,-0.4882,21.8238,65.3587,328.5050,
162634833200,146.1431,-0.0924,0.9199,-0.4887,21.8473,65.4382,328.5721,
162649582900,146.1577,-0.0927,0.9207,-0.4889,21.7954,65.4973,328.5956,
162663056400,146.1712,-0.0930,0.9217,-0.4890,21.7206,65.5781,328.6250,
162676916800,146.1850,-0.0932,0.9226,-0.4892,21.6965,65.6498,328.6746,
162690576700,146.1989,-0.0934,0.9233,-0.4895,21.6722,65.7219,328.7238,
162704709300,146.2129,-0.0937,0.9241,-0.4897,21.6470,65.7964,328.7740,
162718597900,146.2268,-0.0938,0.9244,-0.4898,21.5867,65.8640,328.8419,
162732320400,146.2405,-0.0940,0.9247,-0.4900,21.5178,65.9380,328.9171,
162746745900,146.2549,-0.0940,0.9247,-0.4901,21.3891,66.0499,329.0671,
162760269400,146.2684,-0.0941,0.9246,-0.4902,21.2401,66.1741,329.2377,
162774183300,146.2825,-0.0941,0.9245,-0.4903,21.0833,66.2996,329.4144,
162788054000,146.2962,-0.0946,0.9257,-0.4911,20.7346,66.5252,329.5132,
162802319300,146.3105,-0.0953,0.9273,-0.4922,20.3587,66.7616,329.6121,
162816147200,146.3245,-0.0955,0.9274,-0.4926,20.1445,66.9465,329.5960,
162830294000,146.3385,-0.0957,0.9275,-0.4929,19.9496,67.1120,329.5766,
162844147000,146.3522,-0.0966,0.9294,-0.4943,19.2435,67.8493,329.3329,
162858200200,146.3664,-0.0975,0.9314,-0.4958,18.5151,68.6106,329.0636,
162871741000,146.3801,-0.0984,0.9331,-0.4971,17.8658,69.2905,328.8081,
162885983800,146.3941,-0.0997,0.9358,-0.4983,15.8212,71.1755,328.6728,
162899908900,146.4080,-0.1008,0.9381,-0.4993,14.1549,72.7100,328.4898,
162913544000,146.4219,-0.1021,0.9421,-0.4990,13.6507,72.8584,328.5186,
162927750200,146.4359,-0.1032,0.9454,-0.4988,13.2390,73.0251,328.5191,
162941327600,146.4495,-0.1042,0.9482,-0.4988,12.8412,73.2145,328.5049,
162955429800,146.4637,-0.1051,0.9515,-0.4986,12.1721,73.1997,328.6977,
162969422500,146.4776,-0.1059,0.9543,-0.4985,11.4275,73.2343,328.8800,
162983444300,146.4916,-0.1060,0.9574,-0.4975,11.0119,73.2398,329.0213,
162997417600,146.5056,-0.1062,0.9602,-0.4968,10.5949,73.2760,329.1401,
163010810800,146.5191,-0.1059,0.9604,-0.4966,10.5761,73.2438,329.1715,
163025083400,146.5333,-0.1057,0.9607,-0.4965,10.5590,73.2336,329.1857,
163038910200,146.5471,-0.1055,0.9611,-0.4964,10.5353,73.2274,329.1992,
163052664000,146.5610,-0.1057,0.9635,-0.4961,10.4868,73.2330,329.2124,
163067504700,146.5756,-0.1060,0.9664,-0.4957,10.3968,73.2480,329.2334,
163080901700,146.5891,-0.1067,0.9695,-0.4959,10.3813,73.2480,329.2276,
163094668100,146.6030,-0.1073,0.9723,-0.4960,10.3620,73.2503,329.2203,
163108780400,146.6170,-0.1079,0.9748,-0.4961,10.3390,73.2548,329.2116,
163122657500,146.6307,-0.1097,0.9791,-0.4967,10.2454,73.3502,329.0563,
163136701800,146.6449,-0.1112,0.9830,-0.4971,10.0757,73.5262,328.7786,
163150311200,146.6586,-0.1113,0.9831,-0.4969,10.0142,73.6573,328.5466,
163164507200,146.6727,-0.1114,0.9834,-0.4968,9.9515,73.7919,328.3153,
163178671000,146.6868,-0.1115,0.9837,-0.4967,9.8877,73.9294,328.0845,
163192236900,146.7006,-0.1116,0.9834,-0.4967,9.8303,74.3713,327.8440,
163206228200,146.7144,-0.1116,0.9833,-0.4967,9.7697,74.8394,327.5891,
163220112500,146.7283,-0.1116,0.9831,-0.4968,9.4853,75.5269,327.0492,
163234005600,146.7422,-0.1117,0.9830,-0.4969,9.2208,76.1846,326.5338,
163248778500,146.7570,-0.1117,0.9829,-0.4970,8.9898,76.7747,326.0725,
163261721000,146.7699,-0.1112,0.9815,-0.4973,8.7881,77.3134,325.9715,
163275671300,146.7840,-0.1106,0.9800,-0.4976,8.6083,77.7964,325.8637,
163289475900,146.7976,-0.1097,0.9762,-0.4999,8.2866,78.1963,324.7668,
163303132700,146.8114,-0.1089,0.9731,-0.5018,7.9705,78.6269,323.6847,
163317507000,146.8257,-0.1095,0.9709,-0.5041,7.7004,79.9231,323.3887,
163331585900,146.8399,-0.1100,0.9693,-0.5059,7.4549,81.0841,323.0779,
163345657400,146.8538,-0.1104,0.9680,-0.5074,7.2361,82.1097,322.7668,
163359151000,146.8673,-0.1105,0.9680,-0.5082,6.9026,82.4584,322.9191,
163372919500,146.8813,-0.1106,0.9679,-0.5088,6.6187,82.7980,323.0056,
163386406100,146.8946,-0.1106,0.9681,-0.5089,6.4289,82.7936,323.2302,
163401063000,146.9092,-0.1106,0.9683,-0.5090,6.2222,82.8237,323.4442,
163414802800,146.9232,-0.1105,0.9687,-0.5091,5.9290,82.6621,323.7667,
163428652900,146.9369,-0.1104,0.9691,-0.5092,5.5984,82.5192,324.1013,
163442639100,146.9509,-0.1103,0.9696,-0.5093,5.2647,82.4087,324.4138,
163457054400,146.9651,-0.1103,0.9709,-0.5094,5.1219,82.2185,324.5574,
163470147900,146.9785,-0.1103,0.9722,-0.5095,4.9890,82.0700,324.6768,
163484407500,146.9926,-0.1103,0.9728,-0.5093,4.9746,81.9808,324.7714,
163498308500,147.0065,-0.1103,0.9733,-0.5092,4.9578,81.9115,324.8504,
163512185700,147.0205,-0.1099,0.9741,-0.5086,4.8679,81.6532,325.0804,
163526209600,147.0344,-0.1094,0.9750,-0.5080,4.7568,81.3619,325.3460,
163540388800,147.0486,-0.1091,0.9759,-0.5075,4.6386,81.0754,325.6129,
163554042900,147.0624,-0.1085,0.9774,-0.5068,4.3373,80.6804,325.9787,
163567695300,147.0758,-0.1079,0.9788,-0.5061,4.0387,80.3003,326.3363,
163582078300,147.0903,-0.1071,0.9804,-0.5052,3.9882,79.9739,326.7879,
163595693700,147.1040,-0.1064,0.9818,-0.5044,3.9359,79.6756,327.2046,
163609420000,147.1176,-0.1058,0.9831,-0.5036,3.8828,79.4011,327.5914,
163623498900,147.1316,-0.1053,0.9836,-0.5032,3.9090,79.1585,327.7359,
163636996500,147.1452,-0.1048,0.9841,-0.5028,3.9275,78.9410,327.8718,
163651046300,147.1594,-0.1040,0.9849,-0.5022,3.7645,78.6431,328.0925,
163665221300,147.1734,-0.1033,0.9858,-0.5016,3.5889,78.3230,328.3355,
163679198500,147.1873,-0.1032,0.9866,-0.5010,3.2957,78.0193,328.6579,
163692803000,147.2012,-0.1031,0.9873,-0.5005,3.0024,77.7119,328.9872,
163706893200,147.2151,-0.1030,0.9881,-0.5000,2.7188,77.4113,329.3119,
163720844800,147.2290,-0.1026,0.9903,-0.4991,2.4044,76.9670,329.5701,
163734912700,147.2432,-0.1023,0.9924,-0.4982,2.1004,76.5370,329.8295,
163748709700,147.2569,-0.1019,0.9944,-0.4974,1.8111,76.1266,330.0850,
163762880500,147.2711,-0.1016,0.9959,-0.4971,1.7156,75.8685,330.1122,
163776472300,147.2847,-0.1013,0.9973,-0.4968,1.6240,75.6361,330.1477,
163790454700,147.2987,-0.1010,0.9974,-0.4968,1.7476,75.4556,330.2540,
163804447700,147.3126,-0.1009,0.9974,-0.4968,1.8764,75.2467,330.3795,
163818340300,147.3265,-0.1008,0.9973,-0.4968,1.9928,75.1247,330.4042,
163832367300,147.3407,-0.1007,0.9973,-0.4968,2.1021,74.9993,330.4331,
163846272100,147.3544,-0.1005,0.9971,-0.4967,2.2165,74.8905,330.4238,
163860235600,147.3684,-0.1003,0.9970,-0.4966,2.3318,74.7734,330.4168,
163873870800,147.3822,-0.1001,0.9969,-0.4965,2.4501,74.6464,330.4120,
163888212100,147.3963,-0.0999,0.9969,-0.4964,2.5632,74.4845,330.4957,
163901940200,147.4101,-0.0998,0.9969,-0.4963,2.6831,74.3051,330.5901,
163915581900,147.4239,-0.0996,0.9969,-0.4963,2.7585,74.1898,330.6744,
163930118600,147.4383,-0.0994,0.9969,-0.4963,2.8279,74.0784,330.7572,
163943859800,147.4520,-0.0993,0.9969,-0.4962,2.8954,73.9655,330.8422,
163957680600,147.4658,-0.0990,0.9970,-0.4962,2.9403,73.8850,330.9644,
163971339700,147.4797,-0.0987,0.9972,-0.4960,2.9852,73.8007,331.0938,
163985327600,147.4935,-0.0985,0.9975,-0.4960,3.0229,73.7437,331.1689,
163999155400,147.5074,-0.0983,0.9979,-0.4959,3.0568,73.6906,331.2393,
164013091300,147.5214,-0.0983,0.9981,-0.4959,3.0695,73.6897,331.2814,
164026973500,147.5352,-0.0982,0.9982,-0.4959,3.0793,73.6898,331.3167,
164041116300,147.5493,-0.0982,0.9984,-0.4959,3.0889,73.6907,331.3535,
164054921000,147.5633,-0.0982,0.9985,-0.4959,3.0840,73.6828,331.3886,
164068994000,147.5771,-0.0982,0.9987,-0.4959,3.0776,73.6747,331.4253,
164082823800,147.5910,-0.0981,0.9988,-0.4960,3.0599,73.6797,331.4466,
164096617100,147.6048,-0.0980,0.9990,-0.4961,3.0399,73.6858,331.4677,
164110473900,147.6188,-0.0980,0.9990,-0.4962,3.0300,73.6864,331.4502,
164124859300,147.6330,-0.0980,0.9991,-0.4962,3.0193,73.6874,331.4286,
164138421700,147.6466,-0.0981,0.9991,-0.4963,3.0078,73.6888,331.4032,
164152269900,147.6606,-0.0979,0.9991,-0.4964,2.9985,73.6956,331.4181,
164166418000,147.6746,-0.0978,0.9990,-0.4966,2.9888,73.7032,331.4333,
164180252500,147.6884,-0.0978,0.9990,-0.4967,2.9891,73.7336,331.4408,
164194336800,147.7027,-0.0977,0.9991,-0.4968,2.9900,73.7670,331.4478,
164208129100,147.7163,-0.0977,0.9992,-0.4969,2.9914,73.8031,331.4544,
164222111000,147.7303,-0.0977,0.9993,-0.4971,2.9985,73.8297,331.4631,
164235990800,147.7442,-0.0977,0.9994,-0.4972,3.0065,73.8579,331.4716,
164249979800,147.7581,-0.0977,0.9995,-0.4974,3.0294,73.8609,331.4716,
164263865400,147.7720,-0.0977,0.9996,-0.4975,3.0545,73.8629,331.4708,
164277777800,147.7860,-0.0977,0.9997,-0.4975,3.0744,73.8755,331.4802,
164291617500,147.7999,-0.0977,0.9998,-0.4975,3.0956,73.8883,331.4899,
164305515200,147.8137,-0.0977,0.9998,-0.4975,3.1181,73.9013,331.4998,
164319705500,147.8278,-0.0977,0.9999,-0.4975,3.1360,73.9170,331.5106,
164333218500,147.8416,-0.0977,0.9999,-0.4975,3.1546,73.9332,331.5217,
164347472400,147.8556,-0.0977,0.9999,-0.4975,3.1788,73.9360,331.5482,
164361368700,147.8695,-0.0977,0.9998,-0.4975,3.2040,73.9379,331.5764,
164375259100,147.8836,-0.0978,0.9998,-0.4975,3.2304,73.9388,331.6063,
164389127300,147.8973,-0.0978,0.9998,-0.4974,3.2461,73.9457,331.6150,
164403099200,147.9112,-0.0978,0.9997,-0.4973,3.2618,73.9524,331.6232,
164416921700,147.9251,-0.0978,0.9997,-0.4974,3.2689,73.9871,331.5942,
164430792500,147.9391,-0.0978,0.9998,-0.4974,3.2752,74.0241,331.5615,
164444902600,147.9531,-0.0978,0.9996,-0.4974,3.2830,74.0528,331.5441,
164459218900,147.9672,-0.0979,0.9995,-0.4973,3.2904,74.0827,331.5251,
164472573700,147.9809,-0.0979,0.9993,-0.4973,3.2972,74.1137,331.5045,
164486442600,147.9946,-0.0979,0.9992,-0.4973,3.2925,74.1533,331.4799,
164500539400,148.0087,-0.0979,0.9991,-0.4973,3.2853,74.2014,331.4492,
164514458700,148.0228,-0.0978,0.9989,-0.4972,3.2908,74.2188,331.4551,
164528354800,148.0365,-0.0977,0.9986,-0.4972,3.2962,74.2356,331.4626,
164542212100,148.0504,-0.0975,0.9982,-0.4971,3.3015,74.2518,331.4716,
164556027000,148.0644,-0.0975,0.9982,-0.4971,3.2872,74.2924,331.4840,
164570145700,148.0783,-0.0976,0.9981,-0.4971,3.2711,74.3346,331.4981,
164584055900,148.0923,-0.0975,0.9981,-0.4971,3.2547,74.3441,331.4962,
164597839100,148.1060,-0.0975,0.9981,-0.4971,3.2368,74.3520,331.4942,
164611722700,148.1201,-0.0975,0.9981,-0.4970,3.2272,74.3648,331.4965,
164625984000,148.1342,-0.0975,0.9980,-0.4970,3.2172,74.3766,331.4990,
164639734100,148.1479,-0.0975,0.9980,-0.4970,3.2067,74.3876,331.5019,
164653532100,148.1619,-0.0975,0.9979,-0.4970,3.2144,74.4074,331.4704,
164667754400,148.1760,-0.0974,0.9978,-0.4969,3.2232,74.4273,331.4360,
164681669800,148.1897,-0.0974,0.9977,-0.4970,3.2151,74.4469,331.4237,
164695318900,148.2037,-0.0975,0.9977,-0.4970,3.2063,74.4665,331.4111,
164709428900,148.2176,-0.0974,0.9976,-0.4970,3.2107,74.4843,331.3944,
164723325100,148.2315,-0.0973,0.9975,-0.4971,3.2160,74.5021,331.3770,
164737431500,148.2456,-0.0972,0.9974,-0.4972,3.2221,74.5196,331.3590,
164751152500,148.2595,-0.0972,0.9975,-0.4973,3.2244,74.4989,331.3554,
164764974600,148.2731,-0.0971,0.9976,-0.4974,3.2270,74.4746,331.3527,
164779013600,148.2872,-0.0971,0.9977,-0.4975,3.2408,74.4641,331.3432,
164792926700,148.3012,-0.0971,0.9978,-0.4976,3.2560,74.4519,331.3337,
164807189800,148.3154,-0.0970,0.9979,-0.4976,3.2726,74.4380,331.3242,
164820892800,148.3291,-0.0970,0.9979,-0.4978,3.3125,74.4119,331.3258,
164834508900,148.3429,-0.0969,0.9978,-0.4979,3.3690,74.3746,331.3292,
164849011900,148.3571,-0.0968,0.9978,-0.4981,3.4548,74.3173,331.3357,
164862481500,148.3707,-0.0968,0.9978,-0.4980,3.4714,74.3131,331.3295,
164876379600,148.3846,-0.0969,0.9978,-0.4980,3.4734,74.3335,331.3240,
164890216000,148.3986,-0.0969,0.9978,-0.4979,3.4743,74.3565,331.3187,
164904299400,148.4125,-0.0970,0.9978,-0.4979,3.4741,74.3819,331.3134,
164918081300,148.4263,-0.0971,0.9978,-0.4978,3.4786,74.4250,331.3129,
164931944800,148.4403,-0.0971,0.9978,-0.4978,3.4827,74.4727,331.3129,
164945935100,148.4541,-0.0972,0.9979,-0.4977,3.4779,74.5566,331.3192,
164959873600,148.4680,-0.0973,0.9980,-0.4977,3.4698,74.6677,331.3286,
164973727200,148.4821,-0.0974,0.9981,-0.4977,3.4585,74.7987,331.3409,
164987545900,148.4957,-0.0974,0.9982,-0.4976,3.4620,74.8424,331.3624,
165001765700,148.5100,-0.0974,0.9983,-0.4975,3.4642,74.8748,331.3794,
165015613700,148.5239,-0.0975,0.9984,-0.4976,3.4559,74.9369,331.4000,
165029531700,148.5378,-0.0977,0.9985,-0.4976,3.4445,75.0135,331.4260,
165043571900,148.5518,-0.0977,0.9986,-0.4976,3.4522,75.0292,331.4406,
165057692000,148.5659,-0.0977,0.9986,-0.4975,3.4605,75.0437,331.4562,
165071000100,148.5793,-0.0977,0.9987,-0.4975,3.4694,75.0571,331.4726,
165085235300,148.5934,-0.0977,0.9986,-0.4975,3.4712,75.0627,331.4799,
165099090500,148.6073,-0.0977,0.9986,-0.4975,3.4729,75.0666,331.4871,
165112970400,148.6213,-0.0977,0.9985,-0.4976,3.4561,75.0793,331.4938,
165127086500,148.6352,-0.0976,0.9984,-0.4977,3.4373,75.0915,331.5004,
165141010100,148.6492,-0.0976,0.9983,-0.4978,3.4167,75.1031,331.5069,
165154648200,148.6630,-0.0976,0.9984,-0.4979,3.3866,75.1025,331.4776,
165168668100,148.6768,-0.0975,0.9984,-0.4980,3.3542,75.1003,331.4450,
165182817100,148.6909,-0.0975,0.9983,-0.4981,3.3342,75.1174,331.4366,
165196603500,148.7048,-0.0974,0.9982,-0.4982,3.3133,75.1351,331.4277,
165210305600,148.7186,-0.0974,0.9981,-0.4982,3.3101,75.1370,331.4317,
165224936400,148.7330,-0.0974,0.9979,-0.4983,3.3081,75.1377,331.4365,
165238433000,148.7466,-0.0973,0.9978,-0.4983,3.3071,75.1374,331.4423,
165252499300,148.7608,-0.0971,0.9977,-0.4984,3.2842,75.1360,331.4597,
165266193100,148.7744,-0.0970,0.9976,-0.4984,3.2602,75.1335,331.4791,
165280101000,148.7883,-0.0968,0.9975,-0.4983,3.2674,75.1114,331.4943,
165293634500,148.8019,-0.0965,0.9972,-0.4982,3.2767,75.0864,331.5106,
165308171600,148.8163,-0.0962,0.9969,-0.4981,3.2882,75.0588,331.5280,
165321846000,148.8300,-0.0960,0.9966,-0.4981,3.2830,75.0327,331.5345,
165335768100,148.8440,-0.0958,0.9963,-0.4981,3.2782,75.0044,331.5410,
165349934100,148.8581,-0.0955,0.9957,-0.4981,3.2906,74.9725,331.5432,
165363874800,148.8721,-0.0951,0.9950,-0.4982,3.3048,74.9384,331.5449,
165377693600,148.8859,-0.0947,0.9942,-0.4985,3.2989,74.9038,331.5450,
165391184400,148.8995,-0.0943,0.9934,-0.4989,3.2925,74.8674,331.5445,
165405582500,148.9137,-0.0939,0.9927,-0.4992,3.2856,74.8291,331.5436,
165419373600,148.9276,-0.0939,0.9925,-0.4994,3.3495,74.6672,331.5136,
165433169700,148.9415,-0.0939,0.9924,-0.4996,3.4423,74.4396,331.4688,
165447112800,148.9553,-0.0938,0.9925,-0.4996,3.4610,74.3061,331.4890,
165461456800,148.9696,-0.0937,0.9926,-0.4996,3.4781,74.1864,331.5079,
165475268800,148.9836,-0.0936,0.9927,-0.4997,3.4944,74.0591,331.5852,
165489026800,148.9972,-0.0935,0.9928,-0.4997,3.5123,73.9231,331.6719,
165502904300,149.0111,-0.0935,0.9929,-0.4998,3.5312,73.7816,331.7659,
165516941300,149.0250,-0.0935,0.9930,-0.4997,3.5137,73.7651,331.8148,
165530613700,149.0389,-0.0936,0.9931,-0.4996,3.5004,73.7550,331.8511,
165545033600,149.0532,-0.0936,0.9933,-0.4996,3.4873,73.7904,331.8794,
165558858100,149.0671,-0.0936,0.9935,-0.4995,3.4730,73.8312,331.9094,
165572360500,149.0806,-0.0936,0.9937,-0.4994,3.4466,73.9096,331.9634,
165586380600,149.0946,-0.0936,0.9938,-0.4993,3.4784,74.0143,332.0231,
165600434200,149.1086,-0.0936,0.9940,-0.4992,3.5201,74.1496,332.0964,
165614140300,149.1225,-0.0937,0.9941,-0.4992,3.5543,74.1580,332.0862,
165628282300,149.1364,-0.0937,0.9942,-0.4992,3.5919,74.1665,332.0735,
165642575700,149.1507,-0.0937,0.9943,-0.4992,3.6334,74.1752,332.0580,
165655934200,149.1643,-0.0936,0.9943,-0.4993,3.6948,74.2029,332.0036,
165670308800,149.1785,-0.0935,0.9942,-0.4994,3.7798,74.2404,331.9252,
165684380500,149.1925,-0.0935,0.9942,-0.4995,3.7951,74.2266,331.8471,
165697754900,149.2059,-0.0936,0.9942,-0.4997,3.8103,74.2090,331.7564,
165711438100,149.2198,-0.0935,0.9942,-0.4999,3.8064,74.2000,331.7277,
165725859600,149.2340,-0.0934,0.9943,-0.5000,3.8009,74.1897,331.6974,
165739599000,149.2477,-0.0934,0.9943,-0.5001,3.7937,74.1781,331.6655,
165753715500,149.2620,-0.0934,0.9942,-0.5002,3.8052,74.1581,331.6610,
165767382000,149.2755,-0.0934,0.9940,-0.5004,3.8171,74.1362,331.6576,
165781295000,149.2895,-0.0935,0.9941,-0.5005,3.8044,74.1355,331.6608,
165794987000,149.3032,-0.0935,0.9942,-0.5007,3.7896,74.1354,331.6656,
165809094900,149.3173,-0.0936,0.9943,-0.5008,3.7789,74.1437,331.6704,
165822876600,149.3311,-0.0937,0.9944,-0.5008,3.7668,74.1533,331.6766,
165836886400,149.3451,-0.0938,0.9945,-0.5009,3.7534,74.1641,331.6841,
165850678100,149.3589,-0.0938,0.9945,-0.5010,3.7402,74.1885,331.6978,
165864568900,149.3727,-0.0938,0.9945,-0.5010,3.7260,74.2153,331.7130,
165878718000,149.3869,-0.0939,0.9945,-0.5011,3.7108,74.2443,331.7299,
165892469400,149.4008,-0.0940,0.9946,-0.5011,3.6839,74.3208,331.7129,
165906697000,149.4148,-0.0942,0.9946,-0.5012,3.6391,74.4503,331.6836,
165920608900,149.4288,-0.0942,0.9945,-0.5012,3.6358,74.4667,331.6886,
165934317000,149.4426,-0.0943,0.9943,-0.5012,3.6330,74.4831,331.6943,
165948432600,149.4566,-0.0943,0.9941,-0.5013,3.6094,74.5171,331.7058,
165962526300,149.4706,-0.0944,0.9937,-0.5015,3.5825,74.5553,331.7193,
165976171900,149.4845,-0.0945,0.9932,-0.5017,3.5445,74.6082,331.7386,
165990523300,149.4987,-0.0948,0.9927,-0.5018,3.4417,74.7097,331.7917,
166004393500,149.5126,-0.0950,0.9923,-0.5020,3.3136,74.8334,331.8580,
166017998400,149.5261,-0.0954,0.9916,-0.5021,3.1330,74.9579,331.9476,
166031653600,149.5400,-0.0959,0.9909,-0.5023,2.9417,75.0857,332.0424,
166045889500,149.5541,-0.0960,0.9906,-0.5024,2.8305,75.1812,332.0489,
166059746000,149.5679,-0.0960,0.9903,-0.5024,2.7321,75.2645,332.0531,
166073659500,149.5819,-0.0961,0.9901,-0.5025,2.6388,75.3422,332.0558,
166087710000,149.5959,-0.0962,0.9900,-0.5026,2.6238,75.3500,332.0566,
166101808200,149.6099,-0.0963,0.9900,-0.5026,2.6087,75.3571,332.0570,
166115279400,149.6236,-0.0964,0.9900,-0.5026,2.6027,75.3692,332.0433,
166129295900,149.6374,-0.0965,0.9900,-0.5027,2.5974,75.3813,332.0280,
166143243600,149.6514,-0.0965,0.9900,-0.5027,2.6006,75.3777,332.0155,
166157052700,149.6652,-0.0966,0.9900,-0.5027,2.6053,75.3723,332.0019,
166170926200,149.6793,-0.0966,0.9901,-0.5027,2.6116,75.3654,331.9872,
166184979400,149.6931,-0.0966,0.9900,-0.5028,2.5989,75.3687,331.9797,
166199028900,149.7072,-0.0966,0.9899,-0.5028,2.5858,75.3715,331.9719,
166212818300,149.7211,-0.0967,0.9898,-0.5028,2.5722,75.3740,331.9640,
166226859300,149.7350,-0.0967,0.9897,-0.5029,2.5439,75.3667,331.9427,
166241025600,149.7491,-0.0968,0.9895,-0.5030,2.5140,75.3582,331.9202,
166254738400,149.7631,-0.0968,0.9895,-0.5029,2.4795,75.3538,331.9070,
166268802600,149.7769,-0.0967,0.9894,-0.5029,2.4432,75.3488,331.8937,
166282529100,149.7907,-0.0967,0.9893,-0.5030,2.4282,75.3577,331.8642,
166296490400,149.8046,-0.0967,0.9891,-0.5031,2.4137,75.3673,331.8329,
166310085100,149.8184,-0.0966,0.9891,-0.5030,2.3963,75.3674,331.8044,
166324319500,149.8324,-0.0965,0.9890,-0.5030,2.3790,75.3672,331.7746,
166338496500,149.8467,-0.0964,0.9889,-0.5030,2.3618,75.3667,331.7437,
166352038800,149.8603,-0.0965,0.9888,-0.5030,2.3448,75.3871,331.7319,
166366145500,149.8743,-0.0965,0.9886,-0.5031,2.3280,75.4091,331.7209,
166379994900,149.8881,-0.0966,0.9886,-0.5031,2.3016,75.4283,331.7181,
166393692900,149.9020,-0.0966,0.9886,-0.5031,2.2744,75.4488,331.7168,
166407725000,149.9159,-0.0967,0.9885,-0.5031,2.2115,75.5231,331.6704,
166421561400,149.9298,-0.0968,0.9885,-0.5031,2.1181,75.6371,331.6006,
166435667000,149.9440,-0.0968,0.9884,-0.5031,2.0096,75.7737,331.5186,
166449873900,149.9581,-0.0969,0.9885,-0.5032,1.8939,75.8482,331.4247,
166463737000,149.9719,-0.0969,0.9885,-0.5032,1.7807,75.9211,331.3318,
166477463300,149.9857,-0.0969,0.9885,-0.5033,1.7200,75.9621,331.2966,
166491409100,149.9998,-0.0969,0.9885,-0.5033,1.6713,75.9950,331.2688,
166505847300,150.0140,-0.0969,0.9885,-0.5033,1.6281,76.0243,331.2444,
166519410500,150.0275,-0.0970,0.9886,-0.5035,1.6200,76.0353,331.2394,
166533160300,150.0415,-0.0971,0.9887,-0.5036,1.6128,76.0461,331.2352,
166547286500,150.0555,-0.0971,0.9887,-0.5037,1.6184,76.0253,331.2468,
166561046800,150.0692,-0.0971,0.9887,-0.5038,1.6260,76.0014,331.2605,
166575278300,150.0835,-0.0971,0.9887,-0.5039,1.6357,75.9742,331.2765,
166589208800,150.0974,-0.0972,0.9888,-0.5040,1.6371,75.9497,331.2855,
166603061400,150.1113,-0.0972,0.9889,-0.5042,1.6396,75.9229,331.2957,
166616957900,150.1252,-0.0972,0.9890,-0.5043,1.6403,75.8845,331.3016,
166630698400,150.1390,-0.0972,0.9892,-0.5044,1.6416,75.8429,331.3081,
166644795100,150.1530,-0.0972,0.9894,-0.5045,1.6328,75.8222,331.3310,
166658663500,150.1669,-0.0972,0.9895,-0.5046,1.6235,75.8009,331.3560,
166672451400,150.1808,-0.0972,0.9897,-0.5047,1.6138,75.7791,331.3831,
166686421700,150.1946,-0.0971,0.9899,-0.5047,1.6127,75.7628,331.3932,
166700566200,150.2088,-0.0970,0.9902,-0.5047,1.6119,75.7465,331.4034,
166714273000,150.2227,-0.0967,0.9903,-0.5050,1.5879,75.7406,331.4200,
166728122900,150.2364,-0.0963,0.9905,-0.5053,1.5620,75.7358,331.4374,
166742560500,150.2508,-0.0959,0.9906,-0.5056,1.5343,75.7319,331.4556,
166757605700,150.2658,-0.0956,0.9907,-0.5057,1.5095,75.7179,331.4537,
166770946200,150.2793,-0.0952,0.9908,-0.5059,1.4548,75.6896,331.4457,
166784854900,150.2931,-0.0952,0.9908,-0.5059,1.4296,75.6843,331.4400,
166798683200,150.3068,-0.0949,0.9909,-0.5060,1.3840,75.6755,331.4286,
166812098000,150.3205,-0.0948,0.9911,-0.5061,1.3199,75.6816,331.3956,
166826126000,150.3344,-0.0946,0.9914,-0.5062,1.2340,75.6924,331.3487,
166840457600,150.3487,-0.0944,0.9918,-0.5063,1.1318,75.7081,331.2903,
166853025200,150.3614,-0.0943,0.9919,-0.5063,1.1409,75.7011,331.2797,
166867052900,150.3753,-0.0942,0.9920,-0.5064,1.1530,75.6942,331.2684,
166880930600,150.3892,-0.0941,0.9922,-0.5063,1.1274,75.7171,331.2349,
166894648800,150.4030,-0.0940,0.9924,-0.5063,1.0962,75.7472,331.1926,
166908629900,150.4168,-0.0938,0.9926,-0.5062,1.0459,75.7992,331.1221,
166922602000,150.4309,-0.0933,0.9929,-0.5061,0.8060,76.0214,330.7624,
166936407000,150.4447,-0.0927,0.9933,-0.5059,0.5250,76.2924,330.3311,
166950294400,150.4587,-0.0920,0.9941,-0.5060,0.1963,76.4153,330.0079,
166964388600,150.4726,-0.0913,0.9950,-0.5060,359.8982,76.5313,329.7116,
166978147200,150.4864,-0.0902,0.9962,-0.5060,359.6229,76.6648,329.2827,
166992116100,150.5005,-0.0892,0.9972,-0.5060,359.3615,76.7961,328.8706,
167006170100,150.5144,-0.0882,0.9982,-0.5061,359.1179,76.9228,328.4821,
167020109800,150.5283,-0.0873,0.9998,-0.5063,358.9567,76.9084,328.3026,
167033718000,150.5421,-0.0864,1.0014,-0.5065,358.8161,76.8993,328.1431,
167047429700,150.5557,-0.0853,1.0042,-0.5064,358.6718,76.8525,328.0509,
167061367700,150.5696,-0.0843,1.0066,-0.5063,358.5257,76.8077,327.9553,
167075103500,150.5834,-0.0837,1.0085,-0.5062,358.5097,76.7580,327.9570,
167089219100,150.5975,-0.0831,1.0100,-0.5061,358.4973,76.7192,327.9580,
167103607500,150.6118,-0.0826,1.0114,-0.5060,358.4827,76.6729,327.9588,
167117488500,150.6257,-0.0818,1.0127,-0.5056,358.4534,76.5543,327.9765,
167131362900,150.6397,-0.0810,1.0140,-0.5053,358.4148,76.3962,327.9999,
167145346600,150.6536,-0.0802,1.0153,-0.5049,358.3710,76.2148,328.0266,
167159221200,150.6674,-0.0800,1.0156,-0.5045,358.3489,76.0124,328.1413,
167173260200,150.6816,-0.0798,1.0159,-0.5042,358.3268,75.7972,328.2647,
167187253600,150.6954,-0.0797,1.0158,-0.5041,358.2971,75.7385,328.3178,
167200841500,150.7091,-0.0797,1.0158,-0.5039,358.2752,75.6959,328.3576,
167214843100,150.7232,-0.0797,1.0161,-0.5033,358.3105,75.5979,328.4266,
167228789400,150.7370,-0.0796,1.0165,-0.5024,358.3571,75.4768,328.5125,
167242815000,150.7510,-0.0798,1.0169,-0.5013,358.4378,75.2777,328.5657,
167256788400,150.7650,-0.0799,1.0174,-0.5001,358.5316,75.0543,328.6224,
167270573700,150.7790,-0.0800,1.0179,-0.4990,358.6327,74.8210,328.6790,
167284242700,150.7925,-0.0799,1.0176,-0.4980,358.7762,74.6536,328.7631,
167298233800,150.8064,-0.0799,1.0173,-0.4969,358.9200,74.4908,328.8439,
167312317600,150.8207,-0.0791,1.0167,-0.4955,358.9767,74.3116,328.7878,
167326259100,150.8345,-0.0783,1.0163,-0.4941,359.0345,74.1291,328.7267,
167340125600,150.8483,-0.0776,1.0159,-0.4927,359.0948,73.9389,328.6592,
167353903500,150.8622,-0.0764,1.0155,-0.4909,359.0146,73.6850,328.6335,
167368146700,150.8764,-0.0752,1.0153,-0.4892,358.9250,73.4077,328.6033,
167381901100,150.8902,-0.0744,1.0154,-0.4883,358.8937,72.9592,328.5065,
167396116100,150.9045,-0.0736,1.0155,-0.4876,358.8603,72.4962,328.4037,
167409737300,150.9179,-0.0717,1.0153,-0.4871,359.1906,71.8587,328.3107,
167423664400,150.9319,-0.0697,1.0151,-0.4865,359.5202,71.2241,328.2120,
167437452700,150.9457,-0.0679,1.0150,-0.4859,359.8285,70.6319,328.1143,
167451301500,150.9597,-0.0656,1.0157,-0.4856,0.6318,69.5965,327.4113,
167465502800,150.9737,-0.0634,1.0163,-0.4852,1.3609,68.6272,326.7567,
167479386200,150.9876,-0.0618,1.0168,-0.4849,1.6338,67.8935,326.5052,
167493217700,151.0016,-0.0604,1.0172,-0.4845,1.8771,67.2647,326.2792,
167507145300,151.0154,-0.0590,1.0175,-0.4842,2.1072,66.6870,326.0637,
167521181900,151.0293,-0.0584,1.0148,-0.4814,2.1975,64.4869,324.8959,
167534873200,151.0432,-0.0576,1.0120,-0.4785,2.2795,62.5196,323.8553,
167548969800,151.0572,-0.0576,1.0118,-0.4776,2.2168,62.7414,323.9835,
167562861700,151.0711,-0.0575,1.0116,-0.4769,2.2022,62.7887,324.0118,
167576798500,151.0850,-0.0577,1.0114,-0.4744,2.1070,63.1163,324.0503,
167590528500,151.0989,-0.0577,1.0111,-0.4719,1.9316,63.7027,324.0930,
167604251300,151.1125,-0.0577,1.0108,-0.4695,1.7546,64.2773,324.1064,
167619123400,151.1273,-0.0591,1.0105,-0.4661,1.5550,65.3432,324.1819,
167632596700,151.1409,-0.0602,1.0101,-0.4630,1.3836,66.2588,324.2170,
167646347800,151.1546,-0.0605,1.0096,-0.4633,1.3600,67.2878,323.9858,
167660252600,151.1685,-0.0607,1.0093,-0.4634,1.3473,68.1471,323.7675,
167673971700,151.1824,-0.0608,1.0090,-0.4633,1.3425,68.8647,323.5648,
167688224500,151.1964,-0.0614,1.0081,-0.4637,1.4118,69.3166,323.1537,
167702083600,151.2103,-0.0621,1.0070,-0.4640,1.4769,69.7329,322.7773,
167715925000,151.2243,-0.0627,1.0062,-0.4639,1.6195,70.1217,322.4983,
167730028200,151.2383,-0.0633,1.0055,-0.4637,1.7548,70.4997,322.2249,
167743876600,151.2521,-0.0634,1.0053,-0.4636,2.1339,70.8698,322.0670,
167757765800,151.2660,-0.0634,1.0052,-0.4636,2.5114,71.2527,321.8980,
167772024600,151.2804,-0.0635,1.0050,-0.4635,2.8815,71.6401,321.7227,
167785779000,151.2940,-0.0636,1.0049,-0.4635,3.1286,71.7886,321.5623,
167799814700,151.3079,-0.0637,1.0047,-0.4634,3.3579,71.9378,321.4089,
167813337400,151.3217,-0.0638,1.0048,-0.4636,4.3363,72.0136,320.7855,
167827426100,151.3356,-0.0638,1.0050,-0.4637,5.3581,72.1047,320.1286,
167841180500,151.3495,-2.4270,0.0574,-0.4420,0.0000,90.0000,0.0000,
167855136800,151.3636,-2.4270,0.0574,-0.4420,0.0000,90.0000,0.0000,
167869092100,151.3775,-2.4270,0.0574,-0.4420,0.0000,90.0000,0.0000,
167883093400,151.3915,-2.4270,0.0574,-0.4420,0.0000,90.0000,0.0000,
167897573500,151.4059,-2.4270,0.0574,-0.4420,0.0000,90.0000,0.0000,
167911145600,151.4196,-2.4270,0.0574,-0.4420,0.0000,90.0000,0.0000,
167924997600,151.4333,-2.4270,0.0574,-0.4420,0.0000,90.0000,0.0000,
167938866100,151.4473,-2.4270,0.0574,-0.4420,0.0000,90.0000,0.0000,
167952509700,151.4610,-2.4270,0.0574,-0.4420,0.0000,90.0000,0.0000,
167966559200,151.4749,-2.4270,0.0574,-0.4420,0.0000,90.0000,0.0000,
167980467700,151.4889,-2.4270,0.0574,-0.4420,0.0000,90.0000,0.0000,
167994265900,151.5028,-2.4270,0.0574,-0.4420,0.0000,90.0000,0.0000,
168008341300,151.5167,-2.4270,0.0574,-0.4420,0.0000,90.0000,0.0000,
168022264200,151.5306,-2.4270,0.0574,-0.4420,0.0000,90.0000,0.0000,
168035858300,151.5444,-2.4270,0.0574,-0.4420,0.0000,90.0000,0.0000,
168049871200,151.5582,-2.4270,0.0574,-0.4420,0.0000,90.0000,0.0000,
168064083300,151.5724,-2.4270,0.0574,-0.4420,0.0000,90.0000,0.0000,
168078225900,151.5865,-2.4270,0.0574,-0.4420,0.0000,90.0000,0.0000,
168091861200,151.6004,-2.4270,0.0574,-0.4420,0.0000,90.0000,0.0000,
168105855500,151.6142,-2.4270,0.0574,-0.4420,0.0000,90.0000,0.0000,
168119788500,151.6282,-2.4270,0.0574,-0.4420,0.0000,90.0000,0.0000,
168133673500,151.6421,-2.4270,0.0574,-0.4420,0.0000,90.0000,0.0000,
168147689000,151.6561,-2.4270,0.0574,-0.4420,0.0000,90.0000,0.0000,
168161542400,151.6699,-2.4270,0.0574,-0.4420,0.0000,90.0000,0.0000,
168175457900,151.6840,-2.4270,0.0574,-0.4420,0.0000,90.0000,0.0000,
168189505100,151.6978,-2.4270,0.0574,-0.4420,0.0000,90.0000,0.0000,
168203276700,151.7117,-2.4270,0.0574,-0.4420,0.0000,90.0000,0.0000,
168216963100,151.7254,-2.4270,0.0574,-0.4420,0.0000,90.0000,0.0000,
168231051300,151.7396,-2.4270,0.0574,-0.4420,0.0000,90.0000,0.0000,
168245532200,151.7538,-2.4270,0.0574,-0.4420,0.0000,90.0000,0.0000,
168259164000,151.7675,-2.4270,0.0574,-0.4420,0.0000,90.0000,0.0000,
168272836900,151.7814,-2.4270,0.0574,-0.4420,0.0000,90.0000,0.0000,
168287064900,151.7955,-2.4270,0.0574,-0.4420,0.0000,90.0000,0.0000,
168300949300,151.8092,-2.4270,0.0574,-0.4420,0.0000,90.0000,0.0000,
168314612200,151.8231,-2.4270,0.0574,-0.4420,0.0000,90.0000,0.0000,
168328617300,151.8370,-2.4270,0.0574,-0.4420,0.0000,90.0000,0.0000,
168342742300,151.8512,-2.4270,0.0574,-0.4420,0.0000,90.0000,0.0000,
168356529700,151.8648,-2.4270,0.0574,-0.4420,0.0000,90.0000,0.0000,
168370303100,151.8788,-2.4270,0.0574,-0.4420,0.0000,90.0000,0.0000,
168384358700,151.8927,-2.4270,0.0574,-0.4420,0.0000,90.0000,0.0000,
168398258900,151.9067,-2.4270,0.0574,-0.4420,0.0000,90.0000,0.0000,
168412174800,151.9206,-2.4270,0.0574,-0.4420,0.0000,90.0000,0.0000,
168426089000,151.9345,-2.4270,0.0574,-0.4420,0.0000,90.0000,0.0000,
168440061100,151.9485,-2.4270,0.0574,-0.4420,0.0000,90.0000,0.0000,
168453739800,151.9623,-2.4270,0.0574,-0.4420,0.0000,90.0000,0.0000,
168467890900,151.9762,-2.4270,0.0574,-0.4420,0.0000,90.0000,0.0000,
168481771700,151.9901,-2.4270,0.0574,-0.4420,0.0000,90.0000,0.0000,
168495633000,152.0042,-2.4270,0.0574,-0.4420,0.0000,90.0000,0.0000,
168509820800,152.0182,-2.4270,0.0574,-0.4420,0.0000,90.0000,0.0000,
168523627800,152.0320,-2.4270,0.0574,-0.4420,0.0000,90.0000,0.0000,
168537472400,152.0459,-2.4270,0.0574,-0.4420,0.0000,90.0000,0.0000,
168551207900,152.0598,-2.4270,0.0574,-0.4420,0.0000,90.0000,0.0000,
168565290100,152.0737,-2.4270,0.0574,-0.4420,0.0000,90.0000,0.0000,
168579320000,152.0877,-2.4270,0.0574,-0.4420,0.0000,90.0000,0.0000,
168593064200,152.1016,-2.4270,0.0574,-0.4420,0.0000,90.0000,0.0000,
168607294200,152.1157,-2.4270,0.0574,-0.4420,0.0000,90.0000,0.0000,
168621001500,152.1294,-2.4270,0.0574,-0.4420,0.0000,90.0000,0.0000,
168635060800,152.1435,-2.4270,0.0574,-0.4420,0.0000,90.0000,0.0000,
168649160200,152.1576,-2.4270,0.0574,-0.4420,0.0000,90.0000,0.0000,
168662739800,152.1712,-2.4270,0.0574,-0.4420,0.0000,90.0000,0.0000,
168676748000,152.1852,-2.4270,0.0574,-0.4420,0.0000,90.0000,0.0000,
168690622000,152.1991,-2.4270,0.0574,-0.4420,0.0000,90.0000,0.0000,
168704588400,152.2130,-2.4270,0.0574,-0.4420,0.0000,90.0000,0.0000,
168719104600,152.2275,-2.4270,0.0574,-0.4420,0.0000,90.0000,0.0000,
168732349600,152.2409,-2.4270,0.0574,-0.4420,0.0000,90.0000,0.0000,
168746411300,152.2548,-2.4270,0.0574,-0.4420,0.0000,90.0000,0.0000,
168760281900,152.2686,-2.4270,0.0574,-0.4420,0.0000,90.0000,0.0000,
168773968100,152.2825,-2.4270,0.0574,-0.4420,0.0000,90.0000,0.0000,
168788191100,152.2966,-2.4270,0.0574,-0.4420,0.0000,90.0000,0.0000,
168802230900,152.3105,-2.4270,0.0574,-0.4420,0.0000,90.0000,0.0000,
168815900200,152.3244,-2.4270,0.0574,-0.4420,0.0000,90.0000,0.0000,
168829957300,152.3383,-2.4270,0.0574,-0.4420,0.0000,90.0000,0.0000,
168843867000,152.3523,-2.4270,0.0574,-0.4420,0.0000,90.0000,0.0000,
168857917200,152.3663,-2.4270,0.0574,-0.4420,0.0000,90.0000,0.0000,
168871538500,152.3801,-2.4270,0.0574,-0.4420,0.0000,90.0000,0.0000,
168885859100,152.3942,-2.4270,0.0574,-0.4420,0.0000,90.0000,0.0000,
168899525600,152.4079,-2.4270,0.0574,-0.4420,0.0000,90.0000,0.0000,
168913503900,152.4220,-2.4270,0.0574,-0.4420,0.0000,90.0000,0.0000,
168927011900,152.4354,-2.4270,0.0574,-0.4420,0.0000,90.0000,0.0000,
168941096300,152.4495,-2.4270,0.0574,-0.4420,0.0000,90.0000,0.0000,
168955400100,152.4639,-2.4270,0.0574,-0.4420,0.0000,90.0000,0.0000,
168969250700,152.4776,-2.4270,0.0574,-0.4420,0.0000,90.0000,0.0000,
168983050000,152.4915,-2.4270,0.0574,-0.4420,0.0000,90.0000,0.0000,
168996941500,152.5054,-2.4270,0.0574,-0.4420,0.0000,90.0000,0.0000,
169011507100,152.5200,-2.4270,0.0574,-0.4420,0.0000,90.0000,0.0000,
169024860500,152.5332,-2.4270,0.0574,-0.4420,0.0000,90.0000,0.0000,
169038878200,152.5473,-2.4270,0.0574,-0.4420,0.0000,90.0000,0.0000,
169052525300,152.5611,-2.4270,0.0574,-0.4420,0.0000,90.0000,0.0000,
169066597400,152.5750,-2.4270,0.0574,-0.4420,0.0000,90.0000,0.0000,
169080581000,152.5889,-2.4270,0.0574,-0.4420,0.0000,90.0000,0.0000,
169094570500,152.6031,-2.4270,0.0574,-0.4420,0.0000,90.0000,0.0000,
169108467900,152.6168,-2.4270,0.0574,-0.4420,0.0000,90.0000,0.0000,
169122426500,152.6307,-2.4270,0.0574,-0.4420,0.0000,90.0000,0.0000,
169136571100,152.6449,-2.4270,0.0574,-0.4420,0.0000,90.0000,0.0000,
169150079100,152.6586,-2.4270,0.0574,-0.4420,0.0000,90.0000,0.0000,
169164105300,152.6725,-2.4270,0.0574,-0.4420,0.0000,90.0000,0.0000,
169177934600,152.6864,-2.4270,0.0574,-0.4420,0.0000,90.0000,0.0000,
169191772300,152.7002,-2.4270,0.0574,-0.4420,0.0000,90.0000,0.0000,
169205740400,152.7142,-2.4270,0.0574,-0.4420,0.0000,90.0000,0.0000,
169219684500,152.7281,-2.4270,0.0574,-0.4420,0.0000,90.0000,0.0000,
169233559500,152.7421,-2.4270,0.0574,-0.4420,0.0000,90.0000,0.0000,
169247301900,152.7556,-2.4270,0.0574,-0.4420,0.0000,90.0000,0.0000,
169262010200,152.7704,-2.4270,0.0574,-0.4420,0.0000,90.0000,0.0000,
169275632000,152.7841,-2.4270,0.0574,-0.4420,0.0000,90.0000,0.0000,
169289401900,152.7978,-2.4270,0.0574,-0.4420,0.0000,90.0000,0.0000,
169303364200,152.8117,-2.4270,0.0574,-0.4420,0.0000,90.0000,0.0000,
169317124900,152.8255,-2.4270,0.0574,-0.4420,0.0000,90.0000,0.0000,
169330702300,152.8392,-2.4270,0.0574,-0.4420,0.0000,90.0000,0.0000,
169344725200,152.8531,-2.4270,0.0574,-0.4420,0.0000,90.0000,0.0000,
169358994500,152.8673,-2.4270,0.0574,-0.4420,0.0000,90.0000,0.0000,
169372937500,152.8815,-2.4270,0.0574,-0.4420,0.0000,90.0000,0.0000,
169386733600,152.8951,-2.4270,0.0574,-0.4420,0.0000,90.0000,0.0000,
169400903000,152.9093,-2.4270,0.0574,-0.4420,0.0000,90.0000,0.0000,
169414662500,152.9231,-2.4270,0.0574,-0.4420,0.0000,90.0000,0.0000,
169428771300,152.9372,-2.4270,0.0574,-0.4420,0.0000,90.0000,0.0000,
169442433000,152.9508,-2.4270,0.0574,-0.4420,0.0000,90.0000,0.0000,
169456355900,152.9648,-2.4270,0.0574,-0.4420,0.0000,90.0000,0.0000,
169470483200,152.9790,-2.4270,0.0574,-0.4420,0.0000,90.0000,0.0000,
169484117700,152.9925,-2.4270,0.0574,-0.4420,0.0000,90.0000,0.0000,
169498434700,153.0069,-2.4270,0.0574,-0.4420,0.0000,90.0000,0.0000,
169512063800,153.0206,-2.4270,0.0574,-0.4420,0.0000,90.0000,0.0000,
169526778600,153.0351,-2.4270,0.0574,-0.4420,0.0000,90.0000,0.0000,
169540243600,153.0487,-2.4270,0.0574,-0.4420,0.0000,90.0000,0.0000,
169554350300,153.0628,-2.4270,0.0574,-0.4420,0.0000,90.0000,0.0000,
169568059000,153.0765,-2.4270,0.0574,-0.4420,0.0000,90.0000,0.0000,
169581685400,153.0900,-2.4270,0.0574,-0.4420,0.0000,90.0000,0.0000,
169595741100,153.1043,-2.4270,0.0574,-0.4420,0.0000,90.0000,0.0000,
169609568500,153.1179,-2.4270,0.0574,-0.4420,0.0000,90.0000,0.0000,
169623449700,153.1319,-2.4270,0.0574,-0.4420,0.0000,90.0000,0.0000,
169637401200,153.1458,-2.4270,0.0574,-0.4420,0.0000,90.0000,0.0000,
169651232000,153.1598,-2.4270,0.0574,-0.4420,0.0000,90.0000,0.0000,
169665637900,153.1740,-2.4270,0.0574,-0.4420,0.0000,90.0000,0.0000,
169679214400,153.1877,-2.4270,0.0574,-0.4420,0.0000,90.0000,0.0000,
169693139000,153.2016,-2.4270,0.0574,-0.4420,0.0000,90.0000,0.0000,
169707451300,153.2158,-2.4270,0.0574,-0.4420,0.0000,90.0000,0.0000,
169720974700,153.2294,-2.4270,0.0574,-0.4420,0.0000,90.0000,0.0000,
169735025100,153.2436,-2.4270,0.0574,-0.4420,0.0000,90.0000,0.0000,
169749335400,153.2577,-2.4270,0.0574,-0.4420,0.0000,90.0000,0.0000,
169762733200,153.2711,-2.4270,0.0574,-0.4420,0.0000,90.0000,0.0000,
169777146200,153.2856,-2.4270,0.0574,-0.4420,0.0000,90.0000,0.0000,
169790670400,153.2992,-2.4270,0.0574,-0.4420,0.0000,90.0000,0.0000,
169804729500,153.3131,-2.4270,0.0574,-0.4420,0.0000,90.0000,0.0000,
169818334600,153.3268,-2.4270,0.0574,-0.4420,0.0000,90.0000,0.0000,
169832844600,153.3414,-2.4270,0.0574,-0.4420,0.0000,90.0000,0.0000,
169846500100,153.3550,-2.4270,0.0574,-0.4420,0.0000,90.0000,0.0000,
169860453300,153.3689,-2.4270,0.0574,-0.4420,0.0000,90.0000,0.0000,
169874341800,153.3829,-2.4270,0.0574,-0.4420,0.0000,90.0000,0.0000,
169888298300,153.3967,-2.4270,0.0574,-0.4420,0.0000,90.0000,0.0000,
169902395500,153.4108,-2.4270,0.0574,-0.4420,0.0000,90.0000,0.0000,
169916205200,153.4246,-2.4270,0.0574,-0.4420,0.0000,90.0000,0.0000,
169930033800,153.4386,-2.4270,0.0574,-0.4420,0.0000,90.0000,0.0000,
169944057300,153.4525,-2.4270,0.0574,-0.4420,0.0000,90.0000,0.0000,
169957914100,153.4664,-2.4270,0.0574,-0.4420,0.0000,90.0000,0.0000,
169971735400,153.4802,-2.4270,0.0574,-0.4420,0.0000,90.0000,0.0000,
169985763300,153.4942,-2.4270,0.0574,-0.4420,0.0000,90.0000,0.0000,
169999609500,153.5080,-2.4270,0.0574,-0.4420,0.0000,90.0000,0.0000,
170013786000,153.5223,-2.4270,0.0574,-0.4420,0.0000,90.0000,0.0000,
170027769300,153.5361,-2.4270,0.0574,-0.4420,0.0000,90.0000,0.0000,
170041483400,153.5499,-2.4270,0.0574,-0.4420,0.0000,90.0000,0.0000,
170055237500,153.5638,-2.4270,0.0574,-0.4420,0.0000,90.0000,0.0000,
170069417300,153.5778,-2.4270,0.0574,-0.4420,0.0000,90.0000,0.0000,
170083347400,153.5917,-2.4270,0.0574,-0.4420,0.0000,90.0000,0.0000,
170097309400,153.6057,-2.4270,0.0574,-0.4420,0.0000,90.0000,0.0000,
170110916500,153.6195,-2.4270,0.0574,-0.4420,0.0000,90.0000,0.0000,
170125036100,153.6335,-2.4270,0.0574,-0.4420,0.0000,90.0000,0.0000,
170139022900,153.6474,-2.4270,0.0574,-0.4420,0.0000,90.0000,0.0000,
170152829300,153.6612,-0.0849,0.9984,-0.4903,3.9190,72.4839,333.7694,
170166869900,153.6751,-0.0849,0.9984,-0.4903,3.9190,72.4839,333.7694,
170180962800,153.6892,-0.0818,0.9986,-0.4949,3.3589,70.2353,329.2309,
170195076400,153.7034,-0.0783,0.9989,-0.5000,2.7026,68.2502,325.1573,
170209915400,153.7181,-0.0785,0.9990,-0.4994,2.7648,68.3932,325.7212,
170222631900,153.7309,-0.0786,0.9991,-0.4990,2.7998,68.4717,326.0751,
170235917900,153.7443,-0.0787,0.9992,-0.4985,2.8744,68.6334,326.9304,
170250591900,153.7587,-0.0788,0.9990,-0.4979,2.8698,68.8349,327.0826,
170264184100,153.7725,-0.0788,0.9988,-0.4973,2.8596,68.9546,327.1487,
170278174500,153.7865,-0.0788,0.9985,-0.4968,2.8487,69.0255,327.1716,
170292245700,153.8006,-0.0789,0.9979,-0.4964,2.9284,69.2143,327.3982,
170306055500,153.8143,-0.0791,0.9972,-0.4960,3.0130,69.4125,327.6222,
170319993500,153.8283,-0.0795,0.9962,-0.4956,2.9895,69.6391,328.0077,
170333864000,153.8423,-0.0798,0.9953,-0.4952,2.9590,69.8443,328.3534,
170347860400,153.8562,-0.0801,0.9949,-0.4951,2.9493,69.9452,328.5066,
170361614900,153.8698,-0.0803,0.9947,-0.4951,2.9390,70.0152,328.6096,
170375680800,153.8841,-0.0804,0.9944,-0.4950,2.9289,70.0658,328.6819,
170389604600,153.8979,-0.0805,0.9943,-0.4950,2.9356,70.1044,328.6632,
170403540900,153.9118,-0.0806,0.9942,-0.4949,2.9422,70.1443,328.6390,
170417583200,153.9258,-0.0807,0.9941,-0.4949,2.9942,70.2163,328.5752,
170431324900,153.9397,-0.0807,0.9939,-0.4949,3.0712,70.3184,328.4727,
170445162200,153.9534,-0.0808,0.9937,-0.4949,3.1055,70.4423,328.3965,
170459347600,153.9676,-0.0809,0.9935,-0.4950,3.1399,70.5692,328.3110,
170473473900,153.9818,-0.0810,0.9933,-0.4951,3.1742,70.6977,328.2171,
170487616300,153.9958,-0.0810,0.9932,-0.4951,3.2335,70.8062,328.1333,
170501219400,154.0094,-0.0811,0.9931,-0.4951,3.2923,70.9118,328.0460,
170514512300,154.0229,-0.0812,0.9930,-0.4951,3.3783,71.0642,327.9683,
170528632800,154.0368,-0.0813,0.9929,-0.4950,3.4693,71.2232,327.8842,
170542575100,154.0508,-0.0814,0.9929,-0.4951,3.5635,71.3093,327.8402,
170556546800,154.0648,-0.0815,0.9928,-0.4951,3.6514,71.3864,327.7991,
170570425400,154.0788,-0.0816,0.9927,-0.4952,3.7382,71.4596,327.7583,
170584250000,154.0925,-0.0816,0.9927,-0.4951,3.7590,71.4820,327.7455,
170598368200,154.1066,-0.0816,0.9926,-0.4951,3.7757,71.4993,327.7351,
170611949900,154.1204,-0.0817,0.9925,-0.4952,3.7920,71.5064,327.7228,
170626689200,154.1350,-0.0817,0.9925,-0.4953,3.8088,71.5123,327.7099,
170640729100,154.1489,-0.0818,0.9924,-0.4954,3.8259,71.5170,327.6964,
170654057900,154.1625,-0.0818,0.9924,-0.4954,3.8427,71.5414,327.6729,
170668221200,154.1765,-0.0819,0.9923,-0.4955,3.8599,71.5666,327.6480,
170682024300,154.1903,-0.0819,0.9923,-0.4956,3.8643,71.6009,327.6070,
170695852200,154.2042,-0.0819,0.9923,-0.4957,3.8685,71.6479,327.5495,
170709894600,154.2182,-0.0821,0.9923,-0.4958,3.8833,71.7116,327.4784,
170723892900,154.2321,-0.0822,0.9923,-0.4959,3.8986,71.7829,327.3978,
170737683000,154.2460,-0.0824,0.9923,-0.4960,3.9137,71.8586,327.3114,
170751690100,154.2600,-0.0824,0.9923,-0.4960,3.9291,71.8783,327.2939,
170765897900,154.2742,-0.0824,0.9922,-0.4961,3.9427,71.8948,327.2793,
170780050800,154.2883,-0.0825,0.9924,-0.4962,3.9661,71.9046,327.2468,
170793092100,154.3015,-0.0826,0.9925,-0.4964,3.9941,71.9147,327.2085,
170807723600,154.3158,-0.0827,0.9927,-0.4965,4.0291,71.9255,327.1609,
170821200700,154.3294,-0.0827,0.9927,-0.4966,4.0453,71.9246,327.1599,
170834981200,154.3434,-0.0827,0.9928,-0.4967,4.0617,71.9221,327.1606,
170849048400,154.3573,-0.0827,0.9929,-0.4968,4.0784,71.9182,327.1630,
170863072200,154.3713,-0.0826,0.9929,-0.4968,4.0962,71.9266,327.1382,
170877062600,154.3853,-0.0826,0.9930,-0.4969,4.1140,71.9527,327.1045,
170890506900,154.3989,-0.0825,0.9932,-0.4971,4.1365,71.9872,327.0604,
170904917000,154.4131,-0.0825,0.9933,-0.4973,4.1673,72.0362,326.9986,
170919034200,154.4272,-0.0821,0.9941,-0.4973,4.0031,72.3541,326.5901,
170932599400,154.4410,-0.0817,0.9951,-0.4974,3.7892,72.7537,326.0795,
170946637200,154.4549,-0.0815,0.9979,-0.4978,3.5568,73.1502,325.4806,
170960638300,154.4689,-0.0813,1.0006,-0.4981,3.3376,73.5150,324.9323,
170974346700,154.4827,-0.0811,1.0029,-0.4984,3.1371,73.8408,324.4448,
170988306500,154.4966,-0.0803,1.0046,-0.4984,2.7751,74.4335,323.3188,
171002328500,154.5106,-0.0796,1.0062,-0.4984,2.4448,74.9833,322.2892,
171016367400,154.5246,-0.0793,1.0085,-0.4994,1.5444,75.6685,320.8473,
171029811900,154.5381,-0.0790,1.0106,-0.5003,0.7994,76.2761,319.6106,
171044183400,154.5524,-0.0778,1.0142,-0.5013,359.4926,76.7972,317.7911,
171058073600,154.5663,-0.0768,1.0174,-0.5021,358.4349,77.2912,316.2614,
171071931700,154.5803,-0.0759,1.0201,-0.5028,357.5714,77.7484,314.9669,
171086014100,154.5941,-0.0744,1.0241,-0.5043,357.0882,77.6725,313.8016,
171099768300,154.6080,-0.0732,1.0276,-0.5055,356.6125,77.6914,312.7274,
171113550500,154.6219,-0.0719,1.0323,-0.5073,356.5219,77.3017,312.3121,
171127543200,154.6358,-0.0708,1.0362,-0.5087,356.3815,77.0136,311.8533,
171141449400,154.6496,-0.0699,1.0396,-0.5098,356.1919,76.7740,311.3217,
171155788200,154.6642,-0.0694,1.0406,-0.5114,356.5818,76.4019,311.3255,
171169658600,154.6779,-0.0688,1.0418,-0.5127,356.9786,75.9978,311.2494,
171183387400,154.6917,-0.0691,1.0424,-0.5136,357.8912,75.1744,311.4422,
171197661600,154.7057,-0.0692,1.0431,-0.5144,358.7204,74.4019,311.5259,
171211121200,154.7195,-0.0697,1.0432,-0.5149,359.8256,73.9562,312.0104,
171224732600,154.7330,-0.0701,1.0434,-0.5154,0.7443,73.5764,312.3467,
171238906200,154.7472,-0.0705,1.0439,-0.5161,1.5017,73.2537,312.5720,
171252929000,154.7612,-0.0721,1.0409,-0.5164,2.5431,73.4463,313.6310,
171266857700,154.7751,-0.0738,1.0376,-0.5168,3.4936,73.6011,314.5337,
171280827600,154.7891,-0.0769,1.0319,-0.5159,3.7788,73.6153,314.8865,
171294602700,154.8030,-0.0792,1.0278,-0.5154,4.0309,73.6169,315.1560,
171308957500,154.8171,-0.0808,1.0251,-0.5151,4.2776,73.6116,315.3923,
171322602400,154.8308,-0.0843,1.0199,-0.5150,4.4190,73.7873,315.3156,
171336428900,154.8447,-0.0869,1.0161,-0.5149,4.6023,73.9833,315.2360,
171350324100,154.8587,-0.0890,1.0150,-0.5142,4.7112,74.2595,314.8128,
171364334800,154.8725,-0.0906,1.0139,-0.5137,4.8684,74.5823,314.3154,
171378334900,154.8865,-0.0917,1.0122,-0.5140,5.2463,74.8496,313.7523,
171392131700,154.9005,-0.0928,1.0105,-0.5144,5.6294,75.0947,313.2250,
171406406700,154.9146,-0.0939,1.0088,-0.5147,6.0004,75.3112,312.7488,
171420131400,154.9283,-0.0950,1.0085,-0.5142,6.4761,75.4489,312.3275,
171433701300,154.9421,-0.0960,1.0080,-0.5137,6.9322,75.5739,311.9355,
171447866600,154.9561,-0.0969,1.0050,-0.5126,7.8941,75.4704,311.8621,
171461947200,154.9702,-0.0980,1.0019,-0.5116,8.8672,75.3727,311.7704,
171475623600,154.9840,-0.0980,0.9897,-0.5109,10.9595,75.5512,311.7265,
171489722800,154.9980,-0.0983,0.9805,-0.5104,12.8100,75.7058,311.6734,
171503576200,155.0118,-0.0988,0.9732,-0.5099,14.3570,75.8321,311.6171,
171517442200,155.0257,-0.0990,0.9624,-0.5107,16.1426,76.6385,311.2714,
171531305400,155.0396,-0.0993,0.9536,-0.5112,17.7158,77.2773,311.0027,
171545357800,155.0536,-0.1007,0.9469,-0.5128,17.6877,77.7149,310.6560,
171559182500,155.0675,-0.1019,0.9407,-0.5140,17.7872,78.0743,310.3762,
171572916500,155.0813,-0.1030,0.9349,-0.5149,17.9821,78.4298,310.1039,
171587102500,155.0953,-0.1029,0.9360,-0.5150,18.0249,78.9413,309.5201,
171600979700,155.1092,-0.1029,0.9363,-0.5151,18.1728,79.4705,308.9320,
171614784700,155.1232,-0.1022,0.9410,-0.5151,18.1284,79.7001,308.4745,
171628709300,155.1370,-0.1015,0.9451,-0.5151,18.1566,79.9265,308.0573,
171642856900,155.1510,-0.1004,0.9553,-0.5161,17.4957,79.7356,307.4493,
171656644300,155.1649,-0.0997,0.9619,-0.5168,16.8507,79.5685,306.7857,
171670310600,155.1787,-0.0992,0.9663,-0.5174,16.2889,79.4411,306.1400,
171684884000,155.1931,-0.0989,0.9706,-0.5183,15.5171,79.8891,306.2137,
171698532300,155.2067,-0.0986,0.9734,-0.5189,14.8121,80.3153,306.2353,
171711865200,155.2203,-0.0978,0.9742,-0.5184,13.5162,81.0353,306.3837,
171725934300,155.2342,-0.0973,0.9748,-0.5181,12.3635,81.6891,306.4615,
171740067300,155.2483,-0.0968,0.9754,-0.5179,11.3912,82.2537,306.4842,
171753828200,155.2621,-0.0942,0.9745,-0.5165,10.4903,82.6692,307.3650,
171768000700,155.2762,-0.0913,0.9737,-0.5151,9.6553,83.0584,308.0833,
171782153900,155.2904,-0.0907,0.9764,-0.5173,7.6753,84.4286,308.8085,
171795378400,155.3038,-0.0898,0.9795,-0.5198,5.9556,85.5803,309.3628,
171809649700,155.3178,-0.0851,0.9831,-0.5226,4.0401,85.7005,311.1044,
171823864000,155.3322,-0.0815,0.9860,-0.5247,2.4137,85.8545,312.4493,
171837519000,155.3458,-0.0787,0.9883,-0.5263,1.0101,86.0262,313.5136,
171851266400,155.3597,-0.0774,0.9981,-0.5332,358.6903,87.0835,313.6179,
171865377300,155.3735,-0.0762,1.0055,-0.5383,356.6472,87.9643,313.7963,
171879229300,155.3875,-0.0808,1.0288,-0.5451,353.0967,90.8164,306.0702,
171892786900,155.4012,-0.0838,1.0463,-0.5505,350.5991,93.1211,301.0024,
171907099900,155.4154,-0.0858,1.0603,-0.5551,348.8029,94.8737,297.7360,
171920984900,155.4292,-0.0965,1.0901,-0.5587,353.0664,93.7044,287.2742,
171935114600,155.4435,-0.1042,1.1135,-0.5622,354.7356,93.2195,281.4737,
171948891000,155.4571,-0.1015,1.1173,-0.5663,0.4786,92.2007,274.0149,
171962474300,155.4707,-0.1000,1.1230,-0.5701,3.0552,91.5922,269.7790,
171977267000,155.4853,-0.0993,1.1298,-0.5737,4.4500,91.2499,266.8484,
171990564500,155.4990,-0.0919,1.1188,-0.5809,7.1697,91.3386,263.8125,
172004600000,155.5128,-0.0868,1.1134,-0.5869,8.9907,91.2737,261.2533,
172018535500,155.5268,-0.0854,1.0958,-0.5917,9.8608,91.8758,261.5268,
172032260600,155.5406,-0.0842,1.0849,-0.5962,10.6371,92.2654,261.2785,
172046058900,155.5543,-0.0880,1.0675,-0.5964,11.6416,93.3984,264.1655,
172060521200,155.5687,-0.0905,1.0556,-0.5977,12.7728,94.5302,266.5272,
172074299700,155.5827,-0.0923,1.0471,-0.5996,13.7924,95.4288,268.0098,
172087869900,155.5960,-0.1016,1.0484,-0.5920,11.3492,96.7322,279.6788,
172101653800,155.6099,-0.1083,1.0488,-0.5875,10.2024,97.4214,286.0410,
172115462000,155.6238,-0.1159,1.0469,-0.5828,6.5287,99.2130,285.1443,
172129820100,155.6381,-0.1218,1.0451,-0.5798,4.1914,100.5256,284.9966,
172143513600,155.6517,-0.1268,1.0435,-0.5779,2.4815,101.5914,285.2314,
172157612100,155.6659,-0.1282,1.0459,-0.5744,1.5157,103.3162,284.9646,
172171737200,155.6801,-0.1298,1.0471,-0.5721,0.6117,104.7819,284.9982,
172185564400,155.6938,-0.1301,1.0487,-0.5689,1.1805,104.9657,286.5253,
172199487100,155.7076,-0.1309,1.0498,-0.5665,1.5860,105.3465,288.2564,
172213141100,155.7214,-0.1312,1.0513,-0.5653,3.3549,105.3924,289.7326,
172227544300,155.7357,-0.1317,1.0525,-0.5643,4.6996,105.6332,291.1822,
172241420100,155.7496,-0.1325,1.0534,-0.5634,5.6613,105.9875,292.5222,
172255063200,155.7634,-0.1314,1.0538,-0.5626,6.3242,105.4812,292.9028,
172269120900,155.7774,-0.1307,1.0542,-0.5617,6.8450,105.1894,293.3710,
172283874700,155.7921,-0.1308,1.0545,-0.5619,6.8703,105.0139,292.7469,
172296842400,155.8051,-0.1309,1.0547,-0.5620,6.9243,104.7799,291.8513,
172310775300,155.8191,-0.1304,1.0565,-0.5628,6.9209,105.0744,289.3218,
172325139200,155.8334,-0.1300,1.0585,-0.5637,6.9529,105.3971,287.2903,
172338808500,155.8471,-0.1298,1.0603,-0.5645,7.0051,105.6993,285.8392,
172353327000,155.8617,-0.1285,1.0632,-0.5655,6.8153,105.9113,283.8794,
172366532400,155.8747,-0.1275,1.0657,-0.5663,6.6986,106.1393,282.3605,
172380239600,155.8885,-0.1263,1.0689,-0.5691,6.8375,106.0087,282.0728,
172393664500,155.9021,-0.1254,1.0715,-0.5713,6.9342,105.9500,281.8277,
172408056800,155.9163,-0.1216,1.0761,-0.5805,6.9828,105.9127,281.9130,
172421876800,155.9300,-0.1189,1.0797,-0.5874,7.1564,105.7970,282.1833,
172435647200,155.9440,-0.1169,1.0827,-0.5927,7.4144,105.6465,282.5429,
172449721900,155.9580,-0.1152,1.0817,-0.5942,7.4266,105.2345,283.3117,
172463943400,155.9722,-0.1139,1.0815,-0.5956,7.4473,104.8439,284.0378,
172478419000,155.9866,-0.1137,1.0809,-0.5948,6.5536,106.1607,284.3505,
172491767400,156.0002,-0.1133,1.0800,-0.5936,5.3866,107.8723,284.7007,
172505808200,156.0141,-0.1128,1.0792,-0.5925,4.3239,109.4263,284.9651,
172519605700,156.0279,-0.1128,1.0770,-0.5870,3.4689,111.0266,284.3861,
172533276700,156.0416,-0.1126,1.0754,-0.5829,2.7504,112.3829,283.9196,
172547292800,156.0555,-0.1147,1.0756,-0.5798,2.4100,113.1455,283.6587,
172561066400,156.0693,-0.1162,1.0758,-0.5777,2.0854,113.8499,283.4337,
172574989800,156.0834,-0.1172,1.0760,-0.5762,1.7554,114.5528,283.2187,
172589601200,156.0978,-0.1182,1.0761,-0.5758,1.9994,114.6568,282.9543,
172603365300,156.1116,-0.1190,1.0762,-0.5755,2.1907,114.8158,282.6971,
172617677900,156.1259,-0.1200,1.0765,-0.5760,2.4268,114.6555,282.4083,
172630978000,156.1394,-0.1211,1.0769,-0.5765,2.6691,114.5232,282.0654,
172644935800,156.1531,-0.1221,1.0772,-0.5768,3.1934,114.1894,281.6929,
172658906700,156.1672,-0.1229,1.0775,-0.5771,3.6906,113.9036,281.3054,
172672809800,156.1812,-0.1237,1.0778,-0.5773,4.1230,113.6828,280.9385,
172686855000,156.1951,-0.1240,1.0784,-0.5772,4.3742,113.4912,280.9260,
172700788600,156.2090,-0.1244,1.0789,-0.5771,4.5780,113.3512,280.9033,
172714573900,156.2230,-0.1247,1.0797,-0.5768,4.7646,113.2213,281.0164,
172728584400,156.2368,-0.1250,1.0806,-0.5765,4.9530,113.1015,281.1229,
172742538400,156.2507,-0.1251,1.0807,-0.5762,5.1627,112.9830,281.3591,
172756208800,156.2645,-0.1253,1.0808,-0.5759,5.3846,112.8689,281.6036,
172770315900,156.2786,-0.1254,1.0809,-0.5757,5.6057,112.7653,281.8429,
172784174300,156.2924,-0.1255,1.0808,-0.5754,5.6370,112.6892,281.9294,
172797983100,156.3062,-0.1256,1.0806,-0.5750,5.6611,112.6343,281.9944,
172811692200,156.3200,-0.1256,1.0805,-0.5746,5.6825,112.5882,282.0510,
172825778000,156.3340,-0.1256,1.0805,-0.5737,5.6548,112.5299,282.0370,
172839964200,156.3482,-0.1256,1.0805,-0.5728,5.6119,112.4425,282.0145,
172853776900,156.3622,-0.1253,1.0803,-0.5719,5.5719,112.3318,281.9699,
172867661000,156.3758,-0.1251,1.0802,-0.5710,5.5244,112.2027,281.9154,
172881794300,156.3900,-0.1248,1.0798,-0.5705,5.4768,112.1215,281.8337,
172895616800,156.4040,-0.1246,1.0795,-0.5700,5.4275,112.0409,281.7474,
172909611100,156.4179,-0.1242,1.0791,-0.5693,5.3794,112.0022,281.7137,
172923359400,156.4315,-0.1238,1.0788,-0.5687,5.3362,111.9701,281.6838,
172937281400,156.4455,-0.1234,1.0785,-0.5681,5.2928,111.9403,281.6542,
172951222200,156.4596,-0.1232,1.0780,-0.5679,5.2027,111.9303,281.6059,
172965168600,156.4734,-0.1230,1.0775,-0.5677,5.0887,111.9222,281.5456,
172978998700,156.4872,-0.1229,1.0772,-0.5675,5.0395,111.9210,281.5415,
172992683200,156.5011,-0.1228,1.0770,-0.5673,5.0011,111.9218,281.5396,
173006878000,156.5151,-0.1227,1.0768,-0.5671,4.9645,111.9241,281.5388,
173020653400,156.5289,-0.1227,1.0767,-0.5670,4.9356,111.9144,281.5238,
173034550100,156.5429,-0.1226,1.0765,-0.5670,4.9061,111.9049,281.5082,
173048555300,156.5568,-0.1226,1.0765,-0.5670,4.9006,111.8944,281.4912,
173062516900,156.5708,-0.1226,1.0765,-0.5670,4.8970,111.8839,281.4736,
173076803500,156.5851,-0.1226,1.0766,-0.5670,4.8844,111.8606,281.4656,
173090658500,156.5990,-0.1226,1.0767,-0.5669,4.8723,111.8361,281.4581,
173104498800,156.6128,-0.1227,1.0769,-0.5669,4.8609,111.8103,281.4512,
173118172800,156.6265,-0.1227,1.0769,-0.5669,4.8366,111.7840,281.4656,
173131932700,156.6404,-0.1227,1.0770,-0.5668,4.8117,111.7565,281.4825,
173146354100,156.6546,-0.1228,1.0770,-0.5669,4.7780,111.7607,281.5157,
173160231300,156.6685,-0.1229,1.0770,-0.5669,4.7299,111.7693,281.5662,
173174588900,156.6830,-0.1230,1.0770,-0.5670,4.6643,111.7845,281.6386,
173188188600,156.6964,-0.1230,1.0770,-0.5671,4.6206,111.7742,281.6869,
173202032300,156.7102,-0.1230,1.0770,-0.5671,4.5787,111.7653,281.7358,
173215536900,156.7239,-0.1230,1.0769,-0.5672,4.5194,111.8106,281.8295,
173229525100,156.7378,-0.1231,1.0769,-0.5673,4.4482,111.8709,281.9470,
173244343200,156.7526,-0.1231,1.0770,-0.5673,4.3841,111.9326,281.9874,
173257837100,156.7660,-0.1231,1.0770,-0.5674,4.3220,111.9968,282.0257,
173271147000,156.7795,-0.1231,1.0771,-0.5674,4.2578,112.0674,282.0645,
173285080900,156.7933,-0.1230,1.0773,-0.5674,4.2364,112.0884,282.0657,
173299287900,156.8075,-0.1229,1.0775,-0.5675,4.2163,112.1096,282.0655,
173312917600,156.8212,-0.1228,1.0775,-0.5676,4.2112,112.1258,282.0617,
173327311100,156.8355,-0.1227,1.0776,-0.5677,4.2074,112.1429,282.0564,
173340867300,156.8491,-0.1226,1.0777,-0.5678,4.2051,112.1607,282.0497,
173354655300,156.8631,-0.1224,1.0778,-0.5678,4.2226,112.1698,282.0376,
173368808900,156.8770,-0.1222,1.0779,-0.5679,4.2429,112.1787,282.0239,
173383065700,156.8913,-0.1219,1.0779,-0.5679,4.2992,112.1431,282.0264,
173396717200,156.9050,-0.1216,1.0780,-0.5680,4.4380,112.0538,282.0323,
173410456400,156.9189,-0.1213,1.0781,-0.5679,4.5284,111.8531,282.0049,
173424549900,156.9327,-0.1209,1.0782,-0.5679,4.6384,111.6011,281.9694,
173438630300,156.9469,-0.1205,1.0784,-0.5678,4.7580,111.3194,281.9285,
173452103500,156.9605,-0.1201,1.0785,-0.5677,4.7551,111.1982,281.9497,
173466630600,156.9749,-0.1198,1.0786,-0.5675,4.7514,111.0944,281.9675,
173480186500,156.9883,-0.1195,1.0786,-0.5673,4.7336,111.0634,281.9567,
173494518100,157.0029,-0.1192,1.0787,-0.5669,4.7166,111.0350,281.9464,
173508083700,157.0162,-0.1189,1.0788,-0.5666,4.6978,111.0048,281.9351,
173521937100,157.0302,-0.1184,1.0788,-0.5659,4.7011,110.9728,281.9030,
173535803900,157.0441,-0.1180,1.0788,-0.5652,4.7057,110.9303,281.8593,
173550110300,157.0584,-0.1178,1.0791,-0.5647,4.7095,110.8997,281.8566,
173563981600,157.0722,-0.1177,1.0794,-0.5641,4.7137,110.8680,281.8547,
173577864300,157.0861,-0.1176,1.0797,-0.5635,4.7022,110.8456,281.8405,
173591929400,157.1003,-0.1174,1.0799,-0.5629,4.6893,110.8231,281.8257,
173605703400,157.1140,-0.1173,1.0802,-0.5623,4.6752,110.8005,281.8102,
173619643400,157.1279,-0.1173,1.0802,-0.5622,4.6495,110.8118,281.8295,
173633388600,157.1418,-0.1172,1.0802,-0.5622,4.6217,110.8262,281.8515,
173647892900,157.1560,-0.1173,1.0802,-0.5623,4.5093,110.8764,281.9515,
173661568400,157.1698,-0.1173,1.0801,-0.5625,4.3187,110.9660,282.1235,
173675229600,157.1836,-0.1174,1.0801,-0.5626,4.0894,111.0782,282.3327,
173689352600,157.1976,-0.1176,1.0802,-0.5629,3.7079,111.1960,282.4138,
173703226300,157.2114,-0.1178,1.0803,-0.5634,3.3141,111.3215,282.4977,
173717413700,157.2257,-0.1182,1.0806,-0.5650,3.1862,111.3578,282.4871,
173731358100,157.2398,-0.1185,1.0810,-0.5667,3.0894,111.3871,282.4791,
173744991000,157.2532,-0.1192,1.0815,-0.5686,3.0705,111.3816,282.4664,
173758859500,157.2671,-0.1198,1.0820,-0.5704,3.0505,111.3758,282.4525,
173772583400,157.2810,-0.1203,1.0825,-0.5718,3.0296,111.3698,282.4376,
173786927900,157.2952,-0.1203,1.0826,-0.5733,2.9878,111.3618,282.4473,
173800985900,157.3093,-0.1204,1.0827,-0.5746,2.9379,111.3524,282.4596,
173814820500,157.3232,-0.1207,1.0830,-0.5756,2.5595,111.4683,282.5516,
173828400100,157.3367,-0.1210,1.0834,-0.5766,2.0591,111.6258,282.6744,
173842287200,157.3506,-0.1213,1.0838,-0.5776,1.5406,111.7930,282.8024,
173856641700,157.3649,-0.1230,1.0842,-0.5803,0.6350,113.0422,284.4046,
173870200700,157.3786,-0.1246,1.0846,-0.5828,359.7640,114.1796,285.8681,
173884354000,157.3925,-0.1257,1.0845,-0.5836,359.4087,114.1039,286.2943,
173898064000,157.4063,-0.1266,1.0845,-0.5843,359.1348,114.0811,286.6322,
173911788800,157.4202,-0.1266,1.0853,-0.5845,359.1428,114.0592,286.6147,
173925920600,157.4342,-0.1267,1.0862,-0.5848,359.1432,114.0510,286.6109,
173939852200,157.4482,-0.1268,1.0872,-0.5851,359.1401,114.0457,286.6120,
173953585800,157.4620,-0.1261,1.0890,-0.5850,359.1290,114.0451,286.4435,
173967733500,157.4760,-0.1253,1.0909,-0.5851,359.0892,114.0550,286.0157,
173981717600,157.4899,-0.1242,1.0930,-0.5851,358.7560,114.3575,285.6132,
173995615700,157.5040,-0.1233,1.0948,-0.5852,358.3837,114.7026,285.1966,
174009502700,157.5178,-0.1221,1.0969,-0.5853,356.0129,116.1966,283.8880,
174023408200,157.5317,-0.1210,1.0987,-0.5854,353.9799,117.5514,282.7386,
174037431800,157.5457,-0.1201,1.1003,-0.5856,352.4140,118.6453,281.8395,
174051122800,157.5595,-0.1177,1.1106,-0.5871,345.2585,120.6623,278.2357,
174065197900,157.5735,-0.1159,1.1182,-0.5883,340.7407,122.3730,275.7000,
174079548900,157.5878,-0.1157,1.1320,-0.5927,335.6129,122.7519,274.4893,
174093650800,157.6020,-0.1155,1.1426,-0.5960,332.1514,123.3740,273.3841,
174106696000,157.6149,-0.1152,1.1513,-0.5987,329.4582,124.1157,272.3096,
174121149100,157.6293,-0.1164,1.1643,-0.6041,326.5968,124.3588,274.4232,
174134263100,157.6427,-0.1172,1.1751,-0.6085,323.9195,124.7573,275.5558,
174148517300,157.6567,-0.1177,1.1843,-0.6121,321.3886,125.2724,276.0878,
174162357800,157.6706,-0.1151,1.1939,-0.6120,321.1308,125.6909,279.0492,
174176354300,157.6846,-0.1133,1.2026,-0.6126,320.2466,126.1878,281.1057,
174190075800,157.6985,-0.1083,1.2045,-0.6074,322.1600,126.8568,281.8611,
174204246500,157.7124,-0.1046,1.2078,-0.6041,323.2006,127.5312,282.4908,
174218019700,157.7263,-0.0998,1.2022,-0.6014,325.2243,127.5690,281.0048,
174231954500,157.7403,-0.0958,1.1995,-0.5994,326.7862,127.6932,279.7206,
174246235500,157.7545,-0.0935,1.1901,-0.5951,328.9274,126.9721,276.0021,
174259986600,157.7682,-0.0914,1.1845,-0.5920,330.2220,126.5276,273.3711,
174273816400,157.7822,-0.0894,1.1812,-0.5897,330.9694,126.2969,271.5281,
174287958100,157.7962,-0.0936,1.1744,-0.5892,334.0329,124.6214,270.2205,
174302023700,157.8103,-0.0960,1.1701,-0.5888,336.0837,123.5016,269.0256,
174315478900,157.8238,-0.0981,1.1682,-0.5869,336.1344,122.5901,269.2976,
174329553000,157.8378,-0.0993,1.1670,-0.5856,336.2582,121.9455,269.3122,
174343584100,157.8519,-0.1011,1.1673,-0.5837,336.5905,121.8025,269.5693,
174357475400,157.8658,-0.1025,1.1676,-0.5820,336.9420,121.6423,269.7256,
174371229100,157.8795,-0.1036,1.1678,-0.5804,337.3484,121.4499,269.8142,
174385296800,157.8936,-0.1045,1.1676,-0.5790,338.1502,121.8155,270.1903,
174399186200,157.9075,-0.1052,1.1675,-0.5776,339.0556,122.1706,270.5147,
174412784200,157.9212,-0.1058,1.1679,-0.5758,339.4273,123.0251,270.5613,
174427261600,157.9355,-0.1064,1.1683,-0.5740,339.8163,123.7673,270.5589,
174440910900,157.9492,-0.1070,1.1687,-0.5723,340.2096,124.4081,270.5209,
174455050600,157.9635,-0.1067,1.1693,-0.5708,339.9999,124.6135,270.5461,
174468749400,157.9770,-0.1065,1.1698,-0.5692,339.8570,124.7885,270.5500,
174483006900,157.9912,-0.1064,1.1697,-0.5687,339.4066,125.0360,270.8887,
174496468400,158.0047,-0.1063,1.1697,-0.5681,338.9369,125.3213,271.2463,
174510186500,158.0186,-0.1062,1.1697,-0.5675,338.5201,125.6005,271.5676,
174524204600,158.0325,-0.1058,1.1691,-0.5672,338.1158,125.5786,271.6074,
174538123600,158.0463,-0.1055,1.1686,-0.5667,337.7725,125.5704,271.6390,
174551844900,158.0603,-0.1048,1.1670,-0.5664,337.5915,125.6946,271.6556,
174565878800,158.0741,-0.1040,1.1654,-0.5660,337.4320,125.8136,271.6684,
174579863100,158.0881,-0.1037,1.1640,-0.5656,337.2204,125.8459,271.6356,
174593626200,158.1020,-0.1034,1.1628,-0.5652,337.0034,125.8839,271.5995,
174607658400,158.1160,-0.1032,1.1618,-0.5648,336.7817,125.9271,271.5605,
174621692300,158.1300,-0.1032,1.1614,-0.5646,336.5997,125.9045,271.6245,
174635305300,158.1437,-0.1032,1.1611,-0.5644,336.4193,125.8840,271.6879,
174649589400,158.1578,-0.1033,1.1609,-0.5641,336.2964,125.6942,271.9390,
174663450300,158.1717,-0.1033,1.1606,-0.5637,336.1535,125.4667,272.2414,
174677285900,158.1856,-0.1036,1.1603,-0.5636,336.0514,125.2418,272.5501,
174691457900,158.1999,-0.1038,1.1600,-0.5634,335.9533,125.0157,272.8617,
174705397200,158.2136,-0.1041,1.1597,-0.5631,335.8607,124.7927,273.1700,
174719485700,158.2278,-0.1044,1.1591,-0.5621,335.8792,124.5614,273.2114,
174733018800,158.2415,-0.1048,1.1585,-0.5609,335.9008,124.3167,273.2555,
174747263500,158.2555,-0.1051,1.1578,-0.5598,335.9265,124.0467,273.3044,
174761065800,158.2693,-0.1052,1.1577,-0.5581,335.9968,123.8679,273.2348,
174774777900,158.2832,-0.1053,1.1577,-0.5566,336.0712,123.6806,273.1623,
174788867400,158.2971,-0.1048,1.1571,-0.5530,336.4199,122.9400,273.1772,
174802612900,158.3109,-0.1045,1.1566,-0.5498,336.7926,122.1549,273.1891,
174816581500,158.3248,-0.1039,1.1540,-0.5445,337.1749,120.8714,273.5529,
174830854500,158.3393,-0.1035,1.1520,-0.5402,337.5270,119.7287,273.8672,
174844463800,158.3527,-0.1032,1.1504,-0.5369,337.8374,118.7507,274.1288,
174858354000,158.3667,-0.1038,1.1475,-0.5338,338.1788,117.2781,274.3005,
174872067500,158.3804,-0.1043,1.1451,-0.5310,338.4931,115.9817,274.4528,
174886243700,158.3945,-0.1062,1.1427,-0.5311,339.5984,115.0148,275.1332,
174900004200,158.4083,-0.1078,1.1406,-0.5308,340.5670,114.1197,275.7005,
174914067600,158.4224,-0.1091,1.1391,-0.5314,340.8872,114.2665,275.5589,
174928266000,158.4365,-0.1102,1.1376,-0.5316,341.1512,114.3233,275.4702,
174941813100,158.4501,-0.1112,1.1361,-0.5316,341.4263,114.3354,275.3979,
174955530300,158.4640,-0.1116,1.1362,-0.5315,341.4683,114.5180,275.4046,
174969956600,158.4783,-0.1118,1.1362,-0.5314,341.5359,114.7185,275.4189,
174984006400,158.4922,-0.1121,1.1363,-0.5314,341.5104,115.2509,275.3798,
174998212300,158.5065,-0.1124,1.1363,-0.5314,341.5026,115.8210,275.3431,
175011327900,158.5198,-0.1129,1.1362,-0.5317,341.6068,116.3550,275.4040,
175025584000,158.5339,-0.1136,1.1361,-0.5320,341.7192,116.8232,275.4677,
175039603600,158.5478,-0.1143,1.1359,-0.5323,341.8344,117.2274,275.5317,
175052991100,158.5614,-0.1152,1.1352,-0.5330,342.3908,117.7340,275.6587,
175067052400,158.5753,-0.1162,1.1345,-0.5336,342.9531,118.2246,275.7952,
175081043800,158.5894,-0.1182,1.1328,-0.5364,344.4916,118.7270,276.2564,
175095154400,158.6035,-0.1201,1.1313,-0.5387,345.8965,119.1882,276.6895,
175108863400,158.6172,-0.1216,1.1299,-0.5406,347.0851,119.5803,277.0650,
175122746400,158.6311,-0.1243,1.1260,-0.5452,350.4063,119.4374,279.7323,
175136685300,158.6450,-0.1265,1.1229,-0.5488,352.9775,119.4848,281.7068,
175150735900,158.6591,-0.1284,1.1176,-0.5532,355.1270,118.4995,284.7777,
175164526200,158.6728,-0.1301,1.1134,-0.5566,356.8803,117.9747,286.9716,
175178406000,158.6867,-0.1292,1.1055,-0.5597,358.7825,117.7966,287.4518,
175192297500,158.7007,-0.1288,1.0992,-0.5623,0.4344,117.6943,288.0410,
175206276600,158.7145,-0.1287,1.0940,-0.5646,1.9915,117.6409,288.7104,
175220567600,158.7289,-0.1255,1.0800,-0.5682,3.3340,117.2578,289.6049,
175234693300,158.7431,-0.1233,1.0690,-0.5713,4.7208,116.9835,290.5119,
175248340700,158.7566,-0.1208,1.0601,-0.5708,4.7373,116.6364,290.1344,
175262011700,158.7702,-0.1191,1.0524,-0.5709,4.8822,116.3626,289.9220,
175276021300,158.7845,-0.1176,1.0408,-0.5697,4.8034,116.2652,290.0424,
175289878400,158.7982,-0.1164,1.0308,-0.5692,4.7646,116.1260,290.2594,
175304265500,158.8125,-0.1155,1.0219,-0.5693,4.7973,115.9331,290.6133,
175317993100,158.8262,-0.1154,1.0166,-0.5675,5.2799,116.0194,291.3877,
175331503800,158.8399,-0.1152,1.0108,-0.5666,5.9398,116.1271,292.3427,
175345586900,158.8538,-0.1163,1.0062,-0.5640,5.7553,116.0280,292.4189,
175359697500,158.8680,-0.1170,1.0010,-0.5622,5.6606,115.9595,292.4981,
175373331900,158.8817,-0.1174,0.9955,-0.5611,5.5940,115.8910,292.5998,
175387715800,158.8960,-0.1198,0.9985,-0.5578,5.5421,115.8934,292.5589,
175401302000,158.9095,-0.1220,0.9999,-0.5546,5.4725,115.8978,292.5032,
175414915800,158.9234,-0.1238,1.0062,-0.5513,5.1277,115.5719,292.0348,
175429146000,158.9373,-0.1252,1.0096,-0.5488,4.7438,115.1724,291.4918,
175443031400,158.9513,-0.1262,1.0110,-0.5470,4.4109,114.7892,290.9995,
175456864900,158.9652,-0.1261,1.0189,-0.5437,3.9379,114.6484,290.0725,
175470662800,158.9791,-0.1262,1.0240,-0.5410,3.5390,114.5154,289.2559,
175484750600,158.9930,-0.1259,1.0291,-0.5402,3.5092,114.3945,289.1137,
175498782100,159.0071,-0.1259,1.0321,-0.5394,3.4939,114.3108,289.0170,
175512886000,159.0213,-0.1250,1.0344,-0.5384,3.5638,114.2434,288.8488,
175526582400,159.0348,-0.1244,1.0360,-0.5375,3.6468,114.1622,288.6535,
175540592500,159.0488,-0.1240,1.0372,-0.5366,3.7431,114.0667,288.4303,
175554964100,159.0634,-0.1237,1.0376,-0.5363,3.9013,113.9717,288.3117,
175569192700,159.0774,-0.1235,1.0379,-0.5359,4.0688,113.8691,288.1849,
175582283100,159.0906,-0.1234,1.0378,-0.5357,4.5931,113.7518,288.4650,
175596501000,159.1047,-0.1234,1.0377,-0.5356,5.2698,113.6020,288.8230,
175610001000,159.1184,-0.1237,1.0354,-0.5357,8.7245,113.4595,290.2268,
175624029500,159.1323,-0.1241,1.0323,-0.5356,11.5449,113.4011,291.3745,
175638070400,159.1463,-0.1245,1.0295,-0.5355,13.6470,113.3912,292.2340,
175652491200,159.1608,-0.1252,1.0214,-0.5357,16.6460,113.6883,293.7073,
175666365800,159.1746,-0.1257,1.0155,-0.5357,18.9888,113.9544,294.8661,
175680274700,159.1885,-0.1273,1.0060,-0.5361,22.5130,113.9969,297.0269,
175693609200,159.2020,-0.1285,0.9987,-0.5363,25.2929,114.1671,298.7198,
175707625600,159.2158,-0.1295,0.9927,-0.5364,27.5954,114.4023,300.1257,
175721416300,159.2297,-0.1301,0.9844,-0.5361,29.0007,114.3364,301.5651,
175735453100,159.2439,-0.1306,0.9775,-0.5358,30.4780,114.4001,302.8910,
175749381100,159.2577,-0.1298,0.9647,-0.5363,30.2874,114.7642,303.8569,
175763336900,159.2715,-0.1293,0.9544,-0.5365,30.4223,115.1077,304.8351,
175777201300,159.2855,-0.1321,0.9521,-0.5365,29.8742,114.9266,304.7842,
175791045900,159.2995,-0.1341,0.9493,-0.5365,29.3665,114.7430,304.8409,
175805140000,159.3134,-0.1356,0.9461,-0.5364,28.9831,114.5839,305.0032,
175819000300,159.3272,-0.1369,0.9480,-0.5362,27.2462,113.9934,304.7231,
175832847200,159.3413,-0.1386,0.9496,-0.5360,25.8431,113.5021,304.6267,
175846883500,159.3551,-0.1407,0.9557,-0.5361,24.7001,113.1420,304.1880,
175860759300,159.3691,-0.1425,0.9597,-0.5362,23.8886,112.8748,303.9439,
175874629400,159.3830,-0.1440,0.9618,-0.5362,23.2966,112.6677,303.8168,
175888735600,159.3970,-0.1438,0.9633,-0.5365,23.1654,112.6357,303.7377,
175902951100,159.4112,-0.1438,0.9640,-0.5367,23.0841,112.6109,303.7034,
175916606800,159.4249,-0.1435,0.9648,-0.5368,23.1314,112.6377,303.6929,
175930342100,159.4387,-0.1433,0.9654,-0.5368,23.1833,112.6655,303.6859,
175944305600,159.4526,-0.1430,0.9657,-0.5369,23.4626,112.7589,303.6439,
175958184900,159.4665,-0.1428,0.9659,-0.5370,23.8729,112.8901,303.5977,
175972089000,159.4805,-0.1427,0.9661,-0.5371,24.3209,113.0273,303.5626,
175986085700,159.4943,-0.1424,0.9662,-0.5374,24.5488,113.1187,303.5792,
176000032800,159.5083,-0.1421,0.9663,-0.5377,24.7455,113.1944,303.6016,
176014216900,159.5226,-0.1418,0.9663,-0.5380,24.9288,113.2625,303.6291,
176027922400,159.5362,-0.1411,0.9650,-0.5386,25.7632,113.4974,303.9659,
176041888500,159.5501,-0.1405,0.9623,-0.5396,26.6984,113.7576,304.6012,
176055568800,159.5640,-0.1400,0.9596,-0.5405,27.5600,114.0067,305.2078,
176069659900,159.5780,-0.1397,0.9572,-0.5414,28.3103,114.2312,305.7541,
176083944900,159.5922,-0.1395,0.9521,-0.5429,29.0323,114.5997,306.2849,
176097503500,159.6057,-0.1393,0.9478,-0.5442,29.6797,114.9318,306.7771,
176111233700,159.6197,-0.1407,0.9407,-0.5457,30.3833,115.3174,307.3297,
176125335700,159.6336,-0.1418,0.9352,-0.5469,31.0429,115.6837,307.8629,
176139954800,159.6482,-0.1426,0.9308,-0.5479,31.6633,116.0335,308.3778,
176153233900,159.6616,-0.1435,0.9298,-0.5481,31.6659,116.0093,308.5864,
176167672800,159.6760,-0.1441,0.9288,-0.5484,31.6924,116.0030,308.7684,
176181089400,159.6894,-0.1443,0.9290,-0.5483,31.5503,115.9855,308.8657,
176195008700,159.7034,-0.1445,0.9291,-0.5483,31.3684,115.9694,309.0165,
176209441500,159.7177,-0.1447,0.9297,-0.5485,31.2288,115.8858,309.0757,
176222771900,159.7310,-0.1451,0.9303,-0.5488,31.0984,115.8050,309.1461,
176236933400,159.7452,-0.1454,0.9307,-0.5492,30.9775,115.7274,309.2261,
176250390800,159.7589,-0.1455,0.9310,-0.5494,30.8784,115.6848,309.1047,
176264656500,159.7728,-0.1456,0.9312,-0.5496,30.7510,115.6305,308.9421,
176278525700,159.7868,-0.1455,0.9315,-0.5497,30.5964,115.5079,308.6720,
176292170700,159.8006,-0.1455,0.9318,-0.5497,30.4331,115.3749,308.3736,
176306325500,159.8146,-0.1454,0.9319,-0.5498,30.2758,115.2434,308.0733,
176320243300,159.8285,-0.1454,0.9321,-0.5497,30.1739,115.1971,307.7520,
176334246800,159.8427,-0.1453,0.9321,-0.5497,30.0808,115.1547,307.4367,
176348116000,159.8564,-0.1451,0.9323,-0.5497,30.0112,115.0307,307.3636,
176361968300,159.8703,-0.1449,0.9324,-0.5497,29.9534,114.9230,307.3016,
176375793600,159.8842,-0.1447,0.9332,-0.5495,29.8607,114.7989,307.2983,
176389689900,159.8980,-0.1445,0.9341,-0.5493,29.7464,114.6433,307.2982,
176403674400,159.9120,-0.1442,0.9350,-0.5491,29.6181,114.4660,307.3021,
176417684400,159.9259,-0.1441,0.9358,-0.5489,29.5059,114.3371,307.3424,
176431701000,159.9401,-0.1441,0.9366,-0.5487,29.3962,114.2098,307.3862,
176445840400,159.9541,-0.1440,0.9373,-0.5486,29.2877,114.0827,307.4336,
176459617900,159.9678,-0.1439,0.9375,-0.5485,29.2694,114.0528,307.4233,
176473235600,159.9817,-0.1439,0.9377,-0.5485,29.2568,114.0314,307.4164,
176487268200,159.9955,-0.1439,0.9378,-0.5484,29.2620,114.0239,307.4189,
176501888800,160.0101,-0.1440,0.9379,-0.5484,29.2687,114.0168,307.4222,
176515056300,160.0235,-0.1440,0.9379,-0.5484,29.3121,114.0157,307.4332,
176529072000,160.0374,-0.1441,0.9380,-0.5484,29.3603,114.0156,307.4456,
176543090700,160.0513,-0.1442,0.9380,-0.5484,29.4415,114.0167,307.4668,
176556874500,160.0652,-0.1443,0.9383,-0.5485,29.5493,114.0198,307.4634,
176570650100,160.0791,-0.1443,0.9390,-0.5486,29.6818,114.0252,307.4592,
176585412800,160.0937,-0.1441,0.9399,-0.5485,29.8835,114.0087,307.4736,
176598768400,160.1070,-0.1438,0.9409,-0.5484,30.1105,113.9913,307.4903,
176612532400,160.1209,-0.1437,0.9413,-0.5482,30.3329,113.9626,307.4769,
176626465800,160.1348,-0.1436,0.9417,-0.5479,30.5551,113.9344,307.4630,
176640462500,160.1487,-0.1436,0.9420,-0.5477,30.7750,113.9069,307.4486,
176654634700,160.1630,-0.1434,0.9419,-0.5477,30.8136,113.9147,307.4641,
176668781400,160.1770,-0.1433,0.9418,-0.5477,30.8366,113.9198,307.4738,
176682550000,160.1907,-0.1432,0.9418,-0.5478,30.8324,113.8863,307.4483,
176696713300,160.2050,-0.1431,0.9418,-0.5478,30.8265,113.8497,307.4203,
176710364300,160.2187,-0.1430,0.9418,-0.5477,30.8285,113.8387,307.4216,
176724093600,160.2324,-0.1430,0.9417,-0.5477,30.8299,113.8277,307.4238,
176738410900,160.2467,-0.1429,0.9417,-0.5476,30.8307,113.8168,307.4267,
176751885900,160.2603,-0.1427,0.9418,-0.5474,30.8382,113.7772,307.3895,
176766088300,160.2742,-0.1425,0.9418,-0.5471,30.8457,113.7351,307.3494,
176779856000,160.2882,-0.1421,0.9417,-0.5470,30.8646,113.7237,307.3404,
176793572800,160.3020,-0.1417,0.9416,-0.5468,30.8846,113.7133,307.3319,
176807523200,160.3158,-0.1413,0.9415,-0.5466,30.9058,113.7036,307.3240,
176821693300,160.3299,-0.1412,0.9413,-0.5465,30.9135,113.6897,307.3079,
176835083000,160.3435,-0.1411,0.9411,-0.5464,30.9209,113.6761,307.2914,
176849469800,160.3578,-0.1410,0.9409,-0.5463,30.9281,113.6629,307.2747,
176862962800,160.3713,-0.1408,0.9407,-0.5463,30.9376,113.6356,307.2556,
176877169700,160.3853,-0.1406,0.9407,-0.5464,30.9307,113.6003,307.2616,
176890659300,160.3991,-0.1405,0.9407,-0.5464,30.9222,113.5634,307.2697,
176904945900,160.4132,-0.1402,0.9407,-0.5465,30.9117,113.5238,307.2802,
176918836000,160.4271,-0.1397,0.9408,-0.5463,30.8722,113.4000,307.3047,
176932613000,160.4410,-0.1390,0.9409,-0.5460,30.8172,113.2375,307.3405,
176946900000,160.4552,-0.1380,0.9412,-0.5458,30.7758,113.2075,307.4375,
176960825400,160.4691,-0.1371,0.9416,-0.5456,30.7334,113.1826,307.5378,
176974855300,160.4833,-0.1362,0.9419,-0.5454,30.6874,113.1609,307.6474,
176988592400,160.4968,-0.1357,0.9416,-0.5453,30.6380,113.0440,307.7370,
177002603000,160.5109,-0.1352,0.9414,-0.5452,30.5828,112.9177,307.8381,
177016583200,160.5248,-0.1349,0.9413,-0.5451,30.5857,112.8919,307.8548,
177030544200,160.5390,-0.1345,0.9412,-0.5449,30.5881,112.8758,307.8660,
177044566500,160.5527,-0.1341,0.9411,-0.5448,30.5909,112.8601,307.8778,
177058299700,160.5666,-0.1340,0.9412,-0.5447,30.5670,112.7796,307.8018,
177072128000,160.5806,-0.1339,0.9413,-0.5446,30.5079,112.5852,307.6134,
177085879800,160.5942,-0.1338,0.9412,-0.5447,30.5232,112.6092,307.6283,
177099969000,160.6082,-0.1337,0.9412,-0.5447,30.5404,112.6380,307.6454,
177113997400,160.6224,-0.1336,0.9410,-0.5447,30.5758,112.6382,307.6783,
177128081300,160.6364,-0.1335,0.9408,-0.5447,30.6147,112.6397,307.7148,
177142404800,160.6507,-0.1333,0.9405,-0.5447,30.6893,112.6446,307.7854,
177156016500,160.6644,-0.1322,0.9400,-0.5442,30.8033,112.3822,307.8138,
177169509900,160.6778,-0.1308,0.9394,-0.5436,30.9558,112.0269,307.8493,
177183370300,160.6917,-0.1305,0.9388,-0.5436,31.1424,111.6231,308.0832,
177197365500,160.7056,-0.1301,0.9382,-0.5435,31.3285,111.2197,308.3167,
177211804800,160.7202,-0.1292,0.9376,-0.5429,31.2526,110.7993,308.2276,
177225400500,160.7337,-0.1281,0.9370,-0.5422,31.1810,110.4155,308.1465,
177239257600,160.7476,-0.1272,0.9365,-0.5416,31.1100,110.0454,308.0685,
177252948100,160.7614,-0.1258,0.9347,-0.5401,31.1559,109.6797,307.9233,
177267187100,160.7754,-0.1245,0.9332,-0.5387,31.1980,109.3176,307.7801,
177281106700,160.7894,-0.1218,0.9316,-0.5359,31.2093,108.5035,306.9748,
177294804200,160.8032,-0.1196,0.9302,-0.5336,31.2079,107.6191,306.1036,
177308934300,160.8172,-0.1177,0.9291,-0.5317,31.1935,106.7776,305.2778,
177322744400,160.8310,-0.1161,0.9280,-0.5281,31.3347,104.6150,303.4646,
177336638100,160.8449,-0.1146,0.9270,-0.5252,31.4022,102.7270,301.8765,
177350595900,160.8590,-0.1124,0.9275,-0.5250,32.3862,98.0212,299.2464,
177364902500,160.8732,-0.1103,0.9279,-0.5247,32.9602,94.4206,297.1475,
177378544000,160.8868,-0.1058,0.9291,-0.5246,33.4318,91.9885,297.2981,
177392171200,160.9006,-0.1017,0.9300,-0.5243,33.7828,89.9281,297.1581,
177406914500,160.9152,-0.0983,0.9306,-0.5238,34.0591,88.0719,296.8590,
177420398500,160.9287,-0.0941,0.9316,-0.5216,33.2376,88.4097,297.8843,
177434399200,160.9427,-0.0905,0.9322,-0.5198,32.5243,88.4237,298.6873,
177447806700,160.9561,-0.0884,0.9347,-0.5185,32.3504,88.7100,299.2374,
177461655400,160.9699,-0.0864,0.9367,-0.5173,32.2093,88.8056,299.6511,
177475457600,160.9839,-0.0844,0.9382,-0.5162,32.0845,88.7780,299.9941,
177489976500,160.9982,-0.0839,0.9398,-0.5152,31.8381,88.7870,300.1109,
177503476600,161.0117,-0.0831,0.9413,-0.5143,31.6007,88.7261,300.2099,
177517567900,161.0259,-0.0832,0.9416,-0.5132,30.6302,89.5064,300.8417,
177531254900,161.0397,-0.0831,0.9420,-0.5121,29.6006,90.2029,301.4666,
177545850400,161.0541,-0.0833,0.9419,-0.5114,28.9741,90.5170,301.8972,
177559447600,161.0677,-0.0833,0.9417,-0.5108,28.4485,90.7144,302.2413,
177572967700,161.0814,-0.0833,0.9417,-0.5100,27.9828,90.8401,302.5345,
177587102000,161.0954,-0.0834,0.9411,-0.5099,27.7652,90.7643,302.5603,
177601408400,161.1096,-0.0836,0.9404,-0.5098,27.5664,90.6856,302.5894,
177615032500,161.1235,-0.0845,0.9385,-0.5107,27.5544,90.6688,302.4066,
177629090300,161.1374,-0.0854,0.9365,-0.5117,27.5210,90.6276,302.0773,
177642931200,161.1511,-0.0861,0.9355,-0.5124,27.5058,90.5225,301.7759,
177657232400,161.1655,-0.0866,0.9347,-0.5130,27.4800,90.4028,301.4661,
177670926900,161.1794,-0.0869,0.9341,-0.5134,27.4449,90.2734,301.1585,
177684715000,161.1930,-0.0881,0.9340,-0.5148,27.4268,90.2556,301.1226,
177698945000,161.2072,-0.0892,0.9338,-0.5162,27.4146,90.2436,301.1030,
177713135600,161.2215,-0.0905,0.9346,-0.5167,27.3967,90.2387,301.1186,
177726730900,161.2350,-0.0917,0.9352,-0.5172,27.3761,90.2323,301.1372,
177740669200,161.2490,-0.0927,0.9357,-0.5176,27.3529,90.2244,301.1588,
177754406900,161.2628,-0.0931,0.9364,-0.5178,27.2452,90.3420,301.3816,
177768417700,161.2767,-0.0934,0.9369,-0.5180,27.0586,90.5405,301.7654,
177782583900,161.2908,-0.0937,0.9374,-0.5183,26.7020,90.9913,302.3845,
177796353600,161.3047,-0.0939,0.9378,-0.5186,26.3283,91.4491,303.0206,
177810237100,161.3186,-0.0942,0.9378,-0.5187,26.0706,91.9926,303.5725,
177824235900,161.3325,-0.0945,0.9378,-0.5188,25.8302,92.4835,304.0745,
177837993700,161.3462,-0.0948,0.9378,-0.5190,25.6049,92.9304,304.5345,
177851935400,161.3604,-0.0952,0.9378,-0.5191,25.3910,93.3437,304.9624,
177865905800,161.3742,-0.0955,0.9376,-0.5194,25.0871,93.9475,305.5089,
177879574100,161.3878,-0.0959,0.9374,-0.5199,25.0099,94.3406,305.7491,
177893556800,161.4020,-0.0964,0.9371,-0.5204,24.9346,94.6931,305.9707,
177907821000,161.4161,-0.0969,0.9368,-0.5209,24.8566,95.0349,306.1905,
177921610000,161.4299,-0.0976,0.9362,-0.5213,24.7686,95.3028,306.4177,
177935516200,161.4438,-0.0982,0.9357,-0.5217,24.6770,95.5737,306.6484,
177949212900,161.4575,-0.0987,0.9352,-0.5222,24.6393,95.8666,306.8453,
177963292300,161.4716,-0.0992,0.9347,-0.5226,24.5965,96.1701,307.0514,
177977225500,161.4855,-0.0999,0.9340,-0.5230,24.6271,96.5225,307.2531,
177991296800,161.4996,-0.1006,0.9334,-0.5233,24.6548,96.8932,307.4675,
178005352500,161.5136,-0.1013,0.9327,-0.5236,24.6792,97.2749,307.6903,
178018993500,161.5272,-0.1026,0.9318,-0.5239,24.7967,97.7047,307.8250,
178032533800,161.5409,-0.1038,0.9309,-0.5242,24.9123,98.1466,307.9684,
178046724800,161.5549,-0.1055,0.9303,-0.5246,25.0739,98.5900,307.9978,
178060665600,161.5689,-0.1070,0.9298,-0.5249,25.2316,99.0349,308.0336,
178074288100,161.5827,-0.1083,0.9292,-0.5252,25.3827,99.4725,308.0744,
178088540400,161.5967,-0.1097,0.9287,-0.5252,25.4906,99.6973,308.0795,
178102339800,161.6105,-0.1111,0.9282,-0.5253,25.5865,99.9041,308.0877,
178116528200,161.6248,-0.1119,0.9280,-0.5256,25.6589,100.0520,308.1648,
178130208800,161.6386,-0.1126,0.9277,-0.5259,25.7290,100.1996,308.2408,
178144334700,161.6526,-0.1130,0.9274,-0.5265,25.8079,100.4158,308.3144,
178158012600,161.6662,-0.1135,0.9271,-0.5271,25.8962,100.6629,308.3983,
178172212400,161.6806,-0.1141,0.9267,-0.5277,25.9905,100.9322,308.4897,
178185751100,161.6940,-0.1145,0.9263,-0.5283,26.0519,101.1859,308.4593,
178199721500,161.7080,-0.1150,0.9259,-0.5289,26.1160,101.4537,308.4284,
178213636000,161.7220,-0.1161,0.9255,-0.5304,26.2676,101.9086,308.3213,
178227561700,161.7358,-0.1173,0.9251,-0.5318,26.4277,102.3896,308.2104,
178241549500,161.7498,-0.1184,0.9247,-0.5331,26.5833,102.8574,308.1048,
178255567700,161.7640,-0.1191,0.9241,-0.5341,26.6575,103.1594,307.9058,
178269474800,161.7776,-0.1197,0.9236,-0.5350,26.7288,103.4438,307.7241,
178283649400,161.7919,-0.1202,0.9231,-0.5361,26.8425,103.5273,307.6785,
178297226800,161.8055,-0.1208,0.9227,-0.5372,26.9369,103.6010,307.6402,
178312135200,161.8205,-0.1214,0.9222,-0.5383,27.0296,103.6768,307.6021,
178325272100,161.8334,-0.1219,0.9220,-0.5390,27.0650,103.7078,307.6082,
178339490000,161.8477,-0.1224,0.9218,-0.5398,27.0930,103.7334,307.6127,
178352955200,161.8613,-0.1229,0.9217,-0.5405,27.1260,103.7345,307.6376,
178366742100,161.8750,-0.1235,0.9216,-0.5412,27.1618,103.7362,307.6643,
178380861600,161.8889,-0.1240,0.9216,-0.5420,27.1910,103.7508,307.6737,
178394624300,161.9030,-0.1246,0.9215,-0.5429,27.2217,103.7673,307.6830,
178408753700,161.9170,-0.1249,0.9217,-0.5436,27.2637,103.7753,307.6912,
178422838900,161.9310,-0.1252,0.9218,-0.5443,27.3216,103.7866,307.7017,
178436394400,161.9446,-0.1255,0.9220,-0.5450,27.3933,103.8007,307.7137,
178450218100,161.9586,-0.1258,0.9220,-0.5457,27.5822,103.7867,307.7285,
178464100800,161.9723,-0.1260,0.9221,-0.5464,27.8156,103.7679,307.7447,
178478003800,161.9863,-0.1261,0.9223,-0.5470,28.1452,103.6908,307.7797,
178492614100,162.0009,-0.1262,0.9225,-0.5476,28.4901,103.6067,307.8140,
178506131400,162.0144,-0.1263,0.9226,-0.5482,28.8270,103.5215,307.8453,
178520147300,162.0284,-0.1266,0.9227,-0.5487,29.1273,103.4160,307.9105,
178534078400,162.0425,-0.1268,0.9227,-0.5493,29.4120,103.3135,307.9709,
178548054400,162.0563,-0.1271,0.9226,-0.5496,29.5839,103.2399,307.9695,
178561674900,162.0699,-0.1273,0.9226,-0.5499,29.7350,103.1736,307.9670,
178575798500,162.0842,-0.1276,0.9225,-0.5500,29.8145,103.1263,307.9347,
178589791600,162.0981,-0.1278,0.9225,-0.5500,29.8828,103.0844,307.9056,
178603810000,162.1120,-0.1281,0.9225,-0.5501,29.9506,103.0420,307.8756,
178617773200,162.1260,-0.1284,0.9224,-0.5500,29.9750,103.0219,307.8488,
178631175700,162.1396,-0.1288,0.9224,-0.5500,29.9987,103.0017,307.8214,
178645612300,162.1538,-0.1291,0.9224,-0.5500,30.0232,102.9802,307.7918,
178659511300,162.1677,-0.1293,0.9223,-0.5500,30.0574,102.9619,307.7725,
178673206000,162.1816,-0.1295,0.9223,-0.5501,30.0958,102.9412,307.7505,
178687041400,162.1953,-0.1301,0.9221,-0.5505,30.1297,102.9398,307.7856,
178701018400,162.2092,-0.1308,0.9218,-0.5510,30.1775,102.9391,307.8391,
178714845200,162.2232,-0.1311,0.9215,-0.5513,30.1920,102.9486,307.8438,
178728718900,162.2370,-0.1314,0.9213,-0.5515,30.2055,102.9599,307.8488,
178743186500,162.2514,-0.1320,0.9209,-0.5520,30.2044,103.0076,307.8792,
178757054700,162.2653,-0.1326,0.9206,-0.5525,30.2009,103.0606,307.9124,
178770408700,162.2787,-0.1332,0.9203,-0.5530,30.1933,103.1378,307.9602,
178784461400,162.2927,-0.1336,0.9201,-0.5531,30.1702,103.2113,308.0009,
178798407300,162.3066,-0.1340,0.9200,-0.5532,30.1391,103.3011,308.0499,
178812090900,162.3204,-0.1341,0.9200,-0.5532,30.1109,103.4302,308.1078,
178826862800,162.3349,-0.1342,0.9200,-0.5531,30.0753,103.5806,308.1740,
178840126200,162.3484,-0.1343,0.9200,-0.5531,30.0336,103.7463,308.2456,
178853833000,162.3622,-0.1344,0.9199,-0.5531,29.9529,103.8681,308.2413,
178867984900,162.3762,-0.1344,0.9198,-0.5530,29.8638,103.9965,308.2333,
178882057100,162.3902,-0.1345,0.9197,-0.5530,29.8470,104.0346,308.2504,
178895822100,162.4042,-0.1347,0.9196,-0.5529,29.8345,104.0618,308.2627,
178909983700,162.4182,-0.1351,0.9192,-0.5528,29.8303,104.0711,308.2723,
178923563700,162.4318,-0.1356,0.9187,-0.5525,29.8263,104.0790,308.2819,
178937581200,162.4457,-0.1362,0.9181,-0.5523,29.8224,104.0856,308.2914,
178951218400,162.4596,-0.1365,0.9181,-0.5522,29.8275,104.1077,308.3145,
178965323600,162.4735,-0.1368,0.9180,-0.5521,29.8336,104.1301,308.3389,
178979236100,162.4875,-0.1369,0.9179,-0.5521,29.8564,104.1424,308.3620,
178993579100,162.5019,-0.1370,0.9178,-0.5520,29.8816,104.1539,308.3860,
179007261400,162.5155,-0.1372,0.9177,-0.5520,29.9092,104.1646,308.4109,
179021014400,162.5293,-0.1373,0.9177,-0.5521,29.9325,104.1806,308.4396,
179034850600,162.5432,-0.1373,0.9176,-0.5522,29.9574,104.1965,308.4694,
179048939200,162.5571,-0.1373,0.9175,-0.5523,29.9844,104.2089,308.4816,
179062864500,162.5711,-0.1373,0.9174,-0.5524,30.0129,104.2209,308.4931,
179076783800,162.5850,-0.1374,0.9172,-0.5524,30.0699,104.2449,308.5142,
179090610500,162.5990,-0.1375,0.9171,-0.5525,30.1580,104.2804,308.5449,
179104625900,162.6128,-0.1376,0.9169,-0.5526,30.2677,104.3230,308.5808,
179118610200,162.6269,-0.1376,0.9168,-0.5528,30.3909,104.4216,308.6721,
179132413700,162.6408,-0.1376,0.9167,-0.5529,30.5273,104.5314,308.7733,
179146535000,162.6548,-0.1376,0.9166,-0.5530,30.6227,104.6042,308.8366,
179160339500,162.6685,-0.1377,0.9165,-0.5531,30.7097,104.6707,308.8941,
179174133700,162.6825,-0.1377,0.9164,-0.5533,30.7929,104.7344,308.9487,
179188151800,162.6964,-0.1376,0.9163,-0.5533,30.8240,104.8124,308.9385,
179202345100,162.7106,-0.1375,0.9163,-0.5533,30.8581,104.9039,308.9237,
179216733600,162.7249,-0.1374,0.9161,-0.5533,30.9061,104.9495,308.9392,
179229833300,162.7382,-0.1373,0.9160,-0.5534,30.9511,104.9916,308.9534,
179243743000,162.7520,-0.1371,0.9159,-0.5534,30.9964,105.0336,308.9672,
179257721400,162.7660,-0.1371,0.9157,-0.5534,31.0285,105.0448,308.9465,
179271578400,162.7799,-0.1371,0.9154,-0.5534,31.0615,105.0548,308.9231,
179285679400,162.7940,-0.1372,0.9152,-0.5534,31.0817,105.0632,308.9150,
179299506700,162.8078,-0.1372,0.9151,-0.5533,31.1016,105.0707,308.9060,
179313367100,162.8218,-0.1371,0.9149,-0.5533,31.1262,105.0761,308.8928,
179327437100,162.8356,-0.1370,0.9147,-0.5532,31.1511,105.0806,308.8784,
179341276500,162.8496,-0.1368,0.9144,-0.5531,31.1762,105.0842,308.8630,
179355075800,162.8635,-0.1369,0.9142,-0.5532,31.2040,105.1372,308.8820,
179369264000,162.8775,-0.1370,0.9140,-0.5532,31.2518,105.2328,308.9177,
179383109700,162.8913,-0.1371,0.9139,-0.5532,31.3315,105.3888,308.8893,
179397078000,162.9053,-0.1372,0.9138,-0.5532,31.4244,105.5775,308.8535,
179411017400,162.9194,-0.1374,0.9136,-0.5532,31.5244,105.7823,308.8730,
179425168300,162.9335,-0.1375,0.9135,-0.5531,31.6202,105.9847,308.8934,
179438821900,162.9470,-0.1376,0.9134,-0.5531,31.7110,106.1820,308.9145,
179452839900,162.9613,-0.1377,0.9132,-0.5530,31.7579,106.4097,308.8865,
179466576500,162.9748,-0.1377,0.9131,-0.5528,31.8022,106.6413,308.8577,
179480528300,162.9888,-0.1377,0.9129,-0.5528,31.7953,106.7318,308.6888,
179494448400,163.0028,-0.1376,0.9126,-0.5527,31.7846,106.8204,308.5134,
179508721400,163.0170,-0.1377,0.9124,-0.5526,31.7366,106.9124,308.4095,
179522565600,163.0308,-0.1378,0.9121,-0.5525,31.6869,106.9993,308.3081,
179536419300,163.0446,-0.1379,0.9117,-0.5524,31.6340,107.0846,308.2058,
179550303800,163.0586,-0.1379,0.9113,-0.5525,31.5781,107.1960,308.1815,
179564262500,163.0725,-0.1380,0.9108,-0.5526,31.5203,107.3060,308.1579,
179577955400,163.0862,-0.1380,0.9106,-0.5526,31.4882,107.3584,308.1479,
179591682300,163.1001,-0.1380,0.9104,-0.5527,31.4603,107.4017,308.1400,
179605927700,163.1141,-0.1380,0.9102,-0.5527,31.4330,107.4424,308.1329,
179619730400,163.1280,-0.1380,0.9101,-0.5528,31.4019,107.5070,308.1636,
179633525600,163.1419,-0.1379,0.9099,-0.5528,31.3635,107.5854,308.2027,
179647558700,163.1558,-0.1379,0.9098,-0.5528,31.3411,107.5968,308.2043,
179661675800,163.1698,-0.1379,0.9096,-0.5527,31.3174,107.6070,308.2057,
179675573300,163.1840,-0.1379,0.9094,-0.5527,31.3051,107.6373,308.1915,
179689894500,163.1982,-0.1379,0.9093,-0.5527,31.2930,107.6688,308.1755,
179703722800,163.2120,-0.1380,0.9091,-0.5527,31.2775,107.7104,308.1530,
179717764600,163.2260,-0.1380,0.9088,-0.5528,31.2745,107.7350,308.1489,
179731303500,163.2397,-0.1380,0.9084,-0.5530,31.2725,107.7597,308.1447,
179745303800,163.2536,-0.1382,0.9079,-0.5534,31.2583,107.7960,308.1756,
179759073300,163.2673,-0.1384,0.9074,-0.5539,31.2436,107.8335,308.2098,
179772997800,163.2814,-0.1385,0.9068,-0.5544,31.2284,107.8723,308.2473,
179786895300,163.2951,-0.1385,0.9063,-0.5551,31.2225,107.9015,308.2942,
179800824400,163.3091,-0.1386,0.9059,-0.5556,31.2164,107.9340,308.3502,
179815385000,163.3238,-0.1386,0.9056,-0.5558,31.2185,107.9541,308.3840,
179828983900,163.3372,-0.1385,0.9053,-0.5559,31.2216,107.9734,308.4193,
179842590900,163.3509,-0.1385,0.9050,-0.5561,31.2259,107.9921,308.4559,
179856571200,163.3648,-0.1385,0.9049,-0.5562,31.2523,108.0721,308.5636,
179870294000,163.3787,-0.1385,0.9048,-0.5563,31.2938,108.1896,308.7239,
179884454200,163.3926,-0.1384,0.9044,-0.5564,31.3073,108.2240,308.7159,
179898531600,163.4068,-0.1383,0.9039,-0.5566,31.3221,108.2589,308.7043,
179912024400,163.4205,-0.1383,0.9035,-0.5570,31.3399,108.3425,308.7025,
179926454900,163.4347,-0.1384,0.9030,-0.5574,31.3647,108.4563,308.6961,
179940568900,163.4488,-0.1384,0.9025,-0.5578,31.3942,108.5885,308.6847,
179954148800,163.4626,-0.1385,0.9022,-0.5579,31.3775,108.7562,308.4739,
179967990300,163.4763,-0.1385,0.9019,-0.5580,31.3566,108.9479,308.2142,
179981837300,163.4901,-0.1387,0.9017,-0.5582,31.3097,109.0876,308.0092,
179995823700,163.5042,-0.1389,0.9016,-0.5583,31.2642,109.2129,307.8103,
180009915500,163.5182,-0.1391,0.9015,-0.5585,31.2304,109.3114,307.6617,
180023753500,163.5320,-0.1393,0.9015,-0.5587,31.1980,109.3989,307.5203,
180037774000,163.5460,-0.1396,0.9014,-0.5590,31.1659,109.4805,307.3800,
180051535700,163.5599,-0.1401,0.9016,-0.5599,31.1713,109.5281,307.3977,
180065441300,163.5737,-0.1407,0.9018,-0.5610,31.1752,109.5630,307.4107,
180079441200,163.5877,-0.1411,0.9017,-0.5615,31.2076,109.5897,307.4224,
180093273200,163.6017,-0.1415,0.9017,-0.5620,31.2431,109.6173,307.4346,
180107363000,163.6156,-0.1419,0.9016,-0.5624,31.2884,109.6510,307.4498,
180121864000,163.6302,-0.1434,0.9027,-0.5615,31.1575,109.4720,307.1059,
180135161500,163.6436,-0.1455,0.9040,-0.5603,30.8558,109.0653,306.3343,
180149179700,163.6575,-0.1478,0.9066,-0.5605,31.0356,108.9974,305.7962,
180163091000,163.6713,-0.1497,0.9087,-0.5607,31.2094,108.9227,305.2654,
180176837600,163.6852,-0.1513,0.9105,-0.5608,31.3734,108.8442,304.7548,
180190980700,163.6994,-0.1527,0.9131,-0.5604,31.4049,108.6364,304.0775,
180205077700,163.7134,-0.1539,0.9154,-0.5601,31.4351,108.4349,303.4285,
180218802100,163.7270,-0.1540,0.9158,-0.5602,31.4691,108.5883,303.4514,
180232263600,163.7407,-0.1541,0.9162,-0.5603,31.4941,108.6951,303.4612,
180246128000,163.7544,-0.1538,0.9164,-0.5601,31.4712,108.7319,303.5172,
180260036900,163.7683,-0.1534,0.9166,-0.5598,31.4461,108.7705,303.5762,
180274168300,163.7825,-0.1529,0.9170,-0.5595,31.3981,108.8417,303.6854,
180288050100,163.7963,-0.1525,0.9171,-0.5594,31.3735,109.2622,304.5603,
180302122700,163.8104,-0.1522,0.9172,-0.5594,31.3407,109.7538,305.5920,
180315682700,163.8241,-0.1521,0.9172,-0.5593,31.1313,110.0220,305.9841,
180330037400,163.8383,-0.1519,0.9172,-0.5593,30.9593,110.2386,306.3044,
180343651800,163.8520,-0.1516,0.9170,-0.5591,30.6743,110.4354,306.2982,
180357655100,163.8660,-0.1512,0.9166,-0.5589,30.3540,110.6552,306.2897,
180371365500,163.8798,-0.1508,0.9162,-0.5586,30.0070,110.8918,306.2788,
180385819100,163.8940,-0.1506,0.9165,-0.5587,29.8026,111.1903,306.2295,
180399403900,163.9077,-0.1503,0.9170,-0.5590,29.5994,111.4833,306.1800,
180413205400,163.9216,-0.1500,0.9175,-0.5593,29.5546,111.4463,306.0942,
180427520200,163.9358,-0.1496,0.9181,-0.5596,29.5240,111.4224,306.0375,
180442158400,163.9504,-0.1492,0.9187,-0.5600,29.4932,111.3995,305.9820,
180455223400,163.9637,-0.1488,0.9199,-0.5600,29.4793,111.3639,305.9646,
180468982600,163.9773,-0.1483,0.9212,-0.5599,29.4640,111.3257,305.9463,
180483163500,163.9915,-0.1482,0.9215,-0.5600,29.4714,111.2997,305.9450,
180496842900,164.0051,-0.1482,0.9217,-0.5600,29.4799,111.2725,305.9444,
180510621800,164.0191,-0.1483,0.9218,-0.5599,29.4630,111.2565,305.9530,
180524660200,164.0329,-0.1484,0.9218,-0.5598,29.4445,111.2408,305.9633,
180538704300,164.0470,-0.1485,0.9218,-0.5597,29.4243,111.2253,305.9750,
180552427000,164.0608,-0.1487,0.9218,-0.5595,29.3861,111.1993,305.9671,
180566463300,164.0748,-0.1490,0.9218,-0.5593,29.3363,111.1671,305.9570,
180580440400,164.0887,-0.1494,0.9217,-0.5591,29.2359,111.1282,305.9074,
180594117000,164.1026,-0.1499,0.9217,-0.5589,29.1015,111.0796,305.8405,
180608360900,164.1166,-0.1504,0.9216,-0.5586,28.9447,111.0265,305.7619,
180622464500,164.1307,-0.1508,0.9216,-0.5585,28.9204,111.0364,305.7592,
180636090700,164.1445,-0.1512,0.9217,-0.5584,28.8997,111.0468,305.7573,
180650006900,164.1582,-0.1516,0.9217,-0.5584,28.8750,111.0711,305.7410,
180664069000,164.1723,-0.1519,0.9217,-0.5584,28.8458,111.1026,305.7209,
180678330200,164.1866,-0.1521,0.9217,-0.5584,28.8352,111.1084,305.6976,
180691909600,164.2003,-0.1523,0.9217,-0.5585,28.8255,111.1147,305.6727,
180705720900,164.2140,-0.1525,0.9216,-0.5585,28.8167,111.1215,305.6464,
180719675300,164.2279,-0.1526,0.9216,-0.5586,28.7665,111.0952,305.5618,
180733666700,164.2421,-0.1527,0.9215,-0.5587,28.6889,111.0526,305.4279,
180747694300,164.2560,-0.1530,0.9212,-0.5588,28.6847,111.0376,305.3917,
180761411800,164.2696,-0.1534,0.9208,-0.5590,28.6826,111.0237,305.3602,
180775143100,164.2835,-0.1539,0.9204,-0.5593,28.6819,111.0089,305.3278,
180789146800,164.2974,-0.1543,0.9204,-0.5592,28.6836,110.9624,305.1974,
180803137000,164.3114,-0.1547,0.9204,-0.5592,28.6893,110.8922,305.0027,
180817367700,164.3256,-0.1548,0.9205,-0.5591,28.6936,110.8959,304.9064,
180830836400,164.3392,-0.1549,0.9207,-0.5590,28.6995,110.9009,304.8192,
180845002300,164.3533,-0.1550,0.9208,-0.5588,28.6718,110.9205,304.7325,
180858999600,164.3673,-0.1550,0.9210,-0.5586,28.6420,110.9437,304.6414,
180872569000,164.3810,-0.1551,0.9212,-0.5584,28.6106,110.9704,304.5469,
180886675200,164.3949,-0.1552,0.9213,-0.5582,28.6135,110.9512,304.5226,
180900755400,164.4091,-0.1553,0.9213,-0.5581,28.6172,110.9305,304.4986,
180914298900,164.4227,-0.1552,0.9214,-0.5580,28.6006,110.8829,304.4523,
180928510900,164.4368,-0.1551,0.9215,-0.5579,28.5733,110.8046,304.3792,
180942361400,164.4506,-0.1550,0.9216,-0.5578,28.5355,110.6962,304.2813,
180956055600,164.4645,-0.1551,0.9215,-0.5578,28.5423,110.6618,304.2769,
180970212800,164.4785,-0.1551,0.9214,-0.5578,28.5503,110.6258,304.2745,
180984212400,164.4925,-0.1551,0.9213,-0.5579,28.5516,110.5818,304.2656,
180998067600,164.5063,-0.1550,0.9211,-0.5579,28.5535,110.5284,304.2566,
181011942800,164.5204,-0.1550,0.9211,-0.5579,28.5694,110.4895,304.2357,
181026273800,164.5346,-0.1550,0.9211,-0.5578,28.5872,110.4491,304.2143,
181040364900,164.5487,-0.1551,0.9211,-0.5577,28.6087,110.4030,304.1902,
181053768800,164.5621,-0.1549,0.9211,-0.5577,28.6116,110.3699,304.1788,
181067749300,164.5761,-0.1547,0.9211,-0.5577,28.6143,110.3366,304.1681,
181081690600,164.5899,-0.1546,0.9212,-0.5576,28.6302,110.3024,304.1661,
181095353500,164.6038,-0.1544,0.9213,-0.5574,28.6472,110.2680,304.1655,
181109832200,164.6180,-0.1543,0.9214,-0.5573,28.6654,110.2334,304.1662,
181123381900,164.6317,-0.1542,0.9214,-0.5571,28.6639,110.1898,304.1494,
181137248300,164.6455,-0.1540,0.9214,-0.5569,28.6616,110.1452,304.1323,
181151059200,164.6595,-0.1536,0.9214,-0.5566,28.6651,110.1094,304.1211,
181165159500,164.6734,-0.1532,0.9213,-0.5562,28.6684,110.0735,304.1100,
181179315900,164.6876,-0.1529,0.9214,-0.5559,28.6816,110.0556,304.1183,
181192941200,164.7014,-0.1527,0.9215,-0.5557,28.6957,110.0393,304.1286,
181206945700,164.7152,-0.1525,0.9217,-0.5554,28.7106,110.0248,304.1410,
181220984000,164.7292,-0.1524,0.9217,-0.5553,28.6876,110.0203,304.1630,
181234649100,164.7431,-0.1523,0.9218,-0.5552,28.6620,110.0182,304.1875,
181248763800,164.7571,-0.1523,0.9217,-0.5552,28.6849,110.0056,304.3092,
181262798400,164.7711,-0.1523,0.9216,-0.5552,28.7261,109.9895,304.5248,
181276690500,164.7849,-0.1522,0.9216,-0.5551,28.7059,109.9222,304.5868,
181290381000,164.7988,-0.1521,0.9216,-0.5550,28.6865,109.8615,304.6430,
181304395600,164.8126,-0.1521,0.9215,-0.5550,28.6665,109.8024,304.6979,
181318720400,164.8270,-0.1521,0.9217,-0.5550,28.6842,109.7349,304.8747,
181332290600,164.8407,-0.1521,0.9218,-0.5550,28.7057,109.6592,305.0816,
181347037300,164.8553,-0.1520,0.9218,-0.5549,28.7606,109.6018,305.2125,
181360245600,164.8685,-0.1519,0.9219,-0.5549,28.8134,109.5504,305.3339,
181374207000,164.8826,-0.1518,0.9219,-0.5548,28.8659,109.5027,305.4508,
181388264000,164.8965,-0.1518,0.9221,-0.5547,28.9128,109.5335,305.5512,
181402328300,164.9105,-0.1517,0.9222,-0.5547,28.9580,109.5653,305.6463,
181415695400,164.9241,-0.1517,0.9223,-0.5545,28.9604,109.5859,305.6616,
181430050200,164.9383,-0.1517,0.9224,-0.5544,28.9625,109.6087,305.6766,
181443770500,164.9520,-0.1516,0.9224,-0.5544,28.9455,109.6219,305.6867,
181457669800,164.9659,-0.1515,0.9224,-0.5543,28.9264,109.6360,305.6960,
181471705400,164.9801,-0.1515,0.9224,-0.5542,28.9051,109.6511,305.7045,
181485492300,164.9938,-0.1515,0.9223,-0.5542,28.8735,109.6474,305.6776,
181499743200,165.0080,-0.1516,0.9222,-0.5541,28.8392,109.6427,305.6468,
181513405000,165.0219,-0.1517,0.9222,-0.5541,28.8200,109.6330,305.6368,
181528254500,165.0365,-0.1518,0.9221,-0.5541,28.8000,109.6221,305.6256,
181541214700,165.0495,-0.1520,0.9220,-0.5542,28.7792,109.6099,305.6132,
181554880100,165.0632,-0.1521,0.9221,-0.5541,28.7898,109.5704,305.5804,
181568947400,165.0772,-0.1521,0.9221,-0.5540,28.8024,109.5274,305.5447,
181583002100,165.0913,-0.1521,0.9222,-0.5540,28.8248,109.5075,305.5413,
181596891700,165.1052,-0.1520,0.9223,-0.5540,28.8499,109.4869,305.5384,
181610806500,165.1192,-0.1521,0.9225,-0.5539,28.8680,109.4596,305.5261,
181625021600,165.1333,-0.1521,0.9228,-0.5538,28.8876,109.4310,305.5133,
181638782100,165.1471,-0.1522,0.9232,-0.5537,28.9087,109.4011,305.5001,
181652840100,165.1613,-0.1522,0.9236,-0.5536,28.9695,109.3940,305.5416,
181667556800,165.1756,-0.1523,0.9240,-0.5534,29.0810,109.3844,305.6205,
181680452500,165.1887,-0.1524,0.9245,-0.5533,29.2275,109.3759,305.7276,
181694200900,165.2026,-0.1525,0.9252,-0.5530,29.3530,109.3818,305.8510,
181708363600,165.2167,-0.1526,0.9259,-0.5528,29.4820,109.3918,305.9814,
181722261900,165.2305,-0.1525,0.9269,-0.5525,29.6735,109.3814,306.0918,
181735992600,165.2444,-0.1524,0.9278,-0.5521,29.8736,109.3738,306.2089,
181750102200,165.2584,-0.1523,0.9280,-0.5521,30.0532,109.4604,306.3774,
181764189900,165.2725,-0.1523,0.9282,-0.5520,30.2325,109.5524,306.5494,
181778382600,165.2866,-0.1522,0.9283,-0.5520,30.4106,109.6488,306.7237,
181791633200,165.3001,-0.1521,0.9284,-0.5520,30.4892,109.6514,306.7901,
181805732300,165.3140,-0.1520,0.9285,-0.5520,30.5530,109.6549,306.8450,
181820681500,165.3290,-0.1519,0.9286,-0.5520,30.5991,109.6721,306.8647,
181834293700,165.3427,-0.1518,0.9286,-0.5520,30.6406,109.6885,306.8824,
181847891300,165.3562,-0.1517,0.9286,-0.5521,30.6843,109.7068,306.9009,
181861516200,165.3698,-0.1517,0.9286,-0.5520,30.7173,109.7106,306.9045,
181875206800,165.3837,-0.1516,0.9287,-0.5521,30.7635,109.7222,306.8921,
181889596900,165.3978,-0.1515,0.9287,-0.5523,30.8267,109.7388,306.8734,
181903527000,165.4118,-0.1514,0.9288,-0.5525,30.9049,109.7599,306.8482,
181917478900,165.4258,-0.1513,0.9288,-0.5527,30.9641,109.7555,306.8154,
181931338100,165.4398,-0.1513,0.9288,-0.5530,31.0230,109.7503,306.7805,
181945112700,165.4534,-0.1513,0.9288,-0.5531,31.0533,109.7350,306.7066,
181959034700,165.4673,-0.1513,0.9289,-0.5533,31.0869,109.7153,306.6137,
181972753200,165.4812,-0.1514,0.9289,-0.5534,31.1234,109.6908,306.5005,
181986804600,165.4951,-0.1514,0.9289,-0.5536,31.1452,109.6892,306.4499,
182000789500,165.5090,-0.1514,0.9289,-0.5538,31.1623,109.6879,306.4059,
182014470600,165.5229,-0.1515,0.9288,-0.5539,31.1633,109.7228,306.3980,
182028437500,165.5368,-0.1517,0.9287,-0.5541,31.1626,109.7610,306.3910,
182042602500,165.5509,-0.1518,0.9286,-0.5542,31.1596,109.8119,306.3835,
182056439000,165.5647,-0.1518,0.9286,-0.5543,31.1398,109.8485,306.3895,
182070252200,165.5787,-0.1519,0.9287,-0.5545,31.1149,109.8912,306.3980,
182084563000,165.5929,-0.1519,0.9285,-0.5547,31.0698,109.9381,306.4275,
182098778200,165.6071,-0.1519,0.9283,-0.5550,31.0056,110.0015,306.4701,
182112354000,165.6207,-0.1520,0.9282,-0.5552,30.9925,110.0171,306.4898,
182126113800,165.6344,-0.1521,0.9282,-0.5553,30.9788,110.0321,306.5114,
182140061000,165.6484,-0.1522,0.9281,-0.5555,30.9644,110.0466,306.5349,
182153938000,165.6624,-0.1523,0.9280,-0.5556,30.9229,110.0516,306.5396,
182168552600,165.6768,-0.1524,0.9278,-0.5558,30.8786,110.0554,306.5441,
182182014000,165.6903,-0.1525,0.9278,-0.5560,30.8701,110.0705,306.5135,
182196288400,165.7046,-0.1525,0.9278,-0.5562,30.8626,110.0856,306.4795,
182209622900,165.7181,-0.1526,0.9278,-0.5563,30.8550,110.1028,306.4370,
182223925600,165.7322,-0.1527,0.9277,-0.5565,30.8544,110.1251,306.4303,
182237628100,165.7460,-0.1529,0.9277,-0.5567,30.8551,110.1481,306.4234,
182251340000,165.7598,-0.1529,0.9277,-0.5567,30.8526,110.1668,306.4107,
182265558200,165.7739,-0.1529,0.9277,-0.5567,30.8509,110.1856,306.3973,
182279562300,165.7878,-0.1529,0.9278,-0.5568,30.8499,110.2045,306.3832,
182293089900,165.8016,-0.1530,0.9277,-0.5568,30.8413,110.2098,306.3990,
182307383500,165.8157,-0.1531,0.9276,-0.5568,30.8327,110.2141,306.4167,
182321763300,165.8301,-0.1531,0.9275,-0.5569,30.8090,110.1866,306.3928,
182335102100,165.8435,-0.1532,0.9274,-0.5570,30.7838,110.1553,306.3668,
182348993300,165.8573,-0.1531,0.9272,-0.5572,30.7567,110.1132,306.3824,
182362931700,165.8713,-0.1531,0.9270,-0.5574,30.7002,110.0212,306.4179,
182376755200,165.8851,-0.1530,0.9269,-0.5574,30.5962,109.9665,306.3944,
182390712000,165.8991,-0.1528,0.9268,-0.5575,30.4735,109.9025,306.3662,
182404689000,165.9130,-0.1527,0.9268,-0.5576,30.3347,109.8306,306.3339,
182418728300,165.9271,-0.1526,0.9266,-0.5577,30.2495,109.8906,306.3132,
182432575200,165.9410,-0.1526,0.9265,-0.5579,30.1482,109.9665,306.2879,
182446694300,165.9550,-0.1527,0.9262,-0.5579,29.9754,110.1463,306.2007,
182460370900,165.9687,-0.1528,0.9259,-0.5579,29.7721,110.3671,306.0944,
182474168800,165.9826,-0.1529,0.9256,-0.5580,29.5630,110.6035,305.9813,
182488329000,165.9967,-0.1534,0.9249,-0.5580,29.4033,110.8913,305.8071,
182502430900,166.0107,-0.1538,0.9241,-0.5580,29.2507,111.1783,305.6343,
182515835700,166.0243,-0.1543,0.9240,-0.5581,29.1135,111.3745,305.3882,
182530463200,166.0388,-0.1547,0.9240,-0.5581,28.9865,111.5644,305.1534,
182543641700,166.0520,-0.1552,0.9238,-0.5581,28.9242,111.5885,305.0453,
182557985800,166.0662,-0.1557,0.9237,-0.5582,28.8765,111.6087,304.9605,
182571562800,166.0800,-0.1562,0.9236,-0.5582,28.8337,111.6281,304.8827,
182585943100,166.0943,-0.1563,0.9236,-0.5583,28.7732,111.6492,304.7467,
182599655500,166.1080,-0.1565,0.9236,-0.5583,28.7038,111.6749,304.5882,
182613365300,166.1218,-0.1565,0.9235,-0.5583,28.6632,111.6717,304.4486,
182627314500,166.1357,-0.1566,0.9234,-0.5583,28.6235,111.6688,304.3087,
182641067500,166.1494,-0.1566,0.9234,-0.5583,28.5834,111.6660,304.1642,
182655153100,166.1636,-0.1566,0.9234,-0.5584,28.5001,111.7147,304.0082,
182669278500,166.1775,-0.1565,0.9235,-0.5585,28.4100,111.7687,303.8389,
182682952400,166.1913,-0.1561,0.9237,-0.5585,28.2273,111.6332,303.3335,
182697108200,166.2054,-0.1552,0.9242,-0.5584,28.0273,111.4848,302.7816,
182710842100,166.2193,-0.1540,0.9242,-0.5585,27.9213,111.4382,302.4871,
182725168200,166.2334,-0.1527,0.9243,-0.5585,27.8302,111.3973,302.2323,
182738954200,166.2473,-0.1515,0.9244,-0.5586,27.7464,111.3591,301.9973,
182752546100,166.2610,-0.1485,0.9247,-0.5585,27.4889,111.0949,300.5394,
182766640500,166.2749,-0.1458,0.9250,-0.5585,27.2235,110.8347,299.0718,
182780683600,166.2890,-0.1398,0.9249,-0.5571,27.7470,110.4341,294.5661,
182794346200,166.3028,-0.1350,0.9247,-0.5560,28.1022,110.0952,291.1598,
182808628200,166.3169,-0.1314,0.9246,-0.5552,28.3350,109.8283,288.6673,
182822357800,166.3306,-0.1221,0.9275,-0.5560,33.9552,109.2936,275.9998,
182836712200,166.3448,-0.1149,0.9295,-0.5565,36.5653,108.4045,269.2492,
182850220700,166.3586,-0.1091,0.9311,-0.5567,37.9368,107.6827,265.1815,
182864251600,166.3725,-0.0946,0.9364,-0.5593,42.0157,103.5338,256.2611,
182878313000,166.3865,-0.0821,0.9459,-0.5561,46.1416,97.2337,238.7093,
182892119300,166.4004,-0.0720,0.9531,-0.5539,47.4336,93.8410,230.4804,
182906373300,166.4146,-0.0633,0.9588,-0.5521,47.9968,91.7804,225.6817,
182920599000,166.4288,-0.0650,0.9640,-0.5521,45.1165,84.2849,208.9435,
182933454700,166.4418,-0.0646,0.9686,-0.5519,43.4409,81.2946,201.4330,
182947503900,166.4557,-0.0857,0.9713,-0.5505,34.2230,77.9959,201.1019,
182961448000,166.4697,-0.0997,0.9742,-0.5493,29.0707,76.1770,200.3659,
182975151900,166.4835,-0.1140,0.9720,-0.5436,24.7393,73.8916,201.5576,
182989391400,166.4976,-0.1243,0.9712,-0.5393,21.6634,72.3210,201.8219,
183003206800,166.5114,-0.1321,0.9713,-0.5358,19.1513,71.1069,201.6977,
183017301700,166.5255,-0.1365,0.9661,-0.5335,19.7590,70.2182,204.2489,
183031353200,166.5397,-0.1404,0.9629,-0.5314,19.6771,69.2749,206.0186,
183044864100,166.5530,-0.1401,0.9626,-0.5307,22.3143,68.5003,206.9172,
183059044500,166.5672,-0.1404,0.9625,-0.5300,24.0185,67.6496,207.5697,
183072834900,166.5812,-0.1409,0.9625,-0.5293,25.0071,66.8127,208.0156,
183087070700,166.5953,-0.1397,0.9631,-0.5290,26.5967,66.0549,209.0764,
183100782700,166.6090,-0.1381,0.9642,-0.5281,27.6651,65.2745,209.8732,
183114739100,166.6230,-0.1348,0.9668,-0.5286,27.3606,63.7454,209.8877,
183128727500,166.6369,-0.1324,0.9691,-0.5288,27.0766,62.2784,209.9539,
183142321300,166.6505,-0.1324,0.9696,-0.5294,27.1564,61.8038,210.3321,
183156525900,166.6647,-0.1325,0.9700,-0.5297,27.2011,61.2610,210.6744,
183170421800,166.6787,-0.1326,0.9703,-0.5299,27.2255,60.6311,211.0160,
183184423600,166.6926,-0.1324,0.9699,-0.5298,28.3450,60.7204,211.3783,
183198308300,166.7065,-0.1320,0.9689,-0.5294,29.5002,60.6870,211.7985,
183212161900,166.7205,-0.1315,0.9679,-0.5266,31.1303,62.3334,214.3205,
183226093200,166.7342,-0.1311,0.9670,-0.5235,32.4706,63.6550,216.5549,
183239935600,166.7481,-0.1308,0.9662,-0.5208,33.5052,64.6267,218.3819,
183253700600,166.7620,-0.1267,0.9669,-0.5204,31.6941,67.8474,238.7438,
183267812000,166.7760,-0.1231,0.9676,-0.5197,30.7545,69.0000,247.5793,
183281769200,166.7899,-0.1219,0.9669,-0.5181,29.8018,69.5826,257.9758,
183295442800,166.8038,-0.1209,0.9664,-0.5167,29.3495,69.8459,263.0085,
183309865200,166.8180,-0.1190,0.9672,-0.5147,25.8719,70.2742,275.9535,
183323451600,166.8316,-0.1173,0.9679,-0.5127,24.3880,70.2062,281.7329,
183337329700,166.8455,-0.1158,0.9686,-0.5109,23.5923,70.1112,285.1144,
183350836100,166.8592,-0.1160,0.9683,-0.5111,22.3375,69.7526,289.2476,
183365130500,166.8733,-0.1162,0.9681,-0.5112,21.5096,69.4707,292.2769,
183379258800,166.8875,-0.1166,0.9681,-0.5114,21.1874,69.0935,293.1211,
183393108400,166.9014,-0.1173,0.9682,-0.5116,20.8630,68.7934,294.2186,
183406859700,166.9151,-0.1179,0.9682,-0.5118,20.5072,68.5001,295.5694,
183420638900,166.9288,-0.1185,0.9686,-0.5119,20.5619,68.4977,295.3886,
183434913500,166.9433,-0.1191,0.9690,-0.5120,20.5740,68.4911,295.3610,
183449100500,166.9572,-0.1196,0.9693,-0.5123,20.5677,68.5199,295.4187,
183463078300,166.9713,-0.1201,0.9696,-0.5125,20.5240,68.5997,295.7069,
183476360200,166.9846,-0.1201,0.9697,-0.5125,20.2823,69.0346,297.5792,
183490684400,166.9991,-0.1200,0.9698,-0.5124,19.9500,69.4524,299.8350,
183504674900,167.0128,-0.1200,0.9700,-0.5123,19.5963,69.7677,302.0186,
183518463000,167.0267,-0.1198,0.9700,-0.5119,19.4603,69.5008,303.8944,
183531983900,167.0404,-0.1194,0.9702,-0.5111,19.2982,69.2888,305.6630,
183546242100,167.0545,-0.1193,0.9701,-0.5104,19.0739,68.7879,307.2597,
183560405800,167.0686,-0.1192,0.9700,-0.5097,18.8565,68.3738,308.8388,
183574434300,167.0828,-0.1194,0.9702,-0.5085,18.5586,68.0632,308.7449,
183587954700,167.0961,-0.1195,0.9705,-0.5074,18.3126,67.8142,308.8330,
183601839400,167.1101,-0.1196,0.9708,-0.5062,18.0450,67.5474,309.0602,
183615820700,167.1241,-0.1197,0.9708,-0.5060,17.9163,67.5442,309.1285,
183629654600,167.1379,-0.1198,0.9708,-0.5059,17.7811,67.5296,309.2586,
183643966100,167.1521,-0.1199,0.9709,-0.5058,17.6041,67.4997,309.4833,
183657882900,167.1661,-0.1201,0.9709,-0.5058,17.4541,67.4805,309.4070,
183671361300,167.1797,-0.1204,0.9710,-0.5058,17.2704,67.4511,309.3585,
183685757200,167.1940,-0.1205,0.9710,-0.5056,16.9547,67.5251,308.8511,
183699205800,167.2074,-0.1207,0.9709,-0.5055,16.5625,67.6079,308.2995,
183713521300,167.2219,-0.1207,0.9709,-0.5053,16.1924,67.8082,307.7166,
183726904600,167.2350,-0.1208,0.9709,-0.5052,15.8502,67.9834,307.2398,
183741218200,167.2494,-0.1209,0.9709,-0.5050,15.5444,68.1316,306.8627,
183754525700,167.2629,-0.1210,0.9708,-0.5050,15.3713,68.2848,306.7744,
183768722300,167.2769,-0.1212,0.9707,-0.5051,15.2217,68.4081,306.7131,
183782512100,167.2907,-0.1213,0.9707,-0.5050,15.1203,68.4254,306.6545,
183796900800,167.3052,-0.1215,0.9706,-0.5049,15.0254,68.4406,306.6074,
183810659500,167.3191,-0.1217,0.9707,-0.5047,15.0198,68.5020,306.4789,
183824684900,167.3330,-0.1218,0.9707,-0.5046,15.0104,68.5793,306.3217,
183838535600,167.3467,-0.1220,0.9707,-0.5045,14.9974,68.6683,306.1454,
183852841400,167.3613,-0.1221,0.9707,-0.5043,14.9816,68.7635,305.9608,
183866341600,167.3746,-0.1222,0.9708,-0.5038,15.0058,68.7693,305.9854,
183880034400,167.3883,-0.1219,0.9711,-0.5030,15.0909,68.8313,306.0096,
183893819000,167.4022,-0.1216,0.9715,-0.5020,15.2578,68.9554,306.0578,
183907868500,167.4162,-0.1213,0.9719,-0.5010,15.4717,69.1174,306.1208,
183922030300,167.4304,-0.1208,0.9727,-0.4996,15.9073,69.2980,306.0921,
183935971900,167.4444,-0.1202,0.9734,-0.4983,16.3689,69.4907,306.0618,
183949637600,167.4579,-0.1197,0.9736,-0.4983,16.9205,69.7726,306.0476,
183963648200,167.4720,-0.1193,0.9737,-0.4982,17.4423,70.0411,306.0357,
183977422000,167.4857,-0.1181,0.9741,-0.4978,18.1255,70.0276,306.8245,
183991673200,167.5001,-0.1169,0.9746,-0.4973,18.8393,70.0272,307.6463,
184005370500,167.5136,-0.1156,0.9750,-0.4968,19.5027,70.0392,308.4088,
184019307200,167.5276,-0.1148,0.9748,-0.4967,19.9162,70.2050,308.4449,
184033293900,167.5418,-0.1140,0.9747,-0.4966,20.2731,70.3416,308.4991,
184047458900,167.5558,-0.1130,0.9740,-0.4969,20.7437,70.8875,307.4033,
184061156500,167.5694,-0.1119,0.9733,-0.4973,21.3296,71.5083,306.1797,
184074765900,167.5832,-0.1108,0.9727,-0.4976,21.8911,72.0550,305.1215,
184089130500,167.5975,-0.1104,0.9724,-0.4980,22.5789,72.4768,303.2245,
184103036800,167.6113,-0.1101,0.9721,-0.4983,23.1859,72.8265,301.7027,
184117062500,167.6253,-0.1102,0.9709,-0.4994,24.5307,73.2270,297.1779,
184130427900,167.6389,-0.1102,0.9695,-0.5006,25.5764,73.4860,293.9008,
184144498700,167.6528,-0.1104,0.9688,-0.5017,26.3052,73.7234,290.2414,
184158339000,167.6667,-0.1105,0.9683,-0.5025,26.9508,73.8892,287.4706,
184172141900,167.6806,-0.1106,0.9678,-0.5033,27.5456,74.0122,285.1751,
184186489200,167.6948,-0.1109,0.9676,-0.5041,28.2762,74.0370,282.0136,
184200619500,167.7090,-0.1112,0.9674,-0.5049,28.9615,74.0436,279.2463,
184214402100,167.7229,-0.1113,0.9675,-0.5051,28.9964,74.1803,279.2618,
184228023500,167.7363,-0.1113,0.9676,-0.5052,29.1016,74.2733,278.9919,
184242150500,167.7505,-0.1113,0.9676,-0.5054,29.2771,74.3668,278.4843,
184255859600,167.7643,-0.1115,0.9677,-0.5054,29.3144,74.4054,278.5906,
184270026500,167.7783,-0.1116,0.9678,-0.5054,29.3957,74.4719,278.7051,
184283664900,167.7919,-0.1118,0.9678,-0.5053,29.3624,74.7531,280.2222,
184297551800,167.8059,-0.1120,0.9678,-0.5053,29.3760,75.0663,281.6843,
184311264900,167.8197,-0.1122,0.9677,-0.5053,29.4302,75.3295,282.7190,
184325391100,167.8337,-0.1122,0.9676,-0.5052,29.1273,75.5225,284.6417,
184339719000,167.8480,-0.1123,0.9675,-0.5051,28.9303,75.6859,286.0548,
184353645000,167.8621,-0.1124,0.9671,-0.5050,28.6685,75.7709,287.0846,
184367132700,167.8755,-0.1126,0.9666,-0.5049,28.4922,75.8487,287.8422,
184380998200,167.8893,-0.1126,0.9658,-0.5047,28.1696,75.7453,288.7597,
184395167800,167.9036,-0.1125,0.9650,-0.5044,27.9063,75.6685,289.5521,
184409153700,167.9175,-0.1125,0.9641,-0.5042,27.6910,75.6125,290.2364,
184422740900,167.9311,-0.1126,0.9629,-0.5041,27.5800,75.5935,290.2647,
184436914000,167.9453,-0.1126,0.9616,-0.5041,27.5138,75.5845,290.2952,
184450832000,167.9592,-0.1128,0.9614,-0.5040,27.4930,75.5846,290.2895,
184464776300,167.9731,-0.1128,0.9613,-0.5040,27.4700,75.5856,290.2879,
184479182900,167.9875,-0.1128,0.9614,-0.5040,27.4870,75.6043,290.2805,
184492567600,168.0010,-0.1128,0.9614,-0.5041,27.5062,75.6254,290.2761,
184506620200,168.0149,-0.1127,0.9614,-0.5041,27.5275,75.6489,290.2745,
184520669000,168.0290,-0.1127,0.9615,-0.5043,27.8574,76.0791,289.3085,
184534089900,168.0426,-0.1127,0.9616,-0.5044,28.2714,76.6015,288.1386,
184548427400,168.0568,-0.1128,0.9618,-0.5046,28.7390,76.7154,287.8193,
184562120700,168.0704,-0.1129,0.9619,-0.5047,29.1090,76.8100,287.5629,
184576380500,168.0847,-0.1130,0.9620,-0.5049,29.1408,76.8748,287.6025,
184589938200,168.0984,-0.1131,0.9621,-0.5050,29.1575,76.9062,287.6187,
184604233200,168.1126,-0.1132,0.9622,-0.5052,29.1739,76.9354,287.6319,
184618217800,168.1264,-0.1135,0.9625,-0.5054,29.2271,77.0104,287.5327,
184631935500,168.1404,-0.1138,0.9630,-0.5057,29.3151,77.1312,287.3698,
184646140000,168.1544,-0.1142,0.9634,-0.5061,29.4255,77.2792,287.1674,
184660120700,168.1685,-0.1144,0.9638,-0.5063,29.5486,77.3978,286.7972,
184673831200,168.1823,-0.1145,0.9642,-0.5064,29.6796,77.5210,286.4099,
184687491600,168.1958,-0.1148,0.9642,-0.5066,30.0376,77.7822,285.4221,
184701686000,168.2101,-0.1150,0.9642,-0.5068,30.3865,78.0274,284.4726,
184715503200,168.2240,-0.1156,0.9644,-0.5069,30.8792,78.0740,282.6728,
184729846600,168.2381,-0.1164,0.9646,-0.5071,31.3016,78.1083,281.1452,
184743530600,168.2518,-0.1168,0.9646,-0.5075,31.3250,78.0596,280.5760,
184757102900,168.2654,-0.1173,0.9647,-0.5078,31.3608,78.0283,280.0972,
184770985800,168.2795,-0.1177,0.9647,-0.5082,31.4060,78.0047,279.6381,
184785469700,168.2937,-0.1181,0.9648,-0.5085,31.5156,77.9510,279.1264,
184799534800,168.3079,-0.1186,0.9650,-0.5087,31.6340,77.8993,278.5774,
184813065400,168.3215,-0.1193,0.9653,-0.5090,31.5809,77.8480,278.8451,
184826790800,168.3351,-0.1201,0.9657,-0.5093,31.3410,77.5990,280.0771,
184840765500,168.3490,-0.1209,0.9661,-0.5095,31.1004,77.3254,281.3498,
184854752000,168.3632,-0.1215,0.9672,-0.5098,29.9883,76.8754,285.3810,
184868474800,168.3768,-0.1222,0.9684,-0.5101,29.2151,76.4909,288.2411,
184882511000,168.3909,-0.1229,0.9701,-0.5104,27.6326,75.4270,295.5780,
184896538400,168.4048,-0.1236,0.9717,-0.5107,26.7134,74.6543,300.0676,
184910239700,168.4187,-0.1242,0.9728,-0.5109,25.8385,74.0508,304.3033,
184924254200,168.4326,-0.1247,0.9737,-0.5112,25.2430,73.5444,307.3210,
184938338500,168.4467,-0.1251,0.9745,-0.5114,24.7749,73.0837,309.7973,
184952219700,168.4606,-0.1251,0.9745,-0.5115,23.9031,72.4852,311.2945,
184966027500,168.4744,-0.1251,0.9746,-0.5116,23.1936,71.9163,312.9424,
184980370700,168.4887,-0.1253,0.9745,-0.5117,22.9231,71.7257,312.8495,
184993874000,168.5024,-0.1255,0.9744,-0.5119,22.6646,71.5169,313.0511,
185008045900,168.5163,-0.1258,0.9743,-0.5121,22.3410,71.2326,313.5150,
185021966000,168.5303,-0.1258,0.9742,-0.5122,21.8402,70.8672,314.2463,
185035879300,168.5444,-0.1258,0.9742,-0.5123,21.2751,70.4123,315.2574,
185049942600,168.5583,-0.1260,0.9741,-0.5124,20.7514,69.9678,315.9242,
185063782100,168.5721,-0.1261,0.9741,-0.5125,20.2314,69.4950,316.7474,
185077995800,168.5863,-0.1261,0.9741,-0.5126,19.9243,69.2376,317.1884,
185091506100,168.6000,-0.1260,0.9742,-0.5128,19.6055,68.9490,317.7411,
185105664300,168.6140,-0.1260,0.9743,-0.5129,19.2559,68.6130,318.4224,
185119746900,168.6281,-0.1259,0.9744,-0.5130,19.2175,68.6240,318.3401,
185133489900,168.6420,-0.1257,0.9745,-0.5132,19.1952,68.6205,318.3270,
185147731200,168.6561,-0.1248,0.9751,-0.5131,19.3255,68.6601,317.3416,
185161900800,168.6702,-0.1235,0.9759,-0.5130,19.4839,68.6708,315.9875,
185175314600,168.6837,-0.1222,0.9767,-0.5128,19.5965,68.6379,314.8421,
185189222200,168.6976,-0.1206,0.9774,-0.5125,20.5772,69.5483,310.8733,
185203401200,168.7117,-0.1191,0.9780,-0.5123,21.2828,70.1139,308.0551,
185217048500,168.7254,-0.1160,0.9788,-0.5130,27.2348,72.7138,294.6132,
185230907700,168.7393,-0.1133,0.9795,-0.5136,30.0650,73.3735,288.2885,
185245385700,168.7537,-0.1111,0.9801,-0.5141,31.6117,73.5682,284.7326,
185258935400,168.7673,-0.1105,0.9791,-0.5142,33.9520,73.7833,276.9695,
185272732500,168.7812,-0.1100,0.9784,-0.5144,35.3463,73.7098,272.4799,
185287017100,168.7953,-0.1097,0.9744,-0.5155,38.7413,72.5212,258.1608,
185300939000,168.8093,-0.1092,0.9706,-0.5166,40.2317,71.5939,251.4257,
185314216200,168.8227,-0.1100,0.9677,-0.5159,41.5329,69.3905,241.6722,
185328960300,168.8373,-0.1104,0.9654,-0.5154,42.1705,68.1215,236.4215,
185342673500,168.8510,-0.1107,0.9636,-0.5151,42.5940,67.2297,232.8456,
185356561600,168.8649,-0.1117,0.9625,-0.5154,43.1062,66.2295,229.1658,
185369984500,168.8785,-0.1125,0.9615,-0.5157,43.4985,65.3468,225.9751,
185384593000,168.8929,-0.1127,0.9618,-0.5157,43.4604,65.4387,226.3327,
185398462300,168.9067,-0.1129,0.9620,-0.5157,43.1956,66.0422,228.7379,
185412617600,168.9211,-0.1136,0.9639,-0.5160,43.1712,67.7218,231.2770,
185426459000,168.9346,-0.1143,0.9662,-0.5165,43.1807,68.8849,232.7709,
185440100300,168.9482,-0.1150,0.9681,-0.5168,43.2195,69.6449,233.5480,
185453585400,168.9619,-0.1162,0.9697,-0.5170,43.9449,69.1318,226.0597,
185467556800,168.9758,-0.1172,0.9711,-0.5171,44.5871,68.5568,219.2369,
185481524800,168.9898,-0.1180,0.9722,-0.5172,45.0254,68.0982,214.5097,
185496027100,169.0045,-0.1192,0.9716,-0.5168,45.2461,68.5139,209.6756,
185510173900,169.0184,-0.1205,0.9711,-0.5164,45.4646,68.6476,206.1543,
185524484900,169.0329,-0.1214,0.9701,-0.5164,45.9590,69.8578,205.0989,
185537004200,169.0454,-0.1222,0.9693,-0.5164,46.3640,70.5983,203.7075,
185550600000,169.0591,-0.1225,0.9683,-0.5163,46.5004,70.6594,204.1906,
185564620000,169.0729,-0.1227,0.9674,-0.5162,46.5772,70.6904,204.3291,
185578934900,169.0873,-0.1228,0.9661,-0.5167,46.6566,70.5325,205.1837,
185592399400,169.1009,-0.1229,0.9649,-0.5172,46.7819,70.3503,205.9167,
185606483800,169.1148,-0.1231,0.9638,-0.5177,46.9102,70.2014,206.3133,
185620474700,169.1288,-0.1226,0.9623,-0.5178,46.4848,69.9460,207.3952,
185634958400,169.1434,-0.1221,0.9608,-0.5178,46.1509,69.7173,208.1295,
185648542000,169.1569,-0.1218,0.9603,-0.5177,46.1145,69.4912,208.8583,
185662689800,169.1711,-0.1216,0.9598,-0.5175,46.0970,69.3076,209.3237,
185677025200,169.1853,-0.1218,0.9590,-0.5173,46.0334,69.3155,209.5974,
185689914100,169.1984,-0.1220,0.9581,-0.5170,45.9922,69.3161,209.7541,
185704036200,169.2123,-0.1223,0.9571,-0.5167,45.9645,69.3136,209.8463,
185717819500,169.2261,-0.1221,0.9567,-0.5162,45.7158,69.1554,210.0188,
185731638200,169.2401,-0.1220,0.9563,-0.5156,45.4281,68.9662,210.1910,
185745712500,169.2541,-0.1225,0.9556,-0.5153,45.0885,68.4261,209.4010,
185759751800,169.2681,-0.1231,0.9547,-0.5149,44.6197,67.7012,208.3062,
185773505000,169.2820,-0.1236,0.9539,-0.5145,44.1189,66.9551,207.1424,
185787682500,169.2960,-0.1239,0.9532,-0.5141,43.7682,65.2178,204.8029,
185801564300,169.3099,-0.1242,0.9526,-0.5137,43.4025,63.7080,202.7263,
185815294600,169.3238,-0.1245,0.9519,-0.5137,43.0415,62.9674,201.6156,
185829367500,169.3377,-0.1247,0.9511,-0.5137,42.7264,62.3362,200.6511,
185843821900,169.3521,-0.1250,0.9503,-0.5137,42.4293,61.7554,199.7496,
185857746200,169.3661,-0.1255,0.9493,-0.5139,42.5330,61.2505,199.1870,
185871065100,169.3796,-0.1260,0.9483,-0.5142,42.5970,60.7514,198.6046,
185885133300,169.3935,-0.1268,0.9476,-0.5144,42.6090,60.5698,198.3375,
185899056100,169.4073,-0.1276,0.9470,-0.5147,42.6066,60.3785,198.0526,
185912767700,169.4213,-0.1282,0.9468,-0.5149,42.6100,60.2303,197.9706,
185926753400,169.4351,-0.1287,0.9465,-0.5151,42.6070,60.0626,197.8640,
185941001400,169.4494,-0.1293,0.9462,-0.5153,42.5966,59.8474,197.7142,
185954749200,169.4632,-0.1295,0.9460,-0.5156,42.5963,59.8382,197.6909,
185968795400,169.4771,-0.1297,0.9458,-0.5159,42.5940,59.8249,197.6595,
185982695400,169.4910,-0.1299,0.9457,-0.5161,42.5654,59.8084,197.6451,
185996660500,169.5050,-0.1300,0.9457,-0.5163,42.5328,59.7880,197.6257,
186010285800,169.5187,-0.1302,0.9456,-0.5164,42.4961,59.7640,197.6013,
186024758800,169.5331,-0.1304,0.9459,-0.5167,42.4613,59.7955,197.6448,
186038254100,169.5466,-0.1307,0.9462,-0.5171,42.4178,59.8333,197.6963,
186051910200,169.5604,-0.1312,0.9465,-0.5171,42.1354,59.8559,197.9592,
186066151900,169.5744,-0.1317,0.9469,-0.5172,41.7618,59.8757,198.2954,
186080006600,169.5884,-0.1321,0.9469,-0.5170,41.5110,60.0579,198.7555,
186093856900,169.6023,-0.1325,0.9469,-0.5169,41.2717,60.2245,199.1857,
186107953000,169.6162,-0.1329,0.9468,-0.5167,41.0468,60.3751,199.5830,
186121786700,169.6301,-0.1333,0.9469,-0.5167,40.9705,60.4560,199.7483,
186135530400,169.6440,-0.1337,0.9469,-0.5167,40.9095,60.5186,199.8781,
186150188600,169.6585,-0.1338,0.9467,-0.5167,40.7682,60.5846,199.9472,
186163593500,169.6719,-0.1339,0.9465,-0.5166,40.6051,60.6592,200.0254,
186177591600,169.6858,-0.1341,0.9462,-0.5166,40.4207,60.7417,200.1119,
186191322700,169.6998,-0.1345,0.9458,-0.5166,40.3356,60.8275,200.2971,
186205363200,169.7137,-0.1350,0.9453,-0.5166,40.2449,60.9175,200.4931,
186219204700,169.7276,-0.1351,0.9451,-0.5165,40.0199,60.9621,200.5995,
186233080400,169.7415,-0.1351,0.9450,-0.5165,39.7690,61.0093,200.7144,
186247410900,169.7558,-0.1352,0.9447,-0.5166,39.6760,61.0715,200.7649,
186261657200,169.7700,-0.1353,0.9443,-0.5168,39.6007,61.1219,200.8046,
186274757700,169.7832,-0.1354,0.9439,-0.5170,39.5303,61.1689,200.8406,
186288867700,169.7972,-0.1360,0.9426,-0.5172,39.1980,61.2550,201.2401,
186303238100,169.8115,-0.1367,0.9412,-0.5174,38.7806,61.3562,201.7390,
186316958100,169.8253,-0.1368,0.9409,-0.5176,38.3615,61.6841,202.5062,
186330492900,169.8390,-0.1369,0.9407,-0.5179,37.9647,61.9840,203.2236,
186344850500,169.8531,-0.1371,0.9406,-0.5179,37.8670,62.0178,203.7999,
186358687400,169.8671,-0.1373,0.9406,-0.5179,37.7763,62.0491,204.3249,
186372135400,169.8806,-0.1375,0.9406,-0.5179,37.6897,62.0787,204.8176,
186386258100,169.8946,-0.1376,0.9407,-0.5178,37.7883,62.0728,204.9517,
186400216900,169.9085,-0.1376,0.9409,-0.5177,37.8649,62.0694,205.0683,
186414350600,169.9229,-0.1376,0.9410,-0.5177,37.8881,62.0709,205.0597,
186428312200,169.9366,-0.1377,0.9411,-0.5177,37.9126,62.0729,205.0524,
186442032700,169.9504,-0.1377,0.9411,-0.5177,37.9384,62.0753,205.0464,
186456102100,169.9645,-0.1376,0.9413,-0.5177,37.9609,62.0575,205.0098,
186469843100,169.9782,-0.1376,0.9414,-0.5176,37.9843,62.0384,204.9716,
186483890400,169.9922,-0.1376,0.9416,-0.5176,38.0191,62.0467,204.9855,
186497587300,170.0060,-0.1375,0.9417,-0.5176,38.0557,62.0565,205.0030,
186511643400,170.0201,-0.1374,0.9419,-0.5177,38.1006,62.0452,204.9339,
186525760500,170.0341,-0.1373,0.9420,-0.5178,38.1802,62.0243,204.8067,
186539457500,170.0478,-0.1373,0.9422,-0.5178,38.2807,61.9966,204.6403,
186553210800,170.0617,-0.1372,0.9424,-0.5179,38.3434,61.9177,204.3266,
186567568000,170.0758,-0.1371,0.9426,-0.5179,38.4067,61.8288,203.9766,
186581457300,170.0898,-0.1371,0.9426,-0.5179,38.4336,61.7543,203.8784,
186595367300,170.1039,-0.1371,0.9426,-0.5179,38.4499,61.7027,203.8126,
186608970900,170.1173,-0.1371,0.9427,-0.5180,38.5072,61.6460,203.6520,
186622898800,170.1312,-0.1372,0.9428,-0.5181,38.5760,61.5763,203.4536,
186636991800,170.1454,-0.1372,0.9428,-0.5182,38.6502,61.4996,203.2342,
186650561700,170.1591,-0.1371,0.9430,-0.5183,38.6526,61.4474,203.1940,
186665075000,170.1734,-0.1370,0.9431,-0.5184,38.6534,61.4069,203.1640,
186678624600,170.1869,-0.1370,0.9431,-0.5185,38.6440,61.3700,203.1339,
186692360900,170.2009,-0.1369,0.9430,-0.5185,38.6329,61.3313,203.1029,
186706626400,170.2149,-0.1368,0.9430,-0.5186,38.6201,61.2907,203.0713,
186720614300,170.2290,-0.1368,0.9430,-0.5187,38.5646,61.2278,203.0279,
186734353100,170.2428,-0.1368,0.9431,-0.5187,38.4746,61.1309,202.9627,
186748974300,170.2573,-0.1368,0.9429,-0.5189,38.3917,61.0345,202.9309,
186762527600,170.2708,-0.1368,0.9428,-0.5191,38.2989,60.9306,202.9004,
186775953700,170.2845,-0.1367,0.9426,-0.5194,38.2616,60.8538,202.9247,
186790069200,170.2984,-0.1366,0.9424,-0.5198,38.2233,60.7751,202.9558,
186804297600,170.3126,-0.1365,0.9422,-0.5202,38.1826,60.6912,202.9951,
186818074400,170.3264,-0.1363,0.9418,-0.5207,38.1789,60.6826,203.0117,
186831962800,170.3405,-0.1361,0.9415,-0.5212,38.1759,60.6756,203.0310,
186845809000,170.3541,-0.1359,0.9411,-0.5217,38.1737,60.6701,203.0529,
186859530800,170.3679,-0.1361,0.9406,-0.5222,38.1813,60.6306,203.0189,
186873441600,170.3819,-0.1362,0.9401,-0.5227,38.1903,60.5895,202.9824,
186887481000,170.3958,-0.1364,0.9398,-0.5230,38.1921,60.5709,202.9276,
186901464700,170.4098,-0.1365,0.9396,-0.5234,38.1944,60.5530,202.8690,
186915331100,170.4238,-0.1366,0.9395,-0.5235,38.1781,60.5817,202.7663,
186929197400,170.4376,-0.1367,0.9394,-0.5236,38.1542,60.6311,202.6177,
186943100100,170.4515,-0.1369,0.9393,-0.5238,38.1260,60.6978,202.4430,
186957153200,170.4654,-0.1369,0.9391,-0.5237,37.9794,60.6360,202.1730,
186971170300,170.4797,-0.1369,0.9388,-0.5236,37.8203,60.5755,201.8870,
186985100100,170.4934,-0.1370,0.9385,-0.5236,37.6931,60.4125,201.6196,
186999063400,170.5074,-0.1370,0.9382,-0.5235,37.5682,60.2567,201.3624,
187012773500,170.5212,-0.1369,0.9380,-0.5235,37.3169,60.0389,201.1633,
187027045500,170.5354,-0.1367,0.9378,-0.5234,37.0447,59.8086,200.9561,
187040925900,170.5493,-0.1366,0.9376,-0.5233,36.7645,59.5770,200.7511,
187054652800,170.5631,-0.1364,0.9375,-0.5233,36.5832,59.2163,200.5376,
187068746700,170.5770,-0.1363,0.9374,-0.5233,36.4002,58.8601,200.3303,
187082784800,170.5911,-0.1362,0.9372,-0.5233,36.3711,58.6665,200.2035,
187096397400,170.6047,-0.1360,0.9371,-0.5233,36.3453,58.5003,200.0960,
187110120700,170.6186,-0.1358,0.9370,-0.5232,36.3195,58.3398,199.9932,
187124198200,170.6325,-0.1357,0.9368,-0.5232,36.3527,58.1084,199.8221,
187138120900,170.6465,-0.1356,0.9367,-0.5231,36.3897,57.8446,199.6280,
187151899700,170.6604,-0.1355,0.9367,-0.5230,36.5331,57.6101,199.2267,
187166331800,170.6746,-0.1353,0.9366,-0.5229,36.6989,57.3376,198.7583,
187179953900,170.6882,-0.1350,0.9367,-0.5226,36.8942,57.2245,198.4658,
187193706200,170.7022,-0.1346,0.9367,-0.5222,37.0825,57.1173,198.1851,
187208048100,170.7164,-0.1341,0.9368,-0.5217,37.2669,57.0139,197.9111,
187221945400,170.7303,-0.1336,0.9363,-0.5213,37.6442,57.1280,197.3023,
187235620500,170.7440,-0.1332,0.9358,-0.5209,38.0437,57.2457,196.6606,
187249864000,170.7582,-0.1326,0.9356,-0.5203,38.4666,57.4406,196.0013,
187263454500,170.7718,-0.1320,0.9353,-0.5197,38.8517,57.6132,195.4041,
187277487800,170.7858,-0.1315,0.9348,-0.5192,38.8985,57.7683,195.2400,
187291176400,170.7996,-0.1311,0.9343,-0.5188,38.9428,57.8920,195.1019,
187305385100,170.8137,-0.1307,0.9338,-0.5183,38.9890,58.0064,194.9688,
187319068700,170.8274,-0.1306,0.9336,-0.5181,39.0465,58.1146,195.0509,
187332968100,170.8414,-0.1306,0.9335,-0.5180,39.1071,58.2257,195.1297,
187347045800,170.8553,-0.1305,0.9335,-0.5178,39.1533,58.2556,195.1669,
187360990600,170.8693,-0.1305,0.9335,-0.5176,39.2045,58.2878,195.2044,
187374696700,170.8831,-0.1304,0.9336,-0.5173,39.2779,58.3018,195.2125,
187388804000,170.8971,-0.1303,0.9337,-0.5169,39.3722,58.3182,195.2182,
187402699100,170.9109,-0.1302,0.9338,-0.5165,39.4876,58.3367,195.2204,
187416671900,170.9249,-0.1301,0.9338,-0.5164,39.5744,58.3821,195.3139,
187430529200,170.9390,-0.1300,0.9337,-0.5162,39.6721,58.4333,195.4185,
187444507700,170.9528,-0.1300,0.9335,-0.5161,39.6937,58.4464,195.4342,
187458516300,170.9667,-0.1300,0.9332,-0.5159,39.7139,58.4586,195.4478,
187472161800,170.9806,-0.1300,0.9329,-0.5157,39.7343,58.4709,195.4606,
187486266500,170.9946,-0.1298,0.9324,-0.5159,39.7365,58.5020,195.5076,
187500074100,171.0084,-0.1296,0.9318,-0.5161,39.7372,58.5349,195.5570,
187513984200,171.0224,-0.1296,0.9310,-0.5167,39.7321,58.5234,195.7218,
187528036700,171.0363,-0.1295,0.9301,-0.5174,39.7193,58.4985,195.9871,
187542025100,171.0503,-0.1295,0.9292,-0.5180,39.6994,58.4626,196.2960,
187555724400,171.0642,-0.1290,0.9287,-0.5181,39.7171,58.4898,196.7319,
187570127800,171.0783,-0.1285,0.9283,-0.5182,39.7306,58.5119,197.1633,
187583613000,171.0919,-0.1285,0.9282,-0.5183,39.7749,58.5041,197.2707,
187597687600,171.1059,-0.1286,0.9282,-0.5184,39.8055,58.4966,197.3461,
187611427400,171.1199,-0.1286,0.9284,-0.5184,39.8522,58.5158,197.4059,
187625516000,171.1337,-0.1287,0.9285,-0.5184,39.8982,58.5344,197.4642,
187639680300,171.1480,-0.1288,0.9287,-0.5184,39.9487,58.5545,197.5277,
187653625000,171.1620,-0.1289,0.9289,-0.5184,40.0056,58.5767,197.5987,
187667893500,171.1762,-0.1290,0.9290,-0.5183,40.0448,58.5563,197.5416,
187681229000,171.1894,-0.1292,0.9290,-0.5185,40.1924,58.5035,197.6068,
187694812900,171.2032,-0.1294,0.9290,-0.5186,40.4134,58.4233,197.7094,
187709250500,171.2175,-0.1296,0.9290,-0.5186,40.6228,58.0982,198.1600,
187723310400,171.2316,-0.1297,0.9289,-0.5187,40.8507,57.7295,198.6779,
187737045000,171.2452,-0.1298,0.9289,-0.5187,41.0614,57.3751,199.1820,
187750588700,171.2590,-0.1297,0.9289,-0.5187,41.1486,57.4685,200.8330,
187764574000,171.2728,-0.1296,0.9290,-0.5188,41.2215,57.5401,202.3241,
187778847300,171.2871,-0.1295,0.9290,-0.5188,41.2791,57.5901,203.5890,
187792892500,171.3013,-0.1294,0.9292,-0.5188,41.3957,57.7141,205.2117,
187806407700,171.3147,-0.1292,0.9293,-0.5189,41.4895,57.8118,206.6212,
187820641600,171.3289,-0.1290,0.9296,-0.5191,41.4771,58.2390,209.0164,
187834555500,171.3430,-0.1287,0.9300,-0.5193,41.4634,58.5754,211.0588,
187848624400,171.3568,-0.1283,0.9304,-0.5196,41.4506,58.8405,212.7937,
187862090600,171.3704,-0.1276,0.9309,-0.5199,41.3737,59.1716,213.6853,
187876050400,171.3845,-0.1274,0.9309,-0.5200,41.2911,59.4071,214.6375,
187890261200,171.3985,-0.1273,0.9309,-0.5201,41.2157,59.6286,215.6372,
187904263500,171.4125,-0.1272,0.9309,-0.5202,41.1426,59.8458,216.7034,
187918354600,171.4267,-0.1271,0.9309,-0.5203,41.0958,59.8390,216.6046,
187932045400,171.4405,-0.1270,0.9309,-0.5205,41.0636,59.8372,216.5588,
187945667600,171.4539,-0.1270,0.9309,-0.5206,41.0455,59.8412,216.4859,
187960132700,171.4683,-0.1270,0.9310,-0.5206,41.0104,59.8536,216.3747,
187973726100,171.4822,-0.1270,0.9311,-0.5206,40.9717,59.8716,216.2825,
187987332900,171.4956,-0.1271,0.9312,-0.5206,41.0241,60.0587,215.3621,
188001277600,171.5095,-0.1272,0.9313,-0.5206,41.0875,60.2711,214.4474,
188015451500,171.5238,-0.1273,0.9314,-0.5204,41.1108,60.4375,214.6039,
188029413900,171.5377,-0.1274,0.9316,-0.5203,41.1202,60.5021,214.6713,
188043422600,171.5517,-0.1274,0.9317,-0.5201,41.1299,60.5669,214.7440,
188056923200,171.5652,-0.1275,0.9316,-0.5200,41.1940,60.8345,215.1180,
188071134700,171.5795,-0.1276,0.9315,-0.5200,41.2863,61.2277,215.6814,
188085043400,171.5933,-0.1275,0.9316,-0.5197,41.3911,61.9111,217.8128,
188099523300,171.6078,-0.1275,0.9316,-0.5195,41.4760,62.5853,219.9293,
188112757200,171.6212,-0.1271,0.9322,-0.5193,41.9056,63.2197,223.6691,
188126786500,171.6350,-0.1265,0.9329,-0.5190,42.2084,63.7521,226.6067,
188140710400,171.6490,-0.1258,0.9338,-0.5187,42.4208,64.1863,228.8905,
188154926500,171.6634,-0.1255,0.9342,-0.5187,42.5927,63.8929,229.0665,
188169280500,171.6776,-0.1251,0.9347,-0.5186,42.7252,63.7311,229.3725,
188182790500,171.6910,-0.1242,0.9359,-0.5185,42.3746,64.2358,235.0015,
188196816100,171.7051,-0.1231,0.9372,-0.5183,42.1085,64.6454,239.5987,
188210540600,171.7190,-0.1226,0.9377,-0.5186,42.1898,63.3120,239.0272,
188224284900,171.7326,-0.1221,0.9382,-0.5188,42.2402,62.4692,238.9997,
188238255400,171.7465,-0.1216,0.9387,-0.5190,42.2860,61.7787,239.2545,
188252684100,171.7611,-0.1212,0.9400,-0.5189,42.5207,61.5595,241.4732,
188266201200,171.7745,-0.1207,0.9415,-0.5189,42.7388,61.3496,243.7240,
188279978400,171.7883,-0.1200,0.9430,-0.5187,42.8686,60.9427,243.3530,
188293894400,171.8022,-0.1193,0.9444,-0.5185,42.9581,60.6701,243.2522,
188308484700,171.8168,-0.1187,0.9457,-0.5184,43.0509,60.3953,243.2672,
188321634900,171.8299,-0.1185,0.9464,-0.5182,43.0981,60.3263,243.0437,
188335613600,171.8440,-0.1184,0.9469,-0.5180,43.1892,60.1895,242.7001,
188349698100,171.8579,-0.1181,0.9476,-0.5177,43.1836,60.1971,242.7212,
188363249800,171.8715,-0.1178,0.9484,-0.5174,43.1783,60.2036,242.7622,
188377448900,171.8858,-0.1178,0.9490,-0.5171,43.1776,60.2539,242.8197,
188391259900,171.8997,-0.1178,0.9495,-0.5167,43.1776,60.3078,242.8956,
188405549700,171.9137,-0.1177,0.9501,-0.5164,43.1790,60.4328,243.0996,
188419303700,171.9276,-0.1177,0.9508,-0.5159,42.8577,61.5614,246.1780,
188433241100,171.9417,-0.1177,0.9515,-0.5153,42.5031,62.6241,249.2647,
188447163800,171.9554,-0.1176,0.9517,-0.5151,41.8184,63.7707,254.7198,
188460755800,171.9690,-0.1175,0.9518,-0.5148,41.2846,64.5282,258.6352,
188474652600,171.9831,-0.1175,0.9520,-0.5146,40.8693,65.0517,261.5411,
188488441900,171.9967,-0.1176,0.9524,-0.5137,40.3965,65.5953,263.6062,
188502641800,172.0110,-0.1177,0.9529,-0.5127,39.9885,66.0298,265.4992,
188516738200,172.0250,-0.1177,0.9536,-0.5117,39.2836,67.1546,269.7843,
188530192100,172.0386,-0.1178,0.9543,-0.5107,38.6278,67.9973,273.4019,
188544240800,172.0525,-0.1178,0.9549,-0.5102,38.8006,68.1160,273.2392,
188558831900,172.0671,-0.1178,0.9554,-0.5098,38.8505,68.2102,273.3518,
188572445000,172.0808,-0.1179,0.9559,-0.5094,38.8675,68.3231,273.6039,
188586225700,172.0945,-0.1179,0.9567,-0.5088,38.9245,68.3213,273.5372,
188599956400,172.1082,-0.1180,0.9574,-0.5083,39.0167,68.3286,273.4741,
188614016400,172.1225,-0.1181,0.9578,-0.5082,40.8267,67.8658,267.6404,
188627780000,172.1360,-0.1182,0.9580,-0.5081,42.1524,67.4062,263.2772,
188641909700,172.1502,-0.1183,0.9583,-0.5080,42.9851,67.0825,260.5333,
188655575200,172.1640,-0.1185,0.9592,-0.5081,42.9759,67.1421,260.8863,
188669533400,172.1778,-0.1188,0.9603,-0.5082,42.9556,67.5593,263.2435,
188683847300,172.1920,-0.1189,0.9606,-0.5081,43.0355,67.5418,263.4825,
188697762400,172.2061,-0.1190,0.9608,-0.5080,43.1028,67.5317,263.5879,
188711281300,172.2197,-0.1190,0.9614,-0.5080,42.4055,69.1338,270.1505,
188725252900,172.2335,-0.1190,0.9620,-0.5080,41.8264,70.3012,275.0765,
188739550100,172.2477,-0.1190,0.9626,-0.5080,41.4234,71.0764,278.3759,
188752928100,172.2614,-0.1187,0.9632,-0.5077,40.7233,71.5916,282.6949,
188766964500,172.2753,-0.1184,0.9638,-0.5073,40.2131,71.9958,285.8845,
188781140000,172.2894,-0.1182,0.9649,-0.5068,39.3829,72.5948,290.8445,
188794745100,172.3031,-0.1181,0.9659,-0.5063,38.7358,73.0272,294.6121,
188808757700,172.3171,-0.1179,0.9669,-0.5058,38.1959,73.3661,297.6936,
188822719500,172.3310,-0.1178,0.9677,-0.5052,37.7839,73.2122,299.8234,
188837352200,172.3456,-0.1177,0.9684,-0.5046,37.3787,73.1685,301.9944,
188851217200,172.3596,-0.1177,0.9691,-0.5040,36.9641,73.1773,304.2425,
188864865600,172.3732,-0.1175,0.9699,-0.5031,35.9686,72.8438,306.6979,
188878652500,172.3870,-0.1173,0.9706,-0.5027,35.2220,72.8474,308.7957,
188892682500,172.4011,-0.1172,0.9712,-0.5024,34.5467,72.8336,310.9453,
188906719300,172.4149,-0.1171,0.9717,-0.5021,33.9069,72.7990,313.1497,
188920535500,172.4288,-0.1174,0.9722,-0.5016,33.7145,73.0368,313.7680,
188933878000,172.4423,-0.1177,0.9727,-0.5012,33.4717,73.2103,314.6263,
188948001900,172.4563,-0.1176,0.9731,-0.5008,33.5157,73.2589,314.5706,
188962183400,172.4704,-0.1175,0.9734,-0.5005,33.5423,73.2997,314.5661,
188976051300,172.4845,-0.1175,0.9737,-0.5002,33.5620,73.3439,314.5985,
188990514700,172.4988,-0.1173,0.9743,-0.4997,33.6310,73.3818,314.6104,
189003947400,172.5122,-0.1172,0.9750,-0.4993,33.7183,73.4360,314.6813,
189017817300,172.5260,-0.1175,0.9755,-0.4990,33.7691,73.4930,314.7269,
189031296200,172.5397,-0.1177,0.9760,-0.4988,33.8140,73.5545,314.8149,
189045429700,172.5537,-0.1179,0.9774,-0.4980,33.7827,73.5635,315.1932,
189059368200,172.5676,-0.1181,0.9789,-0.4972,33.6999,73.5675,315.8951,
189073240400,172.5816,-0.1183,0.9803,-0.4964,33.5694,73.5593,316.8029,
189087182400,172.5955,-0.1185,0.9818,-0.4961,33.6724,73.5443,316.8411,
189101414500,172.6097,-0.1187,0.9832,-0.4958,33.7280,73.5320,316.8942,
189115252900,172.6237,-0.1185,0.9842,-0.4950,33.8155,73.5489,316.9731,
189129028900,172.6373,-0.1184,0.9851,-0.4943,33.9175,73.5682,317.0976,
189142863800,172.6511,-0.1182,0.9861,-0.4936,34.0398,73.5578,317.1443,
189157548800,172.6658,-0.1181,0.9870,-0.4929,34.1702,73.5440,317.2141,
189170799400,172.6792,-0.1180,0.9879,-0.4922,34.3102,73.5263,317.3093,
189184788700,172.6930,-0.1181,0.9888,-0.4918,34.4326,73.5742,317.4490,
189198883600,172.7072,-0.1181,0.9897,-0.4914,34.5573,73.6250,317.6129,
189212604400,172.7210,-0.1182,0.9907,-0.4912,34.6892,73.6633,317.5221,
189226354400,172.7346,-0.1182,0.9918,-0.4910,34.8662,73.7149,317.4017,
189240700700,172.7489,-0.1183,0.9930,-0.4908,35.0727,73.7749,317.2630,
189254382600,172.7628,-0.1183,0.9936,-0.4909,35.7721,74.0053,316.2606,
189268580100,172.7768,-0.1183,0.9942,-0.4910,36.4738,74.2235,315.2459,
189282908800,172.7911,-0.1184,0.9950,-0.4912,37.0269,74.3839,314.7316,
189295902700,172.8042,-0.1185,0.9958,-0.4913,37.4751,74.5107,314.3058,
189310241800,172.8184,-0.1185,0.9961,-0.4913,37.9362,74.7477,313.3555,
189323908300,172.8322,-0.1186,0.9965,-0.4912,38.3707,74.9588,312.4738,
189338125300,172.8464,-0.1186,0.9969,-0.4911,38.7650,75.1404,311.6846,
189352299900,172.8605,-0.1186,0.9973,-0.4910,39.1249,75.2983,310.9720,
189365979600,172.8743,-0.1187,0.9981,-0.4909,39.9879,75.4821,309.0721,
189379777800,172.8880,-0.1187,0.9985,-0.4908,40.1295,75.5208,308.7797,
189393673800,172.9021,-0.1187,0.9989,-0.4907,40.2524,75.5552,308.5298,
189407828000,172.9159,-0.1186,0.9993,-0.4905,40.3759,75.5900,308.2813,
189421464200,172.9297,-0.1185,0.9997,-0.4905,40.5589,75.6876,308.0986,
189435177300,172.9436,-0.1184,1.0000,-0.4905,40.7657,75.7930,307.8755,
189449178900,172.9574,-0.1183,1.0003,-0.4903,40.7593,75.7335,307.6682,
189463745100,172.9718,-0.1183,1.0006,-0.4901,40.7623,75.6785,307.4489,
189477490300,172.9857,-0.1182,1.0009,-0.4899,40.7743,75.6200,307.1881,
189491392400,172.9998,-0.1180,1.0014,-0.4896,40.7681,75.5954,307.2768,
189505236500,173.0135,-0.1178,1.0019,-0.4893,40.7546,75.5183,307.5481,
189518893200,173.0271,-0.1176,1.0023,-0.4893,40.5087,75.2224,308.8290,
189532617500,173.0410,-0.1173,1.0027,-0.4892,40.2786,74.9243,310.0841,
189546638100,173.0549,-0.1173,1.0030,-0.4891,40.3212,75.0225,310.4344,
189560482000,173.0688,-0.1173,1.0033,-0.4890,40.3509,75.0862,310.6692,
189574360400,173.0827,-0.1172,1.0037,-0.4889,40.3749,75.1347,310.8536,
189588402500,173.0966,-0.1172,1.0039,-0.4889,39.9594,75.4146,313.0593,
189602221800,173.1105,-0.1171,1.0041,-0.4889,39.5527,75.6643,315.1956,
189616570600,173.1248,-0.1171,1.0042,-0.4888,39.3506,75.5723,316.4805,
189630096600,173.1384,-0.1171,1.0044,-0.4886,39.1865,75.5067,317.5349,
189644122100,173.1524,-0.1173,1.0049,-0.4884,39.0763,75.5004,318.7743,
189658659500,173.1669,-0.1176,1.0054,-0.4881,38.9705,75.4952,319.8974,
189672043600,173.1804,-0.1179,1.0060,-0.4877,38.8682,75.4904,320.9344,
189685873500,173.1941,-0.1182,1.0074,-0.4872,38.9359,75.5536,320.8733,
189700103900,173.2083,-0.1186,1.0088,-0.4866,38.9616,75.5795,320.8641,
189713768000,173.2222,-0.1184,1.0095,-0.4862,38.9605,75.6209,320.8812,
189727939500,173.2362,-0.1183,1.0101,-0.4858,38.9572,75.6657,320.9122,
189741625000,173.2498,-0.1181,1.0106,-0.4854,38.9517,75.7140,320.9568,
189755563800,173.2639,-0.1182,1.0114,-0.4850,38.9464,75.7122,320.9502,
189769546100,173.2778,-0.1183,1.0121,-0.4845,38.9393,75.7088,320.9507,
189783556600,173.2918,-0.1187,1.0127,-0.4838,38.9499,75.6940,320.8838,
189797760300,173.3059,-0.1190,1.0134,-0.4831,38.9640,75.6716,320.7960,
189811048300,173.3194,-0.1191,1.0140,-0.4828,38.9370,75.6989,320.8961,
189825083000,173.3333,-0.1192,1.0146,-0.4826,38.8490,75.7834,321.2283,
189838975900,173.3472,-0.1193,1.0152,-0.4823,38.6964,75.9227,321.8114,
189853194600,173.3615,-0.1195,1.0161,-0.4818,38.4635,75.9351,323.1661,
189867157400,173.3754,-0.1197,1.0171,-0.4813,38.2316,75.9384,324.5143,
189880853800,173.3891,-0.1199,1.0178,-0.4811,37.8093,76.1087,326.3401,
189894807900,173.4032,-0.1200,1.0184,-0.4808,37.4509,76.2312,327.8883,
189909560900,173.4178,-0.1201,1.0190,-0.4806,37.1491,76.3184,329.1942,
189922994100,173.4312,-0.1204,1.0196,-0.4800,37.0429,76.2961,329.8258,
189936530800,173.4448,-0.1206,1.0203,-0.4795,36.9372,76.2807,330.4251,
189950247000,173.4587,-0.1206,1.0209,-0.4790,36.8794,76.4341,331.0572,
189964320000,173.4725,-0.1206,1.0216,-0.4786,36.8072,76.5761,331.7234,
189978435700,173.4867,-0.1208,1.0222,-0.4782,36.8441,76.6695,331.7154,
189991951000,173.5004,-0.1210,1.0229,-0.4778,36.8676,76.7365,331.7233,
190006437200,173.5147,-0.1212,1.0236,-0.4774,36.9050,76.8549,331.7562,
190020386000,173.5286,-0.1213,1.0239,-0.4771,36.9752,76.9813,331.8167,
190034064500,173.5425,-0.1214,1.0242,-0.4768,37.0521,77.1269,331.9063,
190047857500,173.5562,-0.1216,1.0246,-0.4765,37.1326,77.2872,332.0237,
190062267200,173.5705,-0.1215,1.0251,-0.4762,37.0932,77.3015,332.1237,
190075642300,173.5840,-0.1214,1.0256,-0.4759,37.0146,77.3261,332.3256,
190090263500,173.5985,-0.1213,1.0259,-0.4756,36.6736,77.0325,333.1780,
190103543700,173.6118,-0.1212,1.0262,-0.4753,36.2900,76.6910,334.1537,
190117812000,173.6261,-0.1210,1.0266,-0.4754,36.2465,76.0524,334.4879,
190131608800,173.6400,-0.1207,1.0272,-0.4755,36.2015,75.5026,334.8037,
190146241400,173.6545,-0.1203,1.0279,-0.4757,35.5482,74.9521,336.0335,
190159484500,173.6678,-0.1199,1.0286,-0.4758,34.9694,74.4294,337.1577,
190173603700,173.6820,-0.1195,1.0294,-0.4760,34.4854,73.9642,338.1270,
190187535100,173.6958,-0.1191,1.0302,-0.4766,33.8423,72.8847,339.1541,
190201504000,173.7098,-0.1187,1.0310,-0.4772,33.3012,71.9704,340.0785,
190215094700,173.7235,-0.1186,1.0315,-0.4773,32.7529,71.2559,340.2811,
190229113300,173.7374,-0.1186,1.0319,-0.4774,32.2818,70.6312,340.5429,
190242820300,173.7510,-0.1187,1.0322,-0.4774,31.8545,70.0776,341.0580,
190257138000,173.7654,-0.1188,1.0325,-0.4773,31.4340,69.5161,341.5967,
190270781300,173.7792,-0.1190,1.0330,-0.4772,31.0193,68.9472,342.1544,
190284548400,173.7928,-0.1192,1.0338,-0.4769,30.8650,68.8165,342.1889,
190298625400,173.8068,-0.1195,1.0346,-0.4767,30.7221,68.6784,342.2581,
190312560600,173.8211,-2.4270,0.0574,-0.4420,0.0000,90.0000,0.0000,
190326804900,173.8352,-2.4270,0.0574,-0.4420,0.0000,90.0000,0.0000,
190340148400,173.8486,-2.4270,0.0574,-0.4420,0.0000,90.0000,0.0000,
190354278600,173.8627,-2.4270,0.0574,-0.4420,0.0000,90.0000,0.0000,
190368090500,173.8765,-2.4270,0.0574,-0.4420,0.0000,90.0000,0.0000,
190382149200,173.8905,-2.4270,0.0574,-0.4420,0.0000,90.0000,0.0000,
190395853500,173.9044,-2.4270,0.0574,-0.4420,0.0000,90.0000,0.0000,
190410224700,173.9186,-2.4270,0.0574,-0.4420,0.0000,90.0000,0.0000,
190424315100,173.9327,-2.4270,0.0574,-0.4420,0.0000,90.0000,0.0000,
190438268000,173.9467,-2.4270,0.0574,-0.4420,0.0000,90.0000,0.0000,
190451256700,173.9598,-2.4270,0.0574,-0.4420,0.0000,90.0000,0.0000,
190465358800,173.9737,-2.4270,0.0574,-0.4420,0.0000,90.0000,0.0000,
190479201600,173.9876,-2.4270,0.0574,-0.4420,0.0000,90.0000,0.0000,
190493429200,174.0020,-2.4270,0.0574,-0.4420,0.0000,90.0000,0.0000,
190507058600,174.0155,-2.4270,0.0574,-0.4420,0.0000,90.0000,0.0000,
190521022400,174.0294,-2.4270,0.0574,-0.4420,0.0000,90.0000,0.0000,
190535164000,174.0437,-2.4270,0.0574,-0.4420,0.0000,90.0000,0.0000,
190549261100,174.0577,-2.4270,0.0574,-0.4420,0.0000,90.0000,0.0000,
190563252300,174.0716,-2.4270,0.0574,-0.4420,0.0000,90.0000,0.0000,
190577275500,174.0855,-2.4270,0.0574,-0.4420,0.0000,90.0000,0.0000,
190591364700,174.0998,-2.4270,0.0574,-0.4420,0.0000,90.0000,0.0000,
190605401600,174.1138,-2.4270,0.0574,-0.4420,0.0000,90.0000,0.0000,
190618970200,174.1273,-2.4270,0.0574,-0.4420,0.0000,90.0000,0.0000,
190632438400,174.1409,-2.4270,0.0574,-0.4420,0.0000,90.0000,0.0000,
190646411900,174.1548,-2.4270,0.0574,-0.4420,0.0000,90.0000,0.0000,
190660817100,174.1692,-2.4270,0.0574,-0.4420,0.0000,90.0000,0.0000,
190674148100,174.1826,-2.4270,0.0574,-0.4420,0.0000,90.0000,0.0000,
190688228600,174.1965,-2.4270,0.0574,-0.4420,0.0000,90.0000,0.0000,
190702262800,174.2106,-2.4270,0.0574,-0.4420,0.0000,90.0000,0.0000,
190716605900,174.2250,-2.4270,0.0574,-0.4420,0.0000,90.0000,0.0000,
190730128300,174.2386,-2.4270,0.0574,-0.4420,0.0000,90.0000,0.0000,
190743929900,174.2522,-2.4270,0.0574,-0.4420,0.0000,90.0000,0.0000,
190757707500,174.2661,-2.4270,0.0574,-0.4420,0.0000,90.0000,0.0000,
190771614400,174.2801,-2.4270,0.0574,-0.4420,0.0000,90.0000,0.0000,
190785688200,174.2940,-2.4270,0.0574,-0.4420,0.0000,90.0000,0.0000,
190799717700,174.3080,-2.4270,0.0574,-0.4420,0.0000,90.0000,0.0000,
190813803200,174.3223,-2.4270,0.0574,-0.4420,0.0000,90.0000,0.0000,
190827695300,174.3360,-2.4270,0.0574,-0.4420,0.0000,90.0000,0.0000,
190841685000,174.3501,-2.4270,0.0574,-0.4420,0.0000,90.0000,0.0000,
190855316100,174.3637,-2.4270,0.0574,-0.4420,0.0000,90.0000,0.0000,
190869250500,174.3776,-2.4270,0.0574,-0.4420,0.0000,90.0000,0.0000,
190883214400,174.3916,-2.4270,0.0574,-0.4420,0.0000,90.0000,0.0000,
190897072600,174.4054,-2.4270,0.0574,-0.4420,0.0000,90.0000,0.0000,
190910952700,174.4194,-2.4270,0.0574,-0.4420,0.0000,90.0000,0.0000,
190925097700,174.4335,-2.4270,0.0574,-0.4420,0.0000,90.0000,0.0000,
190939506600,174.4478,-2.4270,0.0574,-0.4420,0.0000,90.0000,0.0000,
190953219700,174.4617,-2.4270,0.0574,-0.4420,0.0000,90.0000,0.0000,
190966949000,174.4753,-2.4270,0.0574,-0.4420,0.0000,90.0000,0.0000,
190981179200,174.4896,-2.4270,0.0574,-0.4420,0.0000,90.0000,0.0000,
190994885600,174.5034,-2.4270,0.0574,-0.4420,0.0000,90.0000,0.0000,
191008848100,174.5172,-2.4270,0.0574,-0.4420,0.0000,90.0000,0.0000,
191023092800,174.5314,-2.4270,0.0574,-0.4420,0.0000,90.0000,0.0000,
191036150500,174.5445,-2.4270,0.0574,-0.4420,0.0000,90.0000,0.0000,
191049912600,174.5584,-2.4270,0.0574,-0.4420,0.0000,90.0000,0.0000,
191064809900,174.5732,-2.4270,0.0574,-0.4420,0.0000,90.0000,0.0000,
191078334900,174.5867,-2.4270,0.0574,-0.4420,0.0000,90.0000,0.0000,
191091949700,174.6005,-2.4270,0.0574,-0.4420,0.0000,90.0000,0.0000,
191105807000,174.6142,-2.4270,0.0574,-0.4420,0.0000,90.0000,0.0000,
191119694400,174.6281,-2.4270,0.0574,-0.4420,0.0000,90.0000,0.0000,
191133528400,174.6420,-2.4270,0.0574,-0.4420,0.0000,90.0000,0.0000,
191147919600,174.6563,-2.4270,0.0574,-0.4420,0.0000,90.0000,0.0000,
191161512800,174.6699,-2.4270,0.0574,-0.4420,0.0000,90.0000,0.0000,
191175842900,174.6843,-2.4270,0.0574,-0.4420,0.0000,90.0000,0.0000,
191189383900,174.6977,-2.4270,0.0574,-0.4420,0.0000,90.0000,0.0000,
191203329600,174.7117,-2.4270,0.0574,-0.4420,0.0000,90.0000,0.0000,
191217571700,174.7260,-2.4270,0.0574,-0.4420,0.0000,90.0000,0.0000,
191231795300,174.7403,-2.4270,0.0574,-0.4420,0.0000,90.0000,0.0000,
191245105300,174.7534,-2.4270,0.0574,-0.4420,0.0000,90.0000,0.0000,
191259019500,174.7674,-2.4270,0.0574,-0.4420,0.0000,90.0000,0.0000,
191273147500,174.7816,-2.4270,0.0574,-0.4420,0.0000,90.0000,0.0000,
191287143100,174.7955,-2.4270,0.0574,-0.4420,0.0000,90.0000,0.0000,
191300783200,174.8090,-2.4270,0.0574,-0.4420,0.0000,90.0000,0.0000,
191314473800,174.8230,-2.4270,0.0574,-0.4420,0.0000,90.0000,0.0000,
191334684200,174.8430,-2.4270,0.0574,-0.4420,0.0000,90.0000,0.0000,
191346158100,174.8544,-2.4270,0.0574,-0.4420,0.0000,90.0000,0.0000,
191359714000,174.8681,-2.4270,0.0574,-0.4420,0.0000,90.0000,0.0000,
191373246100,174.8817,-2.4270,0.0574,-0.4420,0.0000,90.0000,0.0000,
191387274000,174.8956,-2.4270,0.0574,-0.4420,0.0000,90.0000,0.0000,
191401450100,174.9097,-2.4270,0.0574,-0.4420,0.0000,90.0000,0.0000,
191425854400,174.9342,-2.4270,0.0574,-0.4420,0.0000,90.0000,0.0000,
191440259600,174.9486,-2.4270,0.0574,-0.4420,0.0000,90.0000,0.0000,
191454342100,174.9627,-2.4270,0.0574,-0.4420,0.0000,90.0000,0.0000,
191468050400,174.9764,-2.4270,0.0574,-0.4420,0.0000,90.0000,0.0000,
191481840600,174.9902,-2.4270,0.0574,-0.4420,0.0000,90.0000,0.0000,
191495579800,175.0041,-2.4270,0.0574,-0.4420,0.0000,90.0000,0.0000,
191509615800,175.0179,-2.4270,0.0574,-0.4420,0.0000,90.0000,0.0000,
191523775400,175.0321,-2.4270,0.0574,-0.4420,0.0000,90.0000,0.0000,
191537361400,175.0457,-2.4270,0.0574,-0.4420,0.0000,90.0000,0.0000,
191551223800,175.0597,-2.4270,0.0574,-0.4420,0.0000,90.0000,0.0000,
191565591600,175.0739,-2.4270,0.0574,-0.4420,0.0000,90.0000,0.0000,
191579214300,175.0876,-2.4270,0.0574,-0.4420,0.0000,90.0000,0.0000,
191593018500,175.1015,-2.4270,0.0574,-0.4420,0.0000,90.0000,0.0000,
191607048200,175.1154,-2.4270,0.0574,-0.4420,0.0000,90.0000,0.0000,
191621169000,175.1295,-2.4270,0.0574,-0.4420,0.0000,90.0000,0.0000,
191634840500,175.1433,-2.4270,0.0574,-0.4420,0.0000,90.0000,0.0000,
191649044600,175.1574,-2.4270,0.0574,-0.4420,0.0000,90.0000,0.0000,
191662954300,175.1713,-2.4270,0.0574,-0.4420,0.0000,90.0000,0.0000,
191676796300,175.1851,-2.4270,0.0574,-0.4420,0.0000,90.0000,0.0000,
191690456200,175.1989,-2.4270,0.0574,-0.4420,0.0000,90.0000,0.0000,
191704469300,175.2128,-2.4270,0.0574,-0.4420,0.0000,90.0000,0.0000,
191718473900,175.2268,-2.4270,0.0574,-0.4420,0.0000,90.0000,0.0000,
191732197700,175.2406,-2.4270,0.0574,-0.4420,0.0000,90.0000,0.0000,
191746218700,175.2546,-2.4270,0.0574,-0.4420,0.0000,90.0000,0.0000,
191760543200,175.2689,-2.4270,0.0574,-0.4420,0.0000,90.0000,0.0000,
191774401800,175.2829,-2.4270,0.0574,-0.4420,0.0000,90.0000,0.0000,
191788356800,175.2967,-2.4270,0.0574,-0.4420,0.0000,90.0000,0.0000,
191801972700,175.3103,-2.4270,0.0574,-0.4420,0.0000,90.0000,0.0000,
191815827800,175.3243,-2.4270,0.0574,-0.4420,0.0000,90.0000,0.0000,
191829810500,175.3382,-2.4270,0.0574,-0.4420,0.0000,90.0000,0.0000,
191843793900,175.3521,-2.4270,0.0574,-0.4420,0.0000,90.0000,0.0000,
191857636500,175.3660,-2.4270,0.0574,-0.4420,0.0000,90.0000,0.0000,
191871476500,175.3800,-2.4270,0.0574,-0.4420,0.0000,90.0000,0.0000,
191885524200,175.3939,-2.4270,0.0574,-0.4420,0.0000,90.0000,0.0000,
191899647000,175.4079,-2.4270,0.0574,-0.4420,0.0000,90.0000,0.0000,
191913257000,175.4218,-2.4270,0.0574,-0.4420,0.0000,90.0000,0.0000,
191927436000,175.4358,-2.4270,0.0574,-0.4420,0.0000,90.0000,0.0000,
191941189100,175.4495,-2.4270,0.0574,-0.4420,0.0000,90.0000,0.0000,
191955125900,175.4635,-2.4270,0.0574,-0.4420,0.0000,90.0000,0.0000,
191969180600,175.4774,-2.4270,0.0574,-0.4420,0.0000,90.0000,0.0000,
191983241600,175.4916,-2.4270,0.0574,-0.4420,0.0000,90.0000,0.0000,
191996868700,175.5052,-2.4270,0.0574,-0.4420,0.0000,90.0000,0.0000,
192010684600,175.5191,-2.4270,0.0574,-0.4420,0.0000,90.0000,0.0000,
192024966100,175.5333,-2.4270,0.0574,-0.4420,0.0000,90.0000,0.0000,
192038930800,175.5473,-2.4270,0.0574,-0.4420,0.0000,90.0000,0.0000,
192052388800,175.5609,-2.4270,0.0574,-0.4420,0.0000,90.0000,0.0000,
192066552100,175.5748,-2.4270,0.0574,-0.4420,0.0000,90.0000,0.0000,
192080483600,175.5888,-2.4270,0.0574,-0.4420,0.0000,90.0000,0.0000,
192094206300,175.6027,-2.4270,0.0574,-0.4420,0.0000,90.0000,0.0000,
192108532200,175.6169,-2.4270,0.0574,-0.4420,0.0000,90.0000,0.0000,
192122612000,175.6308,-2.4270,0.0574,-0.4420,0.0000,90.0000,0.0000,
192136602000,175.6449,-2.4270,0.0574,-0.4420,0.0000,90.0000,0.0000,
192150879400,175.6593,-2.4270,0.0574,-0.4420,0.0000,90.0000,0.0000,
192164595400,175.6729,-2.4270,0.0574,-0.4420,0.0000,90.0000,0.0000,
192178311500,175.6866,-2.4270,0.0574,-0.4420,0.0000,90.0000,0.0000,
192192696000,175.7011,-2.4270,0.0574,-0.4420,0.0000,90.0000,0.0000,
192206444800,175.7148,-2.4270,0.0574,-0.4420,0.0000,90.0000,0.0000,
192220006900,175.7283,-2.4270,0.0574,-0.4420,0.0000,90.0000,0.0000,
192234120300,175.7425,-2.4270,0.0574,-0.4420,0.0000,90.0000,0.0000,
192248061900,175.7563,-2.4270,0.0574,-0.4420,0.0000,90.0000,0.0000,
192262366700,175.7706,-2.4270,0.0574,-0.4420,0.0000,90.0000,0.0000,
192276001500,175.7843,-2.4270,0.0574,-0.4420,0.0000,90.0000,0.0000,
192290291700,175.7985,-2.4270,0.0574,-0.4420,0.0000,90.0000,0.0000,
192303741400,175.8120,-2.4270,0.0574,-0.4420,0.0000,90.0000,0.0000,
192317271100,175.8256,-2.4270,0.0574,-0.4420,0.0000,90.0000,0.0000,
192331487900,175.8399,-2.4270,0.0574,-0.4420,0.0000,90.0000,0.0000,
192345389300,175.8536,-2.4270,0.0574,-0.4420,0.0000,90.0000,0.0000,
192359157200,175.8675,-2.4270,0.0574,-0.4420,0.0000,90.0000,0.0000,
192373310100,175.8817,-2.4270,0.0574,-0.4420,0.0000,90.0000,0.0000,
192386969900,175.8953,-2.4270,0.0574,-0.4420,0.0000,90.0000,0.0000,
192401371000,175.9096,-2.4270,0.0574,-0.4420,0.0000,90.0000,0.0000,
192414400200,175.9228,-2.4270,0.0574,-0.4420,0.0000,90.0000,0.0000,
192428753600,175.9371,-2.4270,0.0574,-0.4420,0.0000,90.0000,0.0000,
192443065900,175.9514,-2.4270,0.0574,-0.4420,0.0000,90.0000,0.0000,
192457246800,175.9655,-2.4270,0.0574,-0.4420,0.0000,90.0000,0.0000,
192470633900,175.9791,-2.4270,0.0574,-0.4420,0.0000,90.0000,0.0000,
192483907600,175.9922,-2.4270,0.0574,-0.4420,0.0000,90.0000,0.0000,
192498364800,176.0067,-2.4270,0.0574,-0.4420,0.0000,90.0000,0.0000,
192512133100,176.0205,-2.4270,0.0574,-0.4420,0.0000,90.0000,0.0000,
192526140800,176.0345,-2.4270,0.0574,-0.4420,0.0000,90.0000,0.0000,
192539746100,176.0481,-2.4270,0.0574,-0.4420,0.0000,90.0000,0.0000,
192553680500,176.0621,-2.4270,0.0574,-0.4420,0.0000,90.0000,0.0000,
192567957100,176.0762,-2.4270,0.0574,-0.4420,0.0000,90.0000,0.0000,
192581880400,176.0902,-2.4270,0.0574,-0.4420,0.0000,90.0000,0.0000,
192595682200,176.1041,-2.4270,0.0574,-0.4420,0.0000,90.0000,0.0000,
192609996000,176.1183,-2.4270,0.0574,-0.4420,0.0000,90.0000,0.0000,
192623696700,176.1320,-2.4270,0.0574,-0.4420,0.0000,90.0000,0.0000,
192637527400,176.1459,-2.4270,0.0574,-0.4420,0.0000,90.0000,0.0000,
192651250400,176.1597,-2.4270,0.0574,-0.4420,0.0000,90.0000,0.0000,
192665922600,176.1742,-2.4270,0.0574,-0.4420,0.0000,90.0000,0.0000,
192679708200,176.1879,-2.4270,0.0574,-0.4420,0.0000,90.0000,0.0000,
192693313400,176.2018,-2.4270,0.0574,-0.4420,0.0000,90.0000,0.0000,
192707431900,176.2158,-2.4270,0.0574,-0.4420,0.0000,90.0000,0.0000,
192721389800,176.2297,-2.4270,0.0574,-0.4420,0.0000,90.0000,0.0000,
192734790900,176.2432,-2.4270,0.0574,-0.4420,0.0000,90.0000,0.0000,
192748771800,176.2571,-2.4270,0.0574,-0.4420,0.0000,90.0000,0.0000,
192763157100,176.2715,-2.4270,0.0574,-0.4420,0.0000,90.0000,0.0000,
192776591500,176.2849,-2.4270,0.0574,-0.4420,0.0000,90.0000,0.0000,
192790923800,176.2993,-2.4270,0.0574,-0.4420,0.0000,90.0000,0.0000,
192804550600,176.3129,-2.4270,0.0574,-0.4420,0.0000,90.0000,0.0000,
192818979900,176.3273,-2.4270,0.0574,-0.4420,0.0000,90.0000,0.0000,
192832585100,176.3411,-2.4270,0.0574,-0.4420,0.0000,90.0000,0.0000,
192846773200,176.3550,-2.4270,0.0574,-0.4420,0.0000,90.0000,0.0000,
192860442000,176.3688,-2.4270,0.0574,-0.4420,0.0000,90.0000,0.0000,
192874434600,176.3829,-2.4270,0.0574,-0.4420,0.0000,90.0000,0.0000,
192888415800,176.3968,-2.4270,0.0574,-0.4420,0.0000,90.0000,0.0000,
192902460700,176.4107,-2.4270,0.0574,-0.4420,0.0000,90.0000,0.0000,
192916236800,176.4246,-2.4270,0.0574,-0.4420,0.0000,90.0000,0.0000,
192929857700,176.4383,-2.4270,0.0574,-0.4420,0.0000,90.0000,0.0000,
192944092100,176.4524,-2.4270,0.0574,-0.4420,0.0000,90.0000,0.0000,
192958255900,176.4665,-2.4270,0.0574,-0.4420,0.0000,90.0000,0.0000,
192971756700,176.4802,-2.4270,0.0574,-0.4420,0.0000,90.0000,0.0000,
192985999400,176.4943,-2.4270,0.0574,-0.4420,0.0000,90.0000,0.0000,
192999828500,176.5082,-2.4270,0.0574,-0.4420,0.0000,90.0000,0.0000,
193013438100,176.5219,-2.4270,0.0574,-0.4420,0.0000,90.0000,0.0000,
193027440900,176.5358,-2.4270,0.0574,-0.4420,0.0000,90.0000,0.0000,
193041687800,176.5500,-2.4270,0.0574,-0.4420,0.0000,90.0000,0.0000,
193055216400,176.5637,-2.4270,0.0574,-0.4420,0.0000,90.0000,0.0000,
193069123100,176.5774,-2.4270,0.0574,-0.4420,0.0000,90.0000,0.0000,
193083072800,176.5914,-2.4270,0.0574,-0.4420,0.0000,90.0000,0.0000,
193097126000,176.6055,-2.4270,0.0574,-0.4420,0.0000,90.0000,0.0000,
193111117700,176.6196,-2.4270,0.0574,-0.4420,0.0000,90.0000,0.0000,
193124763300,176.6330,-2.4270,0.0574,-0.4420,0.0000,90.0000,0.0000,
193138839800,176.6472,-2.4270,0.0574,-0.4420,0.0000,90.0000,0.0000,
193152586900,176.6611,-2.4270,0.0574,-0.4420,0.0000,90.0000,0.0000,
193166683500,176.6750,-2.4270,0.0574,-0.4420,0.0000,90.0000,0.0000,
193180335200,176.6886,-2.4270,0.0574,-0.4420,0.0000,90.0000,0.0000,
193194402300,176.7028,-2.4270,0.0574,-0.4420,0.0000,90.0000,0.0000,
193208439300,176.7168,-2.4270,0.0574,-0.4420,0.0000,90.0000,0.0000,
193222240200,176.7306,-2.4270,0.0574,-0.4420,0.0000,90.0000,0.0000,
193236309000,176.7446,-2.4270,0.0574,-0.4420,0.0000,90.0000,0.0000,
193249940200,176.7584,-2.4270,0.0574,-0.4420,0.0000,90.0000,0.0000,
193263959900,176.7723,-2.4270,0.0574,-0.4420,0.0000,90.0000,0.0000,
193277880000,176.7862,-2.4270,0.0574,-0.4420,0.0000,90.0000,0.0000,
193292164400,176.8006,-2.4270,0.0574,-0.4420,0.0000,90.0000,0.0000,
193306019300,176.8143,-2.4270,0.0574,-0.4420,0.0000,90.0000,0.0000,
193319643600,176.8280,-2.4270,0.0574,-0.4420,0.0000,90.0000,0.0000,
193333457900,176.8419,-2.4270,0.0574,-0.4420,0.0000,90.0000,0.0000,
193347574500,176.8559,-2.4270,0.0574,-0.4420,0.0000,90.0000,0.0000,
193362333100,176.8707,-2.4270,0.0574,-0.4420,0.0000,90.0000,0.0000,
193375286600,176.8838,-2.4270,0.0574,-0.4420,0.0000,90.0000,0.0000,
193389608600,176.8979,-2.4270,0.0574,-0.4420,0.0000,90.0000,0.0000,
193403215100,176.9115,-2.4270,0.0574,-0.4420,0.0000,90.0000,0.0000,
193417682400,176.9260,-2.4270,0.0574,-0.4420,0.0000,90.0000,0.0000,
193431683000,176.9402,-2.4270,0.0574,-0.4420,0.0000,90.0000,0.0000,
193445457500,176.9538,-2.4270,0.0574,-0.4420,0.0000,90.0000,0.0000,
193459621800,176.9679,-2.4270,0.0574,-0.4420,0.0000,90.0000,0.0000,
193473063500,176.9815,-2.4270,0.0574,-0.4420,0.0000,90.0000,0.0000,
193487098900,176.9955,-2.4270,0.0574,-0.4420,0.0000,90.0000,0.0000,
193500721300,177.0090,-2.4270,0.0574,-0.4420,0.0000,90.0000,0.0000,
193514935000,177.0233,-2.4270,0.0574,-0.4420,0.0000,90.0000,0.0000,
193528658500,177.0370,-2.4270,0.0574,-0.4420,0.0000,90.0000,0.0000,
193542844400,177.0512,-2.4270,0.0574,-0.4420,0.0000,90.0000,0.0000,
193556356000,177.0647,-2.4270,0.0574,-0.4420,0.0000,90.0000,0.0000,
193570352600,177.0788,-2.4270,0.0574,-0.4420,0.0000,90.0000,0.0000,
193584681700,177.0930,-2.4270,0.0574,-0.4420,0.0000,90.0000,0.0000,
193598490500,177.1068,-2.4270,0.0574,-0.4420,0.0000,90.0000,0.0000,
193612318800,177.1208,-2.4270,0.0574,-0.4420,0.0000,90.0000,0.0000,
193626501100,177.1348,-2.4270,0.0574,-0.4420,0.0000,90.0000,0.0000,
193639995600,177.1483,-2.4270,0.0574,-0.4420,0.0000,90.0000,0.0000,
193653932300,177.1624,-2.4270,0.0574,-0.4420,0.0000,90.0000,0.0000,
193668402700,177.1767,-2.4270,0.0574,-0.4420,0.0000,90.0000,0.0000,
193682103200,177.1904,-2.4270,0.0574,-0.4420,0.0000,90.0000,0.0000,
193695902400,177.2044,-2.4270,0.0574,-0.4420,0.0000,90.0000,0.0000,
193709543200,177.2179,-2.4270,0.0574,-0.4420,0.0000,90.0000,0.0000,
193723215400,177.2316,-2.4270,0.0574,-0.4420,0.0000,90.0000,0.0000,
193737490100,177.2458,-2.4270,0.0574,-0.4420,0.0000,90.0000,0.0000,
193751201600,177.2597,-2.4270,0.0574,-0.4420,0.0000,90.0000,0.0000,
193765290800,177.2736,-2.4270,0.0574,-0.4420,0.0000,90.0000,0.0000,
193779268600,177.2876,-2.4270,0.0574,-0.4420,0.0000,90.0000,0.0000,
193793278100,177.3016,-2.4270,0.0574,-0.4420,0.0000,90.0000,0.0000,
193807102000,177.3154,-2.4270,0.0574,-0.4420,0.0000,90.0000,0.0000,
193820894300,177.3292,-2.4270,0.0574,-0.4420,0.0000,90.0000,0.0000,
193834703500,177.3432,-2.4270,0.0574,-0.4420,0.0000,90.0000,0.0000,
193849375800,177.3576,-2.4270,0.0574,-0.4420,0.0000,90.0000,0.0000,
193862907300,177.3712,-2.4270,0.0574,-0.4420,0.0000,90.0000,0.0000,
193876487100,177.3848,-2.4270,0.0574,-0.4420,0.0000,90.0000,0.0000,
193890342600,177.3988,-2.4270,0.0574,-0.4420,0.0000,90.0000,0.0000,
193904916400,177.4131,-2.4270,0.0574,-0.4420,0.0000,90.0000,0.0000,
193918616000,177.4270,-2.4270,0.0574,-0.4420,0.0000,90.0000,0.0000,
193932154100,177.4406,-2.4270,0.0574,-0.4420,0.0000,90.0000,0.0000,
193946283100,177.4546,-2.4270,0.0574,-0.4420,0.0000,90.0000,0.0000,
193960653100,177.4689,-2.4270,0.0574,-0.4420,0.0000,90.0000,0.0000,
193974165800,177.4826,-2.4270,0.0574,-0.4420,0.0000,90.0000,0.0000,
193988280900,177.4966,-2.4270,0.0574,-0.4420,0.0000,90.0000,0.0000,
194001779700,177.5101,-2.4270,0.0574,-0.4420,0.0000,90.0000,0.0000,
194015651100,177.5240,-2.4270,0.0574,-0.4420,0.0000,90.0000,0.0000,
194029698500,177.5380,-2.4270,0.0574,-0.4420,0.0000,90.0000,0.0000,
194043518000,177.5519,-2.4270,0.0574,-0.4420,0.0000,90.0000,0.0000,
194058000100,177.5663,-2.4270,0.0574,-0.4420,0.0000,90.0000,0.0000,
194071276900,177.5796,-2.4270,0.0574,-0.4420,0.0000,90.0000,0.0000,
194085383700,177.5937,-2.4270,0.0574,-0.4420,0.0000,90.0000,0.0000,
194099156200,177.6075,-2.4270,0.0574,-0.4420,0.0000,90.0000,0.0000,
194113062900,177.6215,-2.4270,0.0574,-0.4420,0.0000,90.0000,0.0000,
194127584300,177.6358,-2.4270,0.0574,-0.4420,0.0000,90.0000,0.0000,
194140844200,177.6492,-2.4270,0.0574,-0.4420,0.0000,90.0000,0.0000,
194154956300,177.6634,-2.4270,0.0574,-0.4420,0.0000,90.0000,0.0000,
194169338400,177.6777,-2.4270,0.0574,-0.4420,0.0000,90.0000,0.0000,
194182983500,177.6911,-2.4270,0.0574,-0.4420,0.0000,90.0000,0.0000,
194196945100,177.7053,-2.4270,0.0574,-0.4420,0.0000,90.0000,0.0000,
194210822600,177.7193,-2.4270,0.0574,-0.4420,0.0000,90.0000,0.0000,
194224746800,177.7331,-2.4270,0.0574,-0.4420,0.0000,90.0000,0.0000,
194238335000,177.7466,-2.4270,0.0574,-0.4420,0.0000,90.0000,0.0000,
194252074000,177.7605,-2.4270,0.0574,-0.4420,0.0000,90.0000,0.0000,
194266200400,177.7745,-2.4270,0.0574,-0.4420,0.0000,90.0000,0.0000,
194280117800,177.7884,-2.4270,0.0574,-0.4420,0.0000,90.0000,0.0000,
194294031600,177.8024,-2.4270,0.0574,-0.4420,0.0000,90.0000,0.0000,
194308170000,177.8164,-2.4270,0.0574,-0.4420,0.0000,90.0000,0.0000,
194322342800,177.8307,-2.4270,0.0574,-0.4420,0.0000,90.0000,0.0000,
194335906200,177.8443,-2.4270,0.0574,-0.4420,0.0000,90.0000,0.0000,
194350315500,177.8586,-2.4270,0.0574,-0.4420,0.0000,90.0000,0.0000,
194363764100,177.8720,-2.4270,0.0574,-0.4420,0.0000,90.0000,0.0000,
194377723000,177.8860,-2.4270,0.0574,-0.4420,0.0000,90.0000,0.0000,
194391437500,177.8998,-2.4270,0.0574,-0.4420,0.0000,90.0000,0.0000,
194405841700,177.9141,-2.4270,0.0574,-0.4420,0.0000,90.0000,0.0000,
194419582800,177.9278,-2.4270,0.0574,-0.4420,0.0000,90.0000,0.0000,
194433203500,177.9416,-2.4270,0.0574,-0.4420,0.0000,90.0000,0.0000,
194447458100,177.9557,-2.4270,0.0574,-0.4420,0.0000,90.0000,0.0000,
194461266200,177.9695,-2.4270,0.0574,-0.4420,0.0000,90.0000,0.0000,
194474977200,177.9834,-2.4270,0.0574,-0.4420,0.0000,90.0000,0.0000,
194489112400,177.9973,-2.4270,0.0574,-0.4420,0.0000,90.0000,0.0000,
194502964300,178.0113,-2.4270,0.0574,-0.4420,0.0000,90.0000,0.0000,
194516948500,178.0251,-2.4270,0.0574,-0.4420,0.0000,90.0000,0.0000,
194530645400,178.0391,-2.4270,0.0574,-0.4420,0.0000,90.0000,0.0000,
194544741500,178.0530,-2.4270,0.0574,-0.4420,0.0000,90.0000,0.0000,
194558443300,178.0667,-2.4270,0.0574,-0.4420,0.0000,90.0000,0.0000,
194572651500,178.0810,-2.4270,0.0574,-0.4420,0.0000,90.0000,0.0000,
194586396400,178.0947,-2.4270,0.0574,-0.4420,0.0000,90.0000,0.0000,
194600393600,178.1087,-2.4270,0.0574,-0.4420,0.0000,90.0000,0.0000,
194614131700,178.1226,-2.4270,0.0574,-0.4420,0.0000,90.0000,0.0000,
194628202200,178.1364,-2.4270,0.0574,-0.4420,0.0000,90.0000,0.0000,
194642139800,178.1505,-2.4270,0.0574,-0.4420,0.0000,90.0000,0.0000,
194656304200,178.1646,-2.4270,0.0574,-0.4420,0.0000,90.0000,0.0000,
194669880100,178.1783,-2.4270,0.0574,-0.4420,0.0000,90.0000,0.0000,
194684088600,178.1923,-2.4270,0.0574,-0.4420,0.0000,90.0000,0.0000,
194697918900,178.2062,-2.4270,0.0574,-0.4420,0.0000,90.0000,0.0000,
194711679700,178.2201,-2.4270,0.0574,-0.4420,0.0000,90.0000,0.0000,
194725848400,178.2341,-2.4270,0.0574,-0.4420,0.0000,90.0000,0.0000,
194739769500,178.2480,-2.4270,0.0574,-0.4420,0.0000,90.0000,0.0000,
194753669500,178.2621,-2.4270,0.0574,-0.4420,0.0000,90.0000,0.0000,
194767541700,178.2758,-2.4270,0.0574,-0.4420,0.0000,90.0000,0.0000,
194781482000,178.2898,-2.4270,0.0574,-0.4420,0.0000,90.0000,0.0000,
194795367300,178.3037,-2.4270,0.0574,-0.4420,0.0000,90.0000,0.0000,
194809306800,178.3176,-2.4270,0.0574,-0.4420,0.0000,90.0000,0.0000,
194823668700,178.3320,-2.4270,0.0574,-0.4420,0.0000,90.0000,0.0000,
194837357500,178.3457,-2.4270,0.0574,-0.4420,0.0000,90.0000,0.0000,
194850910600,178.3593,-2.4270,0.0574,-0.4420,0.0000,90.0000,0.0000,
194865077500,178.3734,-2.4270,0.0574,-0.4420,0.0000,90.0000,0.0000,
194878854300,178.3871,-2.4270,0.0574,-0.4420,0.0000,90.0000,0.0000,
194893007800,178.4015,-2.4270,0.0574,-0.4420,0.0000,90.0000,0.0000,
194907446700,178.4156,-2.4270,0.0574,-0.4420,0.0000,90.0000,0.0000,
194920705000,178.4290,-2.4270,0.0574,-0.4420,0.0000,90.0000,0.0000,
194934569600,178.4430,-2.4270,0.0574,-0.4420,0.0000,90.0000,0.0000,
194948561800,178.4569,-2.4270,0.0574,-0.4420,0.0000,90.0000,0.0000,
194962910400,178.4712,-2.4270,0.0574,-0.4420,0.0000,90.0000,0.0000,
194976382200,178.4847,-2.4270,0.0574,-0.4420,0.0000,90.0000,0.0000,
194990092900,178.4986,-2.4270,0.0574,-0.4420,0.0000,90.0000,0.0000,
195004118600,178.5124,-2.4270,0.0574,-0.4420,0.0000,90.0000,0.0000,
195018483500,178.5267,-2.4270,0.0574,-0.4420,0.0000,90.0000,0.0000,
195031973500,178.5404,-2.4270,0.0574,-0.4420,0.0000,90.0000,0.0000,
195045805300,178.5541,-2.4270,0.0574,-0.4420,0.0000,90.0000,0.0000,
195059956700,178.5683,-2.4270,0.0574,-0.4420,0.0000,90.0000,0.0000,
195073800900,178.5822,-2.4270,0.0574,-0.4420,0.0000,90.0000,0.0000,
195087575800,178.5959,-2.4270,0.0574,-0.4420,0.0000,90.0000,0.0000,
195101674900,178.6099,-2.4270,0.0574,-0.4420,0.0000,90.0000,0.0000,
195115583900,178.6240,-2.4270,0.0574,-0.4420,0.0000,90.0000,0.0000,
195129888800,178.6382,-2.4270,0.0574,-0.4420,0.0000,90.0000,0.0000,
195143594000,178.6519,-2.4270,0.0574,-0.4420,0.0000,90.0000,0.0000,
195157551200,178.6658,-2.4270,0.0574,-0.4420,0.0000,90.0000,0.0000,
195171177500,178.6796,-2.4270,0.0574,-0.4420,0.0000,90.0000,0.0000,
195185425600,178.6937,-2.4270,0.0574,-0.4420,0.0000,90.0000,0.0000,
195199116800,178.7074,-2.4270,0.0574,-0.4420,0.0000,90.0000,0.0000,
195212921000,178.7213,-2.4270,0.0574,-0.4420,0.0000,90.0000,0.0000,
195227077100,178.7354,-2.4270,0.0574,-0.4420,0.0000,90.0000,0.0000,
195240920100,178.7491,-2.4270,0.0574,-0.4420,0.0000,90.0000,0.0000,
195254803600,178.7632,-2.4270,0.0574,-0.4420,0.0000,90.0000,0.0000,
195268803900,178.7771,-2.4270,0.0574,-0.4420,0.0000,90.0000,0.0000,
195282712300,178.7909,-2.4270,0.0574,-0.4420,0.0000,90.0000,0.0000,
195296780600,178.8050,-2.4270,0.0574,-0.4420,0.0000,90.0000,0.0000,
195310288400,178.8187,-2.4270,0.0574,-0.4420,0.0000,90.0000,0.0000,
195324579700,178.8328,-2.4270,0.0574,-0.4420,0.0000,90.0000,0.0000,
195338269800,178.8465,-2.4270,0.0574,-0.4420,0.0000,90.0000,0.0000,
195352227000,178.8605,-2.4270,0.0574,-0.4420,0.0000,90.0000,0.0000,
195366459200,178.8747,-2.4270,0.0574,-0.4420,0.0000,90.0000,0.0000,
195380031800,178.8883,-2.4270,0.0574,-0.4420,0.0000,90.0000,0.0000,
195393839000,178.9022,-2.4270,0.0574,-0.4420,0.0000,90.0000,0.0000,
195408016400,178.9162,-2.4270,0.0574,-0.4420,0.0000,90.0000,0.0000,
195421819400,178.9301,-2.4270,0.0574,-0.4420,0.0000,90.0000,0.0000,
195436291600,178.9446,-2.4270,0.0574,-0.4420,0.0000,90.0000,0.0000,
195449637500,178.9580,-2.4270,0.0574,-0.4420,0.0000,90.0000,0.0000,
195463653500,178.9719,-2.4270,0.0574,-0.4420,0.0000,90.0000,0.0000,
195477657000,178.9860,-2.4270,0.0574,-0.4420,0.0000,90.0000,0.0000,
195491400500,178.9998,-2.4270,0.0574,-0.4420,0.0000,90.0000,0.0000,
195505792100,179.0141,-2.4270,0.0574,-0.4420,0.0000,90.0000,0.0000,
195519459900,179.0277,-2.4270,0.0574,-0.4420,0.0000,90.0000,0.0000,
195533310900,179.0417,-2.4270,0.0574,-0.4420,0.0000,90.0000,0.0000,
195547263800,179.0555,-2.4270,0.0574,-0.4420,0.0000,90.0000,0.0000,
195561027600,179.0693,-2.4270,0.0574,-0.4420,0.0000,90.0000,0.0000,
195575021200,179.0834,-2.4270,0.0574,-0.4420,0.0000,90.0000,0.0000,
195589291300,179.0975,-2.4270,0.0574,-0.4420,0.0000,90.0000,0.0000,
195602784800,179.1111,-2.4270,0.0574,-0.4420,0.0000,90.0000,0.0000,
195616854800,179.1251,-2.4270,0.0574,-0.4420,0.0000,90.0000,0.0000,
195630520700,179.1389,-2.4270,0.0574,-0.4420,0.0000,90.0000,0.0000,
195644471400,179.1527,-2.4270,0.0574,-0.4420,0.0000,90.0000,0.0000,
195658533700,179.1668,-2.4270,0.0574,-0.4420,0.0000,90.0000,0.0000,
195672658100,179.1810,-2.4270,0.0574,-0.4420,0.0000,90.0000,0.0000,
195686492100,179.1947,-2.4270,0.0574,-0.4420,0.0000,90.0000,0.0000,
195700289700,179.2085,-2.4270,0.0574,-0.4420,0.0000,90.0000,0.0000,
195714001800,179.2224,-2.4270,0.0574,-0.4420,0.0000,90.0000,0.0000,
195728005100,179.2363,-2.4270,0.0574,-0.4420,0.0000,90.0000,0.0000,
195742191000,179.2503,-2.4270,0.0574,-0.4420,0.0000,90.0000,0.0000,
195756185300,179.2644,-2.4270,0.0574,-0.4420,0.0000,90.0000,0.0000,
195770031800,179.2784,-2.4270,0.0574,-0.4420,0.0000,90.0000,0.0000,
195783808400,179.2920,-2.4270,0.0574,-0.4420,0.0000,90.0000,0.0000,
195797779900,179.3060,-2.4270,0.0574,-0.4420,0.0000,90.0000,0.0000,
195811524800,179.3199,-2.4270,0.0574,-0.4420,0.0000,90.0000,0.0000,
195825729900,179.3339,-2.4270,0.0574,-0.4420,0.0000,90.0000,0.0000,
195839469900,179.3477,-2.4270,0.0574,-0.4420,0.0000,90.0000,0.0000,
195853322000,179.3617,-2.4270,0.0574,-0.4420,0.0000,90.0000,0.0000,
195867201300,179.3754,-2.4270,0.0574,-0.4420,0.0000,90.0000,0.0000,
195881286900,179.3896,-2.4270,0.0574,-0.4420,0.0000,90.0000,0.0000,
195895190100,179.4036,-2.4270,0.0574,-0.4420,0.0000,90.0000,0.0000,
195909696400,179.4179,-2.4270,0.0574,-0.4420,0.0000,90.0000,0.0000,
195923244200,179.4314,-2.4270,0.0574,-0.4420,0.0000,90.0000,0.0000,
195937091100,179.4453,-2.4270,0.0574,-0.4420,0.0000,90.0000,0.0000,
195950854800,179.4592,-2.4270,0.0574,-0.4420,0.0000,90.0000,0.0000,
195965313200,179.4735,-2.4270,0.0574,-0.4420,0.0000,90.0000,0.0000,
195978796100,179.4871,-2.4270,0.0574,-0.4420,0.0000,90.0000,0.0000,
195992911700,179.5013,-2.4270,0.0574,-0.4420,0.0000,90.0000,0.0000,
196006849800,179.5151,-2.4270,0.0574,-0.4420,0.0000,90.0000,0.0000,
196021025900,179.5292,-2.4270,0.0574,-0.4420,0.0000,90.0000,0.0000,
196034373200,179.5428,-2.4270,0.0574,-0.4420,0.0000,90.0000,0.0000,
196048746100,179.5570,-2.4270,0.0574,-0.4420,0.0000,90.0000,0.0000,
196062416400,179.5707,-2.4270,0.0574,-0.4420,0.0000,90.0000,0.0000,
196076448000,179.5847,-2.4270,0.0574,-0.4420,0.0000,90.0000,0.0000,
196090454400,179.5989,-2.4270,0.0574,-0.4420,0.0000,90.0000,0.0000,
196104526900,179.6128,-2.4270,0.0574,-0.4420,0.0000,90.0000,0.0000,
196117975700,179.6262,-2.4270,0.0574,-0.4420,0.0000,90.0000,0.0000,
196131886500,179.6402,-2.4270,0.0574,-0.4420,0.0000,90.0000,0.0000,
196146217200,179.6545,-2.4270,0.0574,-0.4420,0.0000,90.0000,0.0000,
196159727800,179.6680,-2.4270,0.0574,-0.4420,0.0000,90.0000,0.0000,
196173760200,179.6822,-2.4270,0.0574,-0.4420,0.0000,90.0000,0.0000,
196187955300,179.6962,-2.4270,0.0574,-0.4420,0.0000,90.0000,0.0000,
196201628200,179.7099,-2.4270,0.0574,-0.4420,0.0000,90.0000,0.0000,
196215931400,179.7243,-2.4270,0.0574,-0.4420,0.0000,90.0000,0.0000,
196229482900,179.7377,-2.4270,0.0574,-0.4420,0.0000,90.0000,0.0000,
196243719400,179.7519,-2.4270,0.0574,-0.4420,0.0000,90.0000,0.0000,
196257678900,179.7659,-2.4270,0.0574,-0.4420,0.0000,90.0000,0.0000,
196271359300,179.7798,-2.4270,0.0574,-0.4420,0.0000,90.0000,0.0000,
196285626100,179.7939,-2.4270,0.0574,-0.4420,0.0000,90.0000,0.0000,
196299539200,179.8077,-2.4270,0.0574,-0.4420,0.0000,90.0000,0.0000,
196313283600,179.8217,-2.4270,0.0574,-0.4420,0.0000,90.0000,0.0000,
196327259500,179.8356,-2.4270,0.0574,-0.4420,0.0000,90.0000,0.0000,
196341138100,179.8494,-2.4270,0.0574,-0.4420,0.0000,90.0000,0.0000,
196355074100,179.8634,-2.4270,0.0574,-0.4420,0.0000,90.0000,0.0000,
196369365700,179.8776,-2.4270,0.0574,-0.4420,0.0000,90.0000,0.0000,
196382714700,179.8910,-2.4270,0.0574,-0.4420,0.0000,90.0000,0.0000,
196396877800,179.9051,-2.4270,0.0574,-0.4420,0.0000,90.0000,0.0000,
196410566600,179.9189,-2.4270,0.0574,-0.4420,0.0000,90.0000,0.0000,
196424830800,179.9331,-2.4270,0.0574,-0.4420,0.0000,90.0000,0.0000,
196438531700,179.9468,-2.4270,0.0574,-0.4420,0.0000,90.0000,0.0000,
196452309900,179.9607,-2.4270,0.0574,-0.4420,0.0000,90.0000,0.0000,
196466313900,179.9744,-2.4270,0.0574,-0.4420,0.0000,90.0000,0.0000,
196480397700,179.9887,-2.4270,0.0574,-0.4420,0.0000,90.0000,0.0000,
196494149800,180.0025,-2.4270,0.0574,-0.4420,0.0000,90.0000,0.0000,
196508197900,180.0165,-2.4270,0.0574,-0.4420,0.0000,90.0000,0.0000,
196522121000,180.0303,-2.4270,0.0574,-0.4420,0.0000,90.0000,0.0000,
196536329700,180.0446,-2.4270,0.0574,-0.4420,0.0000,90.0000,0.0000,
196549999200,180.0584,-2.4270,0.0574,-0.4420,0.0000,90.0000,0.0000,
196563894600,180.0721,-2.4270,0.0574,-0.4420,0.0000,90.0000,0.0000,
196578279800,180.0864,-2.4270,0.0574,-0.4420,0.0000,90.0000,0.0000,
196591651900,180.1000,-2.4270,0.0574,-0.4420,0.0000,90.0000,0.0000,
196605883700,180.1141,-2.4270,0.0574,-0.4420,0.0000,90.0000,0.0000,
196619905700,180.1281,-2.4270,0.0574,-0.4420,0.0000,90.0000,0.0000,
196633263600,180.1416,-2.4270,0.0574,-0.4420,0.0000,90.0000,0.0000,
196647683300,180.1559,-2.4270,0.0574,-0.4420,0.0000,90.0000,0.0000,
196661549900,180.1698,-2.4270,0.0574,-0.4420,0.0000,90.0000,0.0000,
196675123200,180.1835,-2.4270,0.0574,-0.4420,0.0000,90.0000,0.0000,
196689593200,180.1978,-2.4270,0.0574,-0.4420,0.0000,90.0000,0.0000,
196703567100,180.2117,-2.4270,0.0574,-0.4420,0.0000,90.0000,0.0000,
196717646300,180.2259,-2.4270,0.0574,-0.4420,0.0000,90.0000,0.0000,
196731285200,180.2397,-2.4270,0.0574,-0.4420,0.0000,90.0000,0.0000,
196745676900,180.2539,-2.4270,0.0574,-0.4420,0.0000,90.0000,0.0000,
196759276000,180.2675,-2.4270,0.0574,-0.4420,0.0000,90.0000,0.0000,
196773060500,180.2814,-2.4270,0.0574,-0.4420,0.0000,90.0000,0.0000,
196786808500,180.2950,-2.4270,0.0574,-0.4420,0.0000,90.0000,0.0000,
196801234500,180.3094,-2.4270,0.0574,-0.4420,0.0000,90.0000,0.0000,
196814827800,180.3232,-2.4270,0.0574,-0.4420,0.0000,90.0000,0.0000,
196829207800,180.3374,-2.4270,0.0574,-0.4420,0.0000,90.0000,0.0000,
196842980700,180.3512,-2.4270,0.0574,-0.4420,0.0000,90.0000,0.0000,
196856859800,180.3650,-2.4270,0.0574,-0.4420,0.0000,90.0000,0.0000,
196870805300,180.3792,-2.4270,0.0574,-0.4420,0.0000,90.0000,0.0000,
196884453600,180.3926,-2.4270,0.0574,-0.4420,0.0000,90.0000,0.0000,
196898644500,180.4069,-2.4270,0.0574,-0.4420,0.0000,90.0000,0.0000,
196912598500,180.4209,-2.4270,0.0574,-0.4420,0.0000,90.0000,0.0000,
196926735300,180.4350,-2.4270,0.0574,-0.4420,0.0000,90.0000,0.0000,
196940390300,180.4486,-2.4270,0.0574,-0.4420,0.0000,90.0000,0.0000,
196954186100,180.4626,-2.4270,0.0574,-0.4420,0.0000,90.0000,0.0000,
196968173000,180.4763,-2.4270,0.0574,-0.4420,0.0000,90.0000,0.0000,
196982409600,180.4906,-2.4270,0.0574,-0.4420,0.0000,90.0000,0.0000,
196995870000,180.5042,-2.4270,0.0574,-0.4420,0.0000,90.0000,0.0000,
197009800500,180.5180,-2.4270,0.0574,-0.4420,0.0000,90.0000,0.0000,
197024021100,180.5322,-2.4270,0.0574,-0.4420,0.0000,90.0000,0.0000,
197037837000,180.5461,-2.4270,0.0574,-0.4420,0.0000,90.0000,0.0000,
197051373000,180.5597,-2.4270,0.0574,-0.4420,0.0000,90.0000,0.0000,
197066059100,180.5743,-2.4270,0.0574,-0.4420,0.0000,90.0000,0.0000,
197079967200,180.5881,-2.4270,0.0574,-0.4420,0.0000,90.0000,0.0000,
197093939900,180.6023,-2.4270,0.0574,-0.4420,0.0000,90.0000,0.0000,
197107147800,180.6154,-2.4270,0.0574,-0.4420,0.0000,90.0000,0.0000,
197121128400,180.6294,-2.4270,0.0574,-0.4420,0.0000,90.0000,0.0000,
197135720400,180.6440,-2.4270,0.0574,-0.4420,0.0000,90.0000,0.0000,
197149877100,180.6581,-2.4270,0.0574,-0.4420,0.0000,90.0000,0.0000,
197163087800,180.6713,-2.4270,0.0574,-0.4420,0.0000,90.0000,0.0000,
197177306500,180.6855,-2.4270,0.0574,-0.4420,0.0000,90.0000,0.0000,
197191026600,180.6993,-2.4270,0.0574,-0.4420,0.0000,90.0000,0.0000,
197205358000,180.7136,-2.4270,0.0574,-0.4420,0.0000,90.0000,0.0000,
197219164500,180.7274,-2.4270,0.0574,-0.4420,0.0000,90.0000,0.0000,
197232706900,180.7410,-2.4270,0.0574,-0.4420,0.0000,90.0000,0.0000,
197247003400,180.7551,-2.4270,0.0574,-0.4420,0.0000,90.0000,0.0000,
197260809200,180.7690,-2.4270,0.0574,-0.4420,0.0000,90.0000,0.0000,
197274673800,180.7830,-2.4270,0.0574,-0.4420,0.0000,90.0000,0.0000,
197288608900,180.7968,-2.4270,0.0574,-0.4420,0.0000,90.0000,0.0000,
197302246800,180.8103,-2.4270,0.0574,-0.4420,0.0000,90.0000,0.0000,
197316670400,180.8249,-2.4270,0.0574,-0.4420,0.0000,90.0000,0.0000,
197330139900,180.8385,-2.4270,0.0574,-0.4420,0.0000,90.0000,0.0000,
197344410300,180.8526,-2.4270,0.0574,-0.4420,0.0000,90.0000,0.0000,
197358280500,180.8664,-2.4270,0.0574,-0.4420,0.0000,90.0000,0.0000,
197372045400,180.8804,-2.4270,0.0574,-0.4420,0.0000,90.0000,0.0000,
197386373700,180.8946,-2.4270,0.0574,-0.4420,0.0000,90.0000,0.0000,
197400106400,180.9083,-2.4270,0.0574,-0.4420,0.0000,90.0000,0.0000,
197413812300,180.9221,-2.4270,0.0574,-0.4420,0.0000,90.0000,0.0000,
197427935300,180.9361,-2.4270,0.0574,-0.4420,0.0000,90.0000,0.0000,
197441926800,180.9501,-2.4270,0.0574,-0.4420,0.0000,90.0000,0.0000,
197455708200,180.9641,-2.4270,0.0574,-0.4420,0.0000,90.0000,0.0000,
197469665500,180.9778,-2.4270,0.0574,-0.4420,0.0000,90.0000,0.0000,
197483862300,180.9921,-2.4270,0.0574,-0.4420,0.0000,90.0000,0.0000,
197497643300,181.0059,-2.4270,0.0574,-0.4420,0.0000,90.0000,0.0000,
197511570500,181.0199,-2.4270,0.0574,-0.4420,0.0000,90.0000,0.0000,
197525357300,181.0335,-2.4270,0.0574,-0.4420,0.0000,90.0000,0.0000,
197539275400,181.0475,-2.4270,0.0574,-0.4420,0.0000,90.0000,0.0000,
197552818200,181.0612,-2.4270,0.0574,-0.4420,0.0000,90.0000,0.0000,
197566924000,181.0752,-2.4270,0.0574,-0.4420,0.0000,90.0000,0.0000,
197580968800,181.0891,-2.4270,0.0574,-0.4420,0.0000,90.0000,0.0000,
197594707100,181.1031,-2.4270,0.0574,-0.4420,0.0000,90.0000,0.0000,
197608597600,181.1168,-2.4270,0.0574,-0.4420,0.0000,90.0000,0.0000,
197622498900,181.1307,-2.4270,0.0574,-0.4420,0.0000,90.0000,0.0000,
197636850800,181.1450,-2.4270,0.0574,-0.4420,0.0000,90.0000,0.0000,
197650517400,181.1588,-2.4270,0.0574,-0.4420,0.0000,90.0000,0.0000,
197664472300,181.1727,-2.4270,0.0574,-0.4420,0.0000,90.0000,0.0000,
197678312100,181.1865,-2.4270,0.0574,-0.4420,0.0000,90.0000,0.0000,
197692080000,181.2003,-2.4270,0.0574,-0.4420,0.0000,90.0000,0.0000,
197706321700,181.2146,-2.4270,0.0574,-0.4420,0.0000,90.0000,0.0000,
197720337000,181.2286,-2.4270,0.0574,-0.4420,0.0000,90.0000,0.0000,
197733898700,181.2422,-2.4270,0.0574,-0.4420,0.0000,90.0000,0.0000,
197748105800,181.2563,-2.4270,0.0574,-0.4420,0.0000,90.0000,0.0000,
197761970600,181.2702,-2.4270,0.0574,-0.4420,0.0000,90.0000,0.0000,
197775784600,181.2841,-2.4270,0.0574,-0.4420,0.0000,90.0000,0.0000,
197789816000,181.2980,-2.4270,0.0574,-0.4420,0.0000,90.0000,0.0000,
197803881300,181.3120,-2.4270,0.0574,-0.4420,0.0000,90.0000,0.0000,
197817752900,181.3260,-2.4270,0.0574,-0.4420,0.0000,90.0000,0.0000,
197831494700,181.3398,-2.4270,0.0574,-0.4420,0.0000,90.0000,0.0000,
197845780500,181.3540,-2.4270,0.0574,-0.4420,0.0000,90.0000,0.0000,
197859483800,181.3676,-2.4270,0.0574,-0.4420,0.0000,90.0000,0.0000,
197873259300,181.3816,-2.4270,0.0574,-0.4420,0.0000,90.0000,0.0000,
197887439400,181.3957,-2.4270,0.0574,-0.4420,0.0000,90.0000,0.0000,
197901455800,181.4097,-2.4270,0.0574,-0.4420,0.0000,90.0000,0.0000,
197915370500,181.4237,-2.4270,0.0574,-0.4420,0.0000,90.0000,0.0000,
197929128700,181.4373,-2.4270,0.0574,-0.4420,0.0000,90.0000,0.0000,
197942959100,181.4511,-2.4270,0.0574,-0.4420,0.0000,90.0000,0.0000,
197956939900,181.4650,-2.4270,0.0574,-0.4420,0.0000,90.0000,0.0000,
197970763800,181.4790,-2.4270,0.0574,-0.4420,0.0000,90.0000,0.0000,
197984739400,181.4929,-2.4270,0.0574,-0.4420,0.0000,90.0000,0.0000,
197998624700,181.5068,-2.4270,0.0574,-0.4420,0.0000,90.0000,0.0000,
198012330600,181.5207,-2.4270,0.0574,-0.4420,0.0000,90.0000,0.0000,
198026654400,181.5348,-2.4270,0.0574,-0.4420,0.0000,90.0000,0.0000,
198040537200,181.5487,-2.4270,0.0574,-0.4420,0.0000,90.0000,0.0000,
198054344600,181.5627,-2.4270,0.0574,-0.4420,0.0000,90.0000,0.0000,
198068374300,181.5764,-2.4270,0.0574,-0.4420,0.0000,90.0000,0.0000,
198082310200,181.5905,-2.4270,0.0574,-0.4420,0.0000,90.0000,0.0000,
198096120600,181.6044,-2.4270,0.0574,-0.4420,0.0000,90.0000,0.0000,
198109544200,181.6179,-2.4270,0.0574,-0.4420,0.0000,90.0000,0.0000,
198123882500,181.6321,-2.4270,0.0574,-0.4420,0.0000,90.0000,0.0000,
198138088600,181.6462,-2.4270,0.0574,-0.4420,0.0000,90.0000,0.0000,
198151695200,181.6601,-2.4270,0.0574,-0.4420,0.0000,90.0000,0.0000,
198165894900,181.6741,-2.4270,0.0574,-0.4420,0.0000,90.0000,0.0000,
198179658200,181.6879,-2.4270,0.0574,-0.4420,0.0000,90.0000,0.0000,
198193489900,181.7018,-2.4270,0.0574,-0.4420,0.0000,90.0000,0.0000,
198207599000,181.7159,-2.4270,0.0574,-0.4420,0.0000,90.0000,0.0000,
198221580300,181.7298,-2.4270,0.0574,-0.4420,0.0000,90.0000,0.0000,
198235577300,181.7439,-2.4270,0.0574,-0.4420,0.0000,90.0000,0.0000,
198249274600,181.7574,-2.4270,0.0574,-0.4420,0.0000,90.0000,0.0000,
198263101500,181.7713,-2.4270,0.0574,-0.4420,0.0000,90.0000,0.0000,
198277062600,181.7853,-2.4270,0.0574,-0.4420,0.0000,90.0000,0.0000,
198290867500,181.7992,-2.4270,0.0574,-0.4420,0.0000,90.0000,0.0000,
198305166600,181.8133,-2.4270,0.0574,-0.4420,0.0000,90.0000,0.0000,
198318817400,181.8271,-2.4270,0.0574,-0.4420,0.0000,90.0000,0.0000,
198332605700,181.8410,-2.4270,0.0574,-0.4420,0.0000,90.0000,0.0000,
198346568500,181.8548,-2.4270,0.0574,-0.4420,0.0000,90.0000,0.0000,
198360927400,181.8691,-2.4270,0.0574,-0.4420,0.0000,90.0000,0.0000,
198374391100,181.8828,-2.4270,0.0574,-0.4420,0.0000,90.0000,0.0000,
198388638800,181.8969,-2.4270,0.0574,-0.4420,0.0000,90.0000,0.0000,
198402390700,181.9106,-2.4270,0.0574,-0.4420,0.0000,90.0000,0.0000,
198416275300,181.9244,-2.4270,0.0574,-0.4420,0.0000,90.0000,0.0000,
198429943700,181.9383,-2.4270,0.0574,-0.4420,0.0000,90.0000,0.0000,
198443917700,181.9522,-2.4270,0.0574,-0.4420,0.0000,90.0000,0.0000,
198458196300,181.9664,-2.4270,0.0574,-0.4420,0.0000,90.0000,0.0000,
198471794300,181.9801,-2.4270,0.0574,-0.4420,0.0000,90.0000,0.0000,
198485891100,181.9941,-2.4270,0.0574,-0.4420,0.0000,90.0000,0.0000,
198500181400,182.0084,-2.4270,0.0574,-0.4420,0.0000,90.0000,0.0000,
198513964900,182.0223,-2.4270,0.0574,-0.4420,0.0000,90.0000,0.0000,
198527494100,182.0355,-2.4270,0.0574,-0.4420,0.0000,90.0000,0.0000,
198541049800,182.0493,-2.4270,0.0574,-0.4420,0.0000,90.0000,0.0000,
198555075100,182.0634,-2.4270,0.0574,-0.4420,0.0000,90.0000,0.0000,
198569083000,182.0773,-2.4270,0.0574,-0.4420,0.0000,90.0000,0.0000,
198583145000,182.0913,-2.4270,0.0574,-0.4420,0.0000,90.0000,0.0000,
198596993600,182.1052,-2.4270,0.0574,-0.4420,0.0000,90.0000,0.0000,
198610783700,182.1191,-2.4270,0.0574,-0.4420,0.0000,90.0000,0.0000,
198624821200,182.1330,-2.4270,0.0574,-0.4420,0.0000,90.0000,0.0000,
198638856100,182.1471,-2.4270,0.0574,-0.4420,0.0000,90.0000,0.0000,
198652662400,182.1610,-2.4270,0.0574,-0.4420,0.0000,90.0000,0.0000,
198666763300,182.1750,-2.4270,0.0574,-0.4420,0.0000,90.0000,0.0000,
198680492800,182.1888,-2.4270,0.0574,-0.4420,0.0000,90.0000,0.0000,
198694263200,182.2026,-2.4270,0.0574,-0.4420,0.0000,90.0000,0.0000,
198708479900,182.2168,-2.4270,0.0574,-0.4420,0.0000,90.0000,0.0000,
198722290300,182.2305,-2.4270,0.0574,-0.4420,0.0000,90.0000,0.0000,
198735819900,182.2442,-2.4270,0.0574,-0.4420,0.0000,90.0000,0.0000,
198750016100,182.2582,-2.4270,0.0574,-0.4420,0.0000,90.0000,0.0000,
198763879000,182.2721,-2.4270,0.0574,-0.4420,0.0000,90.0000,0.0000,
198777950000,182.2861,-2.4270,0.0574,-0.4420,0.0000,90.0000,0.0000,
198791589200,182.3000,-2.4270,0.0574,-0.4420,0.0000,90.0000,0.0000,
198806027500,182.3142,-2.4270,0.0574,-0.4420,0.0000,90.0000,0.0000,
198819422700,182.3277,-2.4270,0.0574,-0.4420,0.0000,90.0000,0.0000,
198833488100,182.3419,-2.4270,0.0574,-0.4420,0.0000,90.0000,0.0000,
198847658600,182.3559,-2.4270,0.0574,-0.4420,0.0000,90.0000,0.0000,
198861537700,182.3697,-2.4270,0.0574,-0.4420,0.0000,90.0000,0.0000,
198875380900,182.3838,-2.4270,0.0574,-0.4420,0.0000,90.0000,0.0000,
198889377200,182.3976,-2.4270,0.0574,-0.4420,0.0000,90.0000,0.0000,
198903405300,182.4117,-2.4270,0.0574,-0.4420,0.0000,90.0000,0.0000,
198917251600,182.4255,-2.4270,0.0574,-0.4420,0.0000,90.0000,0.0000,
198931009700,182.4394,-2.4270,0.0574,-0.4420,0.0000,90.0000,0.0000,
198944876500,182.4532,-2.4270,0.0574,-0.4420,0.0000,90.0000,0.0000,
198959043000,182.4673,-2.4270,0.0574,-0.4420,0.0000,90.0000,0.0000,
198973552400,182.4819,-2.4270,0.0574,-0.4420,0.0000,90.0000,0.0000,
198987123300,182.4954,-2.4270,0.0574,-0.4420,0.0000,90.0000,0.0000,
199000885700,182.5092,-2.4270,0.0574,-0.4420,0.0000,90.0000,0.0000,
199014479900,182.5229,-2.4270,0.0574,-0.4420,0.0000,90.0000,0.0000,
199028702100,182.5369,-2.4270,0.0574,-0.4420,0.0000,90.0000,0.0000,
199042579500,182.5509,-2.4270,0.0574,-0.4420,0.0000,90.0000,0.0000,
199056842100,182.5651,-2.4270,0.0574,-0.4420,0.0000,90.0000,0.0000,
199070486900,182.5789,-2.4270,0.0574,-0.4420,0.0000,90.0000,0.0000,
199084459300,182.5927,-2.4270,0.0574,-0.4420,0.0000,90.0000,0.0000,
199098326000,182.6066,-2.4270,0.0574,-0.4420,0.0000,90.0000,0.0000,
199111883500,182.6203,-2.4270,0.0574,-0.4420,0.0000,90.0000,0.0000,
199126301300,182.6346,-2.4270,0.0574,-0.4420,0.0000,90.0000,0.0000,
199140286900,182.6485,-2.4270,0.0574,-0.4420,0.0000,90.0000,0.0000,
199153807100,182.6622,-2.4270,0.0574,-0.4420,0.0000,90.0000,0.0000,
199167859200,182.6761,-2.4270,0.0574,-0.4420,0.0000,90.0000,0.0000,
199181872800,182.6901,-2.4270,0.0574,-0.4420,0.0000,90.0000,0.0000,
199195747700,182.7041,-2.4270,0.0574,-0.4420,0.0000,90.0000,0.0000,
199209702900,182.7180,-2.4270,0.0574,-0.4420,0.0000,90.0000,0.0000,
199224236900,182.7325,-2.4270,0.0574,-0.4420,0.0000,90.0000,0.0000,
199237865800,182.7461,-2.4270,0.0574,-0.4420,0.0000,90.0000,0.0000,
199251516500,182.7598,-2.4270,0.0574,-0.4420,0.0000,90.0000,0.0000,
199265539400,182.7738,-2.4270,0.0574,-0.4420,0.0000,90.0000,0.0000,
199279250600,182.7875,-2.4270,0.0574,-0.4420,0.0000,90.0000,0.0000,
199293138500,182.8015,-2.4270,0.0574,-0.4420,0.0000,90.0000,0.0000,
199307754700,182.8159,-2.4270,0.0574,-0.4420,0.0000,90.0000,0.0000,
199321474800,182.8297,-2.4270,0.0574,-0.4420,0.0000,90.0000,0.0000,
199335230600,182.8436,-2.4270,0.0574,-0.4420,0.0000,90.0000,0.0000,
199349215900,182.8575,-2.4270,0.0574,-0.4420,0.0000,90.0000,0.0000,
199363218300,182.8714,-2.4270,0.0574,-0.4420,0.0000,90.0000,0.0000,
199376729900,182.8850,-2.4270,0.0574,-0.4420,0.0000,90.0000,0.0000,
199390884800,182.8993,-2.4270,0.0574,-0.4420,0.0000,90.0000,0.0000,
199404847000,182.9131,-2.4270,0.0574,-0.4420,0.0000,90.0000,0.0000,
199418687100,182.9269,-2.4270,0.0574,-0.4420,0.0000,90.0000,0.0000,
199432851400,182.9412,-2.4270,0.0574,-0.4420,0.0000,90.0000,0.0000,
199446432900,182.9547,-2.4270,0.0574,-0.4420,0.0000,90.0000,0.0000,
199460427700,182.9687,-2.4270,0.0574,-0.4420,0.0000,90.0000,0.0000,
199474575800,182.9828,-2.4270,0.0574,-0.4420,0.0000,90.0000,0.0000,
199488174800,182.9964,-2.4270,0.0574,-0.4420,0.0000,90.0000,0.0000,
199501472200,183.0097,-2.4270,0.0574,-0.4420,0.0000,90.0000,0.0000,
199515392200,183.0238,-2.4270,0.0574,-0.4420,0.0000,90.0000,0.0000,
199529402900,183.0376,-2.4270,0.0574,-0.4420,0.0000,90.0000,0.0000,
199543318900,183.0516,-2.4270,0.0574,-0.4420,0.0000,90.0000,0.0000,
199557060800,183.0653,-2.4270,0.0574,-0.4420,0.0000,90.0000,0.0000,
199570814700,183.0792,-2.4270,0.0574,-0.4420,0.0000,90.0000,0.0000,
199585007000,183.0932,-2.4270,0.0574,-0.4420,0.0000,90.0000,0.0000,
199599075000,183.1073,-2.4270,0.0574,-0.4420,0.0000,90.0000,0.0000,
199612673200,183.1210,-2.4270,0.0574,-0.4420,0.0000,90.0000,0.0000,
199626740200,183.1350,-2.4270,0.0574,-0.4420,0.0000,90.0000,0.0000,
199640664500,183.1488,-2.4270,0.0574,-0.4420,0.0000,90.0000,0.0000,
199654219300,183.1626,-2.4270,0.0574,-0.4420,0.0000,90.0000,0.0000,
199668485600,183.1767,-2.4270,0.0574,-0.4420,0.0000,90.0000,0.0000,
199682386100,183.1907,-2.4270,0.0574,-0.4420,0.0000,90.0000,0.0000,
199695981300,183.2043,-2.4270,0.0574,-0.4420,0.0000,90.0000,0.0000,
199709867200,183.2181,-2.4270,0.0574,-0.4420,0.0000,90.0000,0.0000,
199723848900,183.2321,-2.4270,0.0574,-0.4420,0.0000,90.0000,0.0000,
199738346100,183.2466,-2.4270,0.0574,-0.4420,0.0000,90.0000,0.0000,
199751898000,183.2602,-2.4270,0.0574,-0.4420,0.0000,90.0000,0.0000,
199765689900,183.2740,-2.4270,0.0574,-0.4420,0.0000,90.0000,0.0000,
199779498300,183.2877,-2.4270,0.0574,-0.4420,0.0000,90.0000,0.0000,
199793274300,183.3016,-2.4270,0.0574,-0.4420,0.0000,90.0000,0.0000,
199807412700,183.3156,-2.4270,0.0574,-0.4420,0.0000,90.0000,0.0000,
199821223000,183.3295,-2.4270,0.0574,-0.4420,0.0000,90.0000,0.0000,
199835178100,183.3435,-2.4270,0.0574,-0.4420,0.0000,90.0000,0.0000,
199849170600,183.3574,-2.4270,0.0574,-0.4420,0.0000,90.0000,0.0000,
199863100900,183.3713,-2.4270,0.0574,-0.4420,0.0000,90.0000,0.0000,
199876958200,183.3852,-2.4270,0.0574,-0.4420,0.0000,90.0000,0.0000,
199891223500,183.3996,-2.4270,0.0574,-0.4420,0.0000,90.0000,0.0000,
199904886500,183.4131,-2.4270,0.0574,-0.4420,0.0000,90.0000,0.0000,
199919018300,183.4272,-2.4270,0.0574,-0.4420,0.0000,90.0000,0.0000,
199932555900,183.4409,-2.4270,0.0574,-0.4420,0.0000,90.0000,0.0000,
199946656300,183.4549,-2.4270,0.0574,-0.4420,0.0000,90.0000,0.0000,
199960431300,183.4686,-2.4270,0.0574,-0.4420,0.0000,90.0000,0.0000,
199974244600,183.4825,-2.4270,0.0574,-0.4420,0.0000,90.0000,0.0000,
199988250500,183.4965,-2.4270,0.0574,-0.4420,0.0000,90.0000,0.0000,
200002253500,183.5104,-2.4270,0.0574,-0.4420,0.0000,90.0000,0.0000,
200016562100,183.5248,-2.4270,0.0574,-0.4420,0.0000,90.0000,0.0000,
200030352000,183.5386,-2.4270,0.0574,-0.4420,0.0000,90.0000,0.0000,
200044445700,183.5527,-2.4270,0.0574,-0.4420,0.0000,90.0000,0.0000,
200058295000,183.5665,-2.4270,0.0574,-0.4420,0.0000,90.0000,0.0000,
200072154900,183.5805,-2.4270,0.0574,-0.4420,0.0000,90.0000,0.0000,
200086406000,183.5945,-2.4270,0.0574,-0.4420,0.0000,90.0000,0.0000,
200100174700,183.6084,-2.4270,0.0574,-0.4420,0.0000,90.0000,0.0000,
200113972900,183.6223,-2.4270,0.0574,-0.4420,0.0000,90.0000,0.0000,
200128251000,183.6364,-2.4270,0.0574,-0.4420,0.0000,90.0000,0.0000,
200141909400,183.6501,-2.4270,0.0574,-0.4420,0.0000,90.0000,0.0000,
200155384800,183.6637,-2.4270,0.0574,-0.4420,0.0000,90.0000,0.0000,
200169428700,183.6777,-2.4270,0.0574,-0.4420,0.0000,90.0000,0.0000,
200183220100,183.6914,-2.4270,0.0574,-0.4420,0.0000,90.0000,0.0000,
200197462000,183.7056,-2.4270,0.0574,-0.4420,0.0000,90.0000,0.0000,
200211340700,183.7197,-2.4270,0.0574,-0.4420,0.0000,90.0000,0.0000,
200225346400,183.7336,-2.4270,0.0574,-0.4420,0.0000,90.0000,0.0000,
200238811000,183.7470,-2.4270,0.0574,-0.4420,0.0000,90.0000,0.0000,
200253243500,183.7615,-2.4270,0.0574,-0.4420,0.0000,90.0000,0.0000,
200267037600,183.7752,-2.4270,0.0574,-0.4420,0.0000,90.0000,0.0000,
200280853500,183.7891,-2.4270,0.0574,-0.4420,0.0000,90.0000,0.0000,
200294344300,183.8027,-2.4270,0.0574,-0.4420,0.0000,90.0000,0.0000,
200308773700,183.8169,-2.4270,0.0574,-0.4420,0.0000,90.0000,0.0000,
200322713900,183.8309,-2.4270,0.0574,-0.4420,0.0000,90.0000,0.0000,
200336612000,183.8448,-2.4270,0.0574,-0.4420,0.0000,90.0000,0.0000,
200350423800,183.8588,-2.4270,0.0574,-0.4420,0.0000,90.0000,0.0000,
200364456800,183.8726,-2.4270,0.0574,-0.4420,0.0000,90.0000,0.0000,
200378280500,183.8865,-2.4270,0.0574,-0.4420,0.0000,90.0000,0.0000,
200392005300,183.9003,-2.4270,0.0574,-0.4420,0.0000,90.0000,0.0000,
200405862900,183.9140,-2.4270,0.0574,-0.4420,0.0000,90.0000,0.0000,
200420322300,183.9284,-2.4270,0.0574,-0.4420,0.0000,90.0000,0.0000,
200433870200,183.9422,-2.4270,0.0574,-0.4420,0.0000,90.0000,0.0000,
200448029200,183.9561,-2.4270,0.0574,-0.4420,0.0000,90.0000,0.0000,
200461793300,183.9700,-2.4270,0.0574,-0.4420,0.0000,90.0000,0.0000,
200475880400,183.9841,-2.4270,0.0574,-0.4420,0.0000,90.0000,0.0000,
200489656400,183.9978,-2.4270,0.0574,-0.4420,0.0000,90.0000,0.0000,
200503425300,184.0116,-2.4270,0.0574,-0.4420,0.0000,90.0000,0.0000,
200517300000,184.0255,-2.4270,0.0574,-0.4420,0.0000,90.0000,0.0000,
200531160700,184.0394,-2.4270,0.0574,-0.4420,0.0000,90.0000,0.0000,
200545480900,184.0536,-2.4270,0.0574,-0.4420,0.0000,90.0000,0.0000,
200559411400,184.0676,-2.4270,0.0574,-0.4420,0.0000,90.0000,0.0000,
200573223300,184.0815,-2.4270,0.0574,-0.4420,0.0000,90.0000,0.0000,
200587342700,184.0954,-2.4270,0.0574,-0.4420,0.0000,90.0000,0.0000,
200600684400,184.1088,-2.4270,0.0574,-0.4420,0.0000,90.0000,0.0000,
200615034500,184.1233,-2.4270,0.0574,-0.4420,0.0000,90.0000,0.0000,
200629051400,184.1372,-2.4270,0.0574,-0.4420,0.0000,90.0000,0.0000,
200642939700,184.1510,-2.4270,0.0574,-0.4420,0.0000,90.0000,0.0000,
200656996300,184.1652,-2.4270,0.0574,-0.4420,0.0000,90.0000,0.0000,
200670675200,184.1790,-2.4270,0.0574,-0.4420,0.0000,90.0000,0.0000,
200684889100,184.1931,-2.4270,0.0574,-0.4420,0.0000,90.0000,0.0000,
200699273400,184.2073,-2.4270,0.0574,-0.4420,0.0000,90.0000,0.0000,
200712693000,184.2210,-2.4270,0.0574,-0.4420,0.0000,90.0000,0.0000,
200726640400,184.2348,-2.4270,0.0574,-0.4420,0.0000,90.0000,0.0000,
200740094600,184.2482,-2.4270,0.0574,-0.4420,0.0000,90.0000,0.0000,
200754454000,184.2627,-2.4270,0.0574,-0.4420,0.0000,90.0000,0.0000,
200768277800,184.2764,-2.4270,0.0574,-0.4420,0.0000,90.0000,0.0000,
200782185200,184.2903,-2.4270,0.0574,-0.4420,0.0000,90.0000,0.0000,
200795757800,184.3040,-2.4270,0.0574,-0.4420,0.0000,90.0000,0.0000,
200810207700,184.3183,-2.4270,0.0574,-0.4420,0.0000,90.0000,0.0000,
200824035000,184.3322,-2.4270,0.0574,-0.4420,0.0000,90.0000,0.0000,
200838130200,184.3463,-2.4270,0.0574,-0.4420,0.0000,90.0000,0.0000,
200852493900,184.3608,-2.4270,0.0574,-0.4420,0.0000,90.0000,0.0000,
200866000600,184.3741,-2.4270,0.0574,-0.4420,0.0000,90.0000,0.0000,
200879717300,184.3879,-2.4270,0.0574,-0.4420,0.0000,90.0000,0.0000,
200893434100,184.4017,-2.4270,0.0574,-0.4420,0.0000,90.0000,0.0000,
200907209600,184.4154,-2.4270,0.0574,-0.4420,0.0000,90.0000,0.0000,
200921028300,184.4291,-2.4270,0.0574,-0.4420,0.0000,90.0000,0.0000,
200935176800,184.4435,-2.4270,0.0574,-0.4420,0.0000,90.0000,0.0000,
200949320000,184.4575,-2.4270,0.0574,-0.4420,0.0000,90.0000,0.0000,
200962842300,184.4710,-2.4270,0.0574,-0.4420,0.0000,90.0000,0.0000,
200977366000,184.4855,-2.4270,0.0574,-0.4420,0.0000,90.0000,0.0000,
200990443500,184.4987,-2.4270,0.0574,-0.4420,0.0000,90.0000,0.0000,
201004818200,184.5130,-2.4270,0.0574,-0.4420,0.0000,90.0000,0.0000,
201018935100,184.5271,-2.4270,0.0574,-0.4420,0.0000,90.0000,0.0000,
201032925200,184.5412,-2.4270,0.0574,-0.4420,0.0000,90.0000,0.0000,
201046483900,184.5547,-2.4270,0.0574,-0.4420,0.0000,90.0000,0.0000,
201060228300,184.5684,-2.4270,0.0574,-0.4420,0.0000,90.0000,0.0000,
201074107500,184.5824,-2.4270,0.0574,-0.4420,0.0000,90.0000,0.0000,
201088534100,184.5966,-2.4270,0.0574,-0.4420,0.0000,90.0000,0.0000,
201102514700,184.6107,-2.4270,0.0574,-0.4420,0.0000,90.0000,0.0000,
201116408700,184.6246,-2.4270,0.0574,-0.4420,0.0000,90.0000,0.0000,
201130053700,184.6383,-2.4270,0.0574,-0.4420,0.0000,90.0000,0.0000,
201144074500,184.6522,-2.4270,0.0574,-0.4420,0.0000,90.0000,0.0000,
201158060800,184.6662,-2.4270,0.0574,-0.4420,0.0000,90.0000,0.0000,
201171897600,184.6802,-2.4270,0.0574,-0.4420,0.0000,90.0000,0.0000,
201185867400,184.6940,-2.4270,0.0574,-0.4420,0.0000,90.0000,0.0000,
201199691100,184.7078,-2.4270,0.0574,-0.4420,0.0000,90.0000,0.0000,
201213107100,184.7214,-2.4270,0.0574,-0.4420,0.0000,90.0000,0.0000,
201228059900,184.7362,-2.4270,0.0574,-0.4420,0.0000,90.0000,0.0000,
201241496300,184.7496,-2.4270,0.0574,-0.4420,0.0000,90.0000,0.0000,
201255417100,184.7636,-2.4270,0.0574,-0.4420,0.0000,90.0000,0.0000,
201269664700,184.7778,-2.4270,0.0574,-0.4420,0.0000,90.0000,0.0000,
201283457800,184.7916,-2.4270,0.0574,-0.4420,0.0000,90.0000,0.0000,
201297304300,184.8055,-2.4270,0.0574,-0.4420,0.0000,90.0000,0.0000,
201311199200,184.8194,-2.4270,0.0574,-0.4420,0.0000,90.0000,0.0000,
201325268200,184.8335,-2.4270,0.0574,-0.4420,0.0000,90.0000,0.0000,
201339225700,184.8474,-2.4270,0.0574,-0.4420,0.0000,90.0000,0.0000,
201352906600,184.8612,-2.4270,0.0574,-0.4420,0.0000,90.0000,0.0000,
201366693700,184.8748,-2.4270,0.0574,-0.4420,0.0000,90.0000,0.0000,
201380809500,184.8890,-2.4270,0.0574,-0.4420,0.0000,90.0000,0.0000,
201394712300,184.9029,-2.4270,0.0574,-0.4420,0.0000,90.0000,0.0000,
201408666800,184.9168,-2.4270,0.0574,-0.4420,0.0000,90.0000,0.0000,
201422687700,184.9308,-2.4270,0.0574,-0.4420,0.0000,90.0000,0.0000,
201436682400,184.9449,-2.4270,0.0574,-0.4420,0.0000,90.0000,0.0000,
201450047300,184.9583,-2.4270,0.0574,-0.4420,0.0000,90.0000,0.0000,
201464380500,184.9725,-2.4270,0.0574,-0.4420,0.0000,90.0000,0.0000,
201477908400,184.9860,-2.4270,0.0574,-0.4420,0.0000,90.0000,0.0000,
201492074400,185.0004,-2.4270,0.0574,-0.4420,0.0000,90.0000,0.0000,
201506151500,185.0143,-2.4270,0.0574,-0.4420,0.0000,90.0000,0.0000,
201519969500,185.0282,-2.4270,0.0574,-0.4420,0.0000,90.0000,0.0000,
201533872800,185.0421,-2.4270,0.0574,-0.4420,0.0000,90.0000,0.0000,
201547791700,185.0560,-2.4270,0.0574,-0.4420,0.0000,90.0000,0.0000,
201561753300,185.0699,-2.4270,0.0574,-0.4420,0.0000,90.0000,0.0000,
201575628300,185.0839,-2.4270,0.0574,-0.4420,0.0000,90.0000,0.0000,
201589429400,185.0975,-2.4270,0.0574,-0.4420,0.0000,90.0000,0.0000,
201603760600,185.1119,-2.4270,0.0574,-0.4420,0.0000,90.0000,0.0000,
201617281800,185.1255,-2.4270,0.0574,-0.4420,0.0000,90.0000,0.0000,
201631045000,185.1393,-2.4270,0.0574,-0.4420,0.0000,90.0000,0.0000,
201645477400,185.1535,-2.4270,0.0574,-0.4420,0.0000,90.0000,0.0000,
201659081000,185.1672,-2.4270,0.0574,-0.4420,0.0000,90.0000,0.0000,
201673121600,185.1814,-2.4270,0.0574,-0.4420,0.0000,90.0000,0.0000,
201687438300,185.1956,-2.4270,0.0574,-0.4420,0.0000,90.0000,0.0000,
201701190100,185.2093,-2.4270,0.0574,-0.4420,0.0000,90.0000,0.0000,
201714452400,185.2227,-2.4270,0.0574,-0.4420,0.0000,90.0000,0.0000,
201728739600,185.2369,-2.4270,0.0574,-0.4420,0.0000,90.0000,0.0000,
201742949100,185.2511,-2.4270,0.0574,-0.4420,0.0000,90.0000,0.0000,
201756266700,185.2644,-2.4270,0.0574,-0.4420,0.0000,90.0000,0.0000,
201770577300,185.2789,-2.4270,0.0574,-0.4420,0.0000,90.0000,0.0000,
201784463600,185.2926,-2.4270,0.0574,-0.4420,0.0000,90.0000,0.0000,
201798611100,185.3068,-2.4270,0.0574,-0.4420,0.0000,90.0000,0.0000,
201812354500,185.3206,-2.4270,0.0574,-0.4420,0.0000,90.0000,0.0000,
201826058900,185.3342,-2.4270,0.0574,-0.4420,0.0000,90.0000,0.0000,
201840269700,185.3484,-2.4270,0.0574,-0.4420,0.0000,90.0000,0.0000,
201853775800,185.3621,-2.4270,0.0574,-0.4420,0.0000,90.0000,0.0000,
201868303300,185.3764,-2.4270,0.0574,-0.4420,0.0000,90.0000,0.0000,
201881691500,185.3898,-2.4270,0.0574,-0.4420,0.0000,90.0000,0.0000,
201895548000,185.4038,-2.4270,0.0574,-0.4420,0.0000,90.0000,0.0000,
201909861300,185.4181,-2.4270,0.0574,-0.4420,0.0000,90.0000,0.0000,
201923479200,185.4316,-2.4270,0.0574,-0.4420,0.0000,90.0000,0.0000,
201937951300,185.4461,-2.4270,0.0574,-0.4420,0.0000,90.0000,0.0000,
201951544300,185.4599,-2.4270,0.0574,-0.4420,0.0000,90.0000,0.0000,
201965057200,185.4733,-2.4270,0.0574,-0.4420,0.0000,90.0000,0.0000,
201979550800,185.4877,-2.4270,0.0574,-0.4420,0.0000,90.0000,0.0000,
201993336300,185.5017,-2.4270,0.0574,-0.4420,0.0000,90.0000,0.0000,
202007616800,185.5158,-2.4270,0.0574,-0.4420,0.0000,90.0000,0.0000,
202021380000,185.5296,-2.4270,0.0574,-0.4420,0.0000,90.0000,0.0000,
202035179700,185.5434,-2.4270,0.0574,-0.4420,0.0000,90.0000,0.0000,
202048914100,185.5571,-2.4270,0.0574,-0.4420,0.0000,90.0000,0.0000,
202063182100,185.5714,-2.4270,0.0574,-0.4420,0.0000,90.0000,0.0000,
202076824100,185.5850,-2.4270,0.0574,-0.4420,0.0000,90.0000,0.0000,
202090805900,185.5991,-2.4270,0.0574,-0.4420,0.0000,90.0000,0.0000,
202105092600,185.6133,-2.4270,0.0574,-0.4420,0.0000,90.0000,0.0000,
202118518100,185.6267,-2.4270,0.0574,-0.4420,0.0000,90.0000,0.0000,
202132523900,185.6409,-2.4270,0.0574,-0.4420,0.0000,90.0000,0.0000,
202146229100,185.6543,-2.4270,0.0574,-0.4420,0.0000,90.0000,0.0000,
202160171000,185.6684,-2.4270,0.0574,-0.4420,0.0000,90.0000,0.0000,
202174106500,185.6824,-2.4270,0.0574,-0.4420,0.0000,90.0000,0.0000,
202187992100,185.6962,-2.4270,0.0574,-0.4420,0.0000,90.0000,0.0000,
202202054800,185.7102,-2.4270,0.0574,-0.4420,0.0000,90.0000,0.0000,
202216460000,185.7247,-2.4270,0.0574,-0.4420,0.0000,90.0000,0.0000,
202229649000,185.7380,-2.4270,0.0574,-0.4420,0.0000,90.0000,0.0000,
202244336600,185.7526,-2.4270,0.0574,-0.4420,0.0000,90.0000,0.0000,
202257806900,185.7658,-2.4270,0.0574,-0.4420,0.0000,90.0000,0.0000,
202271815500,185.7801,-2.4270,0.0574,-0.4420,0.0000,90.0000,0.0000,
202285901900,185.7941,-2.4270,0.0574,-0.4420,0.0000,90.0000,0.0000,
202299376500,185.8076,-2.4270,0.0574,-0.4420,0.0000,90.0000,0.0000,
202313552200,185.8218,-2.4270,0.0574,-0.4420,0.0000,90.0000,0.0000,
202327826900,185.8360,-2.4270,0.0574,-0.4420,0.0000,90.0000,0.0000,
202341183400,185.8494,-2.4270,0.0574,-0.4420,0.0000,90.0000,0.0000,
202355322000,185.8637,-2.4270,0.0574,-0.4420,0.0000,90.0000,0.0000,
202369405900,185.8775,-2.4270,0.0574,-0.4420,0.0000,90.0000,0.0000,
202383421100,185.8916,-2.4270,0.0574,-0.4420,0.0000,90.0000,0.0000,
202397380000,185.9056,-2.4270,0.0574,-0.4420,0.0000,90.0000,0.0000,
202410948600,185.9193,-2.4270,0.0574,-0.4420,0.0000,90.0000,0.0000,
202425174400,185.9333,-2.4270,0.0574,-0.4420,0.0000,90.0000,0.0000,
202438601300,185.9468,-2.4270,0.0574,-0.4420,0.0000,90.0000,0.0000,
202452918100,185.9613,-2.4270,0.0574,-0.4420,0.0000,90.0000,0.0000,
202467033200,185.9753,-2.4270,0.0574,-0.4420,0.0000,90.0000,0.0000,
202481014600,185.9892,-2.4270,0.0574,-0.4420,0.0000,90.0000,0.0000,
202494695600,186.0031,-2.4270,0.0574,-0.4420,0.0000,90.0000,0.0000,
202508698300,186.0169,-2.4270,0.0574,-0.4420,0.0000,90.0000,0.0000,
202522714800,186.0309,-2.4270,0.0574,-0.4420,0.0000,90.0000,0.0000,
202536623200,186.0448,-2.4270,0.0574,-0.4420,0.0000,90.0000,0.0000,
202550152700,186.0585,-2.4270,0.0574,-0.4420,0.0000,90.0000,0.0000,
202564126300,186.0723,-2.4270,0.0574,-0.4420,0.0000,90.0000,0.0000,
202578437500,186.0867,-2.4270,0.0574,-0.4420,0.0000,90.0000,0.0000,
202606244800,186.1144,-2.4270,0.0574,-0.4420,0.0000,90.0000,0.0000,
202620016300,186.1282,-2.4270,0.0574,-0.4420,0.0000,90.0000,0.0000,
202633819700,186.1422,-2.4270,0.0574,-0.4420,0.0000,90.0000,0.0000,
202647946100,186.1562,-2.4270,0.0574,-0.4420,0.0000,90.0000,0.0000,
202661343900,186.1694,-2.4270,0.0574,-0.4420,0.0000,90.0000,0.0000,
202674988100,186.1833,-2.4270,0.0574,-0.4420,0.0000,90.0000,0.0000,
202689379300,186.1976,-2.4270,0.0574,-0.4420,0.0000,90.0000,0.0000,
202703585700,186.2118,-2.4270,0.0574,-0.4420,0.0000,90.0000,0.0000,
202717550000,186.2257,-2.4270,0.0574,-0.4420,0.0000,90.0000,0.0000,
202731043600,186.2394,-2.4270,0.0574,-0.4420,0.0000,90.0000,0.0000,
202744690400,186.2529,-2.4270,0.0574,-0.4420,0.0000,90.0000,0.0000,
202759283900,186.2675,-2.4270,0.0574,-0.4420,0.0000,90.0000,0.0000,
202772977500,186.2813,-2.4270,0.0574,-0.4420,0.0000,90.0000,0.0000,
202787133200,186.2953,-2.4270,0.0574,-0.4420,0.0000,90.0000,0.0000,
202800553500,186.3087,-2.4270,0.0574,-0.4420,0.0000,90.0000,0.0000,
202814957200,186.3233,-2.4270,0.0574,-0.4420,0.0000,90.0000,0.0000,
202829069000,186.3372,-2.4270,0.0574,-0.4420,0.0000,90.0000,0.0000,
202842702600,186.3509,-2.4270,0.0574,-0.4420,0.0000,90.0000,0.0000,
202856514400,186.3647,-2.4270,0.0574,-0.4420,0.0000,90.0000,0.0000,
202870268300,186.3786,-2.4270,0.0574,-0.4420,0.0000,90.0000,0.0000,
202884517600,186.3927,-2.4270,0.0574,-0.4420,0.0000,90.0000,0.0000,
202898158900,186.4064,-2.4270,0.0574,-0.4420,0.0000,90.0000,0.0000,
202912010100,186.4204,-2.4270,0.0574,-0.4420,0.0000,90.0000,0.0000,
202926227400,186.4345,-2.4270,0.0574,-0.4420,0.0000,90.0000,0.0000,
202939930800,186.4481,-2.4270,0.0574,-0.4420,0.0000,90.0000,0.0000,
202953923700,186.4623,-2.4270,0.0574,-0.4420,0.0000,90.0000,0.0000,
202967783700,186.4760,-2.4270,0.0574,-0.4420,0.0000,90.0000,0.0000,
202982051600,186.4901,-2.4270,0.0574,-0.4420,0.0000,90.0000,0.0000,
202996161400,186.5043,-2.4270,0.0574,-0.4420,0.0000,90.0000,0.0000,
203010149900,186.5182,-2.4270,0.0574,-0.4420,0.0000,90.0000,0.0000,
203023940900,186.5320,-2.4270,0.0574,-0.4420,0.0000,90.0000,0.0000,
203037631800,186.5457,-2.4270,0.0574,-0.4420,0.0000,90.0000,0.0000,
203051548400,186.5598,-2.4270,0.0574,-0.4420,0.0000,90.0000,0.0000,
203065563500,186.5738,-2.4270,0.0574,-0.4420,0.0000,90.0000,0.0000,
203079355500,186.5876,-2.4270,0.0574,-0.4420,0.0000,90.0000,0.0000,
203093258200,186.6016,-2.4270,0.0574,-0.4420,0.0000,90.0000,0.0000,
203107378200,186.6155,-2.4270,0.0574,-0.4420,0.0000,90.0000,0.0000,
203121845300,186.6300,-2.4270,0.0574,-0.4420,0.0000,90.0000,0.0000,
203135312500,186.6437,-2.4270,0.0574,-0.4420,0.0000,90.0000,0.0000,
203148960400,186.6572,-2.4270,0.0574,-0.4420,0.0000,90.0000,0.0000,
203162993400,186.6711,-2.4270,0.0574,-0.4420,0.0000,90.0000,0.0000,
203176694000,186.6849,-2.4270,0.0574,-0.4420,0.0000,90.0000,0.0000,
203190737000,186.6991,-2.4270,0.0574,-0.4420,0.0000,90.0000,0.0000,
203204674800,186.7129,-2.4270,0.0574,-0.4420,0.0000,90.0000,0.0000,
203218856200,186.7270,-2.4270,0.0574,-0.4420,0.0000,90.0000,0.0000,
203232598900,186.7410,-2.4270,0.0574,-0.4420,0.0000,90.0000,0.0000,
203246290000,186.7545,-2.4270,0.0574,-0.4420,0.0000,90.0000,0.0000,
203260318700,186.7686,-2.4270,0.0574,-0.4420,0.0000,90.0000,0.0000,
203274567100,186.7829,-2.4270,0.0574,-0.4420,0.0000,90.0000,0.0000,
203288398500,186.7966,-2.4270,0.0574,-0.4420,0.0000,90.0000,0.0000,
203302598300,186.8108,-2.4270,0.0574,-0.4420,0.0000,90.0000,0.0000,
203316484500,186.8246,-2.4270,0.0574,-0.4420,0.0000,90.0000,0.0000,
203329746200,186.8380,-2.4270,0.0574,-0.4420,0.0000,90.0000,0.0000,
203344226400,186.8524,-2.4270,0.0574,-0.4420,0.0000,90.0000,0.0000,
203358011500,186.8662,-2.4270,0.0574,-0.4420,0.0000,90.0000,0.0000,
203371917600,186.8803,-2.4270,0.0574,-0.4420,0.0000,90.0000,0.0000,
203385972400,186.8941,-2.4270,0.0574,-0.4420,0.0000,90.0000,0.0000,
203399663100,186.9079,-2.4270,0.0574,-0.4420,0.0000,90.0000,0.0000,
203413530400,186.9219,-2.4270,0.0574,-0.4420,0.0000,90.0000,0.0000,
203427721300,186.9359,-2.4270,0.0574,-0.4420,0.0000,90.0000,0.0000,
203441731700,186.9498,-2.4270,0.0574,-0.4420,0.0000,90.0000,0.0000,
203455735000,186.9641,-2.4270,0.0574,-0.4420,0.0000,90.0000,0.0000,
203469382400,186.9776,-2.4270,0.0574,-0.4420,0.0000,90.0000,0.0000,
203483426900,186.9916,-2.4270,0.0574,-0.4420,0.0000,90.0000,0.0000,
203497471600,187.0056,-2.4270,0.0574,-0.4420,0.0000,90.0000,0.0000,
203511080500,187.0194,-2.4270,0.0574,-0.4420,0.0000,90.0000,0.0000,
203525125500,187.0333,-2.4270,0.0574,-0.4420,0.0000,90.0000,0.0000,
203539001100,187.0472,-2.4270,0.0574,-0.4420,0.0000,90.0000,0.0000,
203552556400,187.0608,-2.4270,0.0574,-0.4420,0.0000,90.0000,0.0000,
203567086100,187.0753,-2.4270,0.0574,-0.4420,0.0000,90.0000,0.0000,
203581038200,187.0892,-2.4270,0.0574,-0.4420,0.0000,90.0000,0.0000,
203594515200,187.1028,-2.4270,0.0574,-0.4420,0.0000,90.0000,0.0000,
203608146000,187.1163,-2.4270,0.0574,-0.4420,0.0000,90.0000,0.0000,
203622153700,187.1303,-2.4270,0.0574,-0.4420,0.0000,90.0000,0.0000,
203636431500,187.1446,-2.4270,0.0574,-0.4420,0.0000,90.0000,0.0000,
203650239900,187.1585,-2.4270,0.0574,-0.4420,0.0000,90.0000,0.0000,
203664647500,187.1728,-2.4270,0.0574,-0.4420,0.0000,90.0000,0.0000,
203678304100,187.1864,-2.4270,0.0574,-0.4420,0.0000,90.0000,0.0000,
203691878300,187.2002,-2.4270,0.0574,-0.4420,0.0000,90.0000,0.0000,
203705949700,187.2141,-2.4270,0.0574,-0.4420,0.0000,90.0000,0.0000,
203720091300,187.2282,-2.4270,0.0574,-0.4420,0.0000,90.0000,0.0000,
203733340700,187.2416,-2.4270,0.0574,-0.4420,0.0000,90.0000,0.0000,
203747625800,187.2557,-2.4270,0.0574,-0.4420,0.0000,90.0000,0.0000,
203761641500,187.2698,-2.4270,0.0574,-0.4420,0.0000,90.0000,0.0000,
203775848900,187.2841,-2.4270,0.0574,-0.4420,0.0000,90.0000,0.0000,
203789226700,187.2974,-2.4270,0.0574,-0.4420,0.0000,90.0000,0.0000,
203803186500,187.3114,-2.4270,0.0574,-0.4420,0.0000,90.0000,0.0000,
203817255600,187.3255,-2.4270,0.0574,-0.4420,0.0000,90.0000,0.0000,
203831596000,187.3399,-2.4270,0.0574,-0.4420,0.0000,90.0000,0.0000,
203845309400,187.3535,-2.4270,0.0574,-0.4420,0.0000,90.0000,0.0000,
203859128200,187.3673,-2.4270,0.0574,-0.4420,0.0000,90.0000,0.0000,
203872869800,187.3812,-2.4270,0.0574,-0.4420,0.0000,90.0000,0.0000,
203887167800,187.3953,-2.4270,0.0574,-0.4420,0.0000,90.0000,0.0000,
203900903000,187.4091,-2.4270,0.0574,-0.4420,0.0000,90.0000,0.0000,
203914672600,187.4229,-2.4270,0.0574,-0.4420,0.0000,90.0000,0.0000,
203928672600,187.4369,-2.4270,0.0574,-0.4420,0.0000,90.0000,0.0000,
203942732300,187.4509,-2.4270,0.0574,-0.4420,0.0000,90.0000,0.0000,
203956410400,187.4646,-2.4270,0.0574,-0.4420,0.0000,90.0000,0.0000,
203969980000,187.4783,-2.4270,0.0574,-0.4420,0.0000,90.0000,0.0000,
203984209100,187.4924,-2.4270,0.0574,-0.4420,0.0000,90.0000,0.0000,
203998268500,187.5064,-2.4270,0.0574,-0.4420,0.0000,90.0000,0.0000,
204012062700,187.5204,-2.4270,0.0574,-0.4420,0.0000,90.0000,0.0000,
204026148000,187.5343,-2.4270,0.0574,-0.4420,0.0000,90.0000,0.0000,
204039929700,187.5481,-2.4270,0.0574,-0.4420,0.0000,90.0000,0.0000,
204053791000,187.5620,-2.4270,0.0574,-0.4420,0.0000,90.0000,0.0000,
204067795200,187.5759,-2.4270,0.0574,-0.4420,0.0000,90.0000,0.0000,
204081523400,187.5897,-2.4270,0.0574,-0.4420,0.0000,90.0000,0.0000,
204095537300,187.6038,-2.4270,0.0574,-0.4420,0.0000,90.0000,0.0000,
204109674500,187.6178,-2.4270,0.0574,-0.4420,0.0000,90.0000,0.0000,
204123226600,187.6314,-2.4270,0.0574,-0.4420,0.0000,90.0000,0.0000,
204137330600,187.6454,-2.4270,0.0574,-0.4420,0.0000,90.0000,0.0000,
204150826300,187.6591,-2.4270,0.0574,-0.4420,0.0000,90.0000,0.0000,
204165039900,187.6731,-2.4270,0.0574,-0.4420,0.0000,90.0000,0.0000,
204179123900,187.6872,-2.4270,0.0574,-0.4420,0.0000,90.0000,0.0000,
204193292100,187.7016,-2.4270,0.0574,-0.4420,0.0000,90.0000,0.0000,
204206555100,187.7147,-2.4270,0.0574,-0.4420,0.0000,90.0000,0.0000,
204220746300,187.7288,-2.4270,0.0574,-0.4420,0.0000,90.0000,0.0000,
204234050500,187.7424,-2.4270,0.0574,-0.4420,0.0000,90.0000,0.0000,
204248411100,187.7566,-2.4270,0.0574,-0.4420,0.0000,90.0000,0.0000,
204261951800,187.7701,-2.4270,0.0574,-0.4420,0.0000,90.0000,0.0000,
204276076200,187.7843,-2.4270,0.0574,-0.4420,0.0000,90.0000,0.0000,
204290277300,187.7984,-2.4270,0.0574,-0.4420,0.0000,90.0000,0.0000,
204304307000,187.8124,-2.4270,0.0574,-0.4420,0.0000,90.0000,0.0000,
204317724400,187.8259,-2.4270,0.0574,-0.4420,0.0000,90.0000,0.0000,
204332009500,187.8403,-2.4270,0.0574,-0.4420,0.0000,90.0000,0.0000,
204346389200,187.8544,-2.4270,0.0574,-0.4420,0.0000,90.0000,0.0000,
204360177400,187.8682,-2.4270,0.0574,-0.4420,0.0000,90.0000,0.0000,
204373784300,187.8820,-2.4270,0.0574,-0.4420,0.0000,90.0000,0.0000,
204387756800,187.8957,-2.4270,0.0574,-0.4420,0.0000,90.0000,0.0000,
204401926500,187.9100,-2.4270,0.0574,-0.4420,0.0000,90.0000,0.0000,
204415532900,187.9237,-2.4270,0.0574,-0.4420,0.0000,90.0000,0.0000,
204429699400,187.9377,-2.4270,0.0574,-0.4420,0.0000,90.0000,0.0000,
204443424900,187.9514,-2.4270,0.0574,-0.4420,0.0000,90.0000,0.0000,
204457628200,187.9656,-2.4270,0.0574,-0.4420,0.0000,90.0000,0.0000,
204470887000,187.9791,-2.4270,0.0574,-0.4420,0.0000,90.0000,0.0000,
204485013600,187.9930,-2.4270,0.0574,-0.4420,0.0000,90.0000,0.0000,
204499850000,188.0078,-2.4270,0.0574,-0.4420,0.0000,90.0000,0.0000,
204512749000,188.0209,-2.4270,0.0574,-0.4420,0.0000,90.0000,0.0000,
204527347900,188.0353,-2.4270,0.0574,-0.4420,0.0000,90.0000,0.0000,
204540773300,188.0488,-2.4270,0.0574,-0.4420,0.0000,90.0000,0.0000,
204554381700,188.0625,-2.4270,0.0574,-0.4420,0.0000,90.0000,0.0000,
204568366400,188.0764,-2.4270,0.0574,-0.4420,0.0000,90.0000,0.0000,
204582405600,188.0903,-2.4270,0.0574,-0.4420,0.0000,90.0000,0.0000,
204596287000,188.1043,-2.4270,0.0574,-0.4420,0.0000,90.0000,0.0000,
204609853700,188.1181,-2.4270,0.0574,-0.4420,0.0000,90.0000,0.0000,
204624102300,188.1323,-2.4270,0.0574,-0.4420,0.0000,90.0000,0.0000,
204638460600,188.1467,-2.4270,0.0574,-0.4420,0.0000,90.0000,0.0000,
204652049900,188.1603,-2.4270,0.0574,-0.4420,0.0000,90.0000,0.0000,
204666619500,188.1747,-2.4270,0.0574,-0.4420,0.0000,90.0000,0.0000,
204680006800,188.1882,-2.4270,0.0574,-0.4420,0.0000,90.0000,0.0000,
204693610300,188.2019,-2.4270,0.0574,-0.4420,0.0000,90.0000,0.0000,
204707707500,188.2159,-2.4270,0.0574,-0.4420,0.0000,90.0000,0.0000,
204721806100,188.2299,-2.4270,0.0574,-0.4420,0.0000,90.0000,0.0000,
204735642000,188.2438,-2.4270,0.0574,-0.4420,0.0000,90.0000,0.0000,
204749582100,188.2578,-2.4270,0.0574,-0.4420,0.0000,90.0000,0.0000,
204763501600,188.2717,-2.4270,0.0574,-0.4420,0.0000,90.0000,0.0000,
204777882600,188.2860,-2.4270,0.0574,-0.4420,0.0000,90.0000,0.0000,
204791177700,188.2995,-2.4270,0.0574,-0.4420,0.0000,90.0000,0.0000,
204805553300,188.3137,-2.4270,0.0574,-0.4420,0.0000,90.0000,0.0000,
204819303600,188.3274,-2.4270,0.0574,-0.4420,0.0000,90.0000,0.0000,
204833211100,188.3414,-2.4270,0.0574,-0.4420,0.0000,90.0000,0.0000,
204847091700,188.3552,-2.4270,0.0574,-0.4420,0.0000,90.0000,0.0000,
204860948900,188.3691,-2.4270,0.0574,-0.4420,0.0000,90.0000,0.0000,
204874551400,188.3829,-2.4270,0.0574,-0.4420,0.0000,90.0000,0.0000,
204888735500,188.3969,-2.4270,0.0574,-0.4420,0.0000,90.0000,0.0000,
204903155000,188.4113,-2.4270,0.0574,-0.4420,0.0000,90.0000,0.0000,
204916904500,188.4251,-2.4270,0.0574,-0.4420,0.0000,90.0000,0.0000,
204930348400,188.4387,-2.4270,0.0574,-0.4420,0.0000,90.0000,0.0000,
204944652800,188.4527,-2.4270,0.0574,-0.4420,0.0000,90.0000,0.0000,
204958483600,188.4666,-2.4270,0.0574,-0.4420,0.0000,90.0000,0.0000,
204972069900,188.4804,-2.4270,0.0574,-0.4420,0.0000,90.0000,0.0000,
204986144200,188.4943,-2.4270,0.0574,-0.4420,0.0000,90.0000,0.0000,
205000106600,188.5082,-2.4270,0.0574,-0.4420,0.0000,90.0000,0.0000,
205014017200,188.5223,-2.4270,0.0574,-0.4420,0.0000,90.0000,0.0000,
205027741700,188.5359,-2.4270,0.0574,-0.4420,0.0000,90.0000,0.0000,
205041704200,188.5499,-2.4270,0.0574,-0.4420,0.0000,90.0000,0.0000,
205055624700,188.5639,-2.4270,0.0574,-0.4420,0.0000,90.0000,0.0000,
205069623100,188.5778,-2.4270,0.0574,-0.4420,0.0000,90.0000,0.0000,
205083576800,188.5918,-2.4270,0.0574,-0.4420,0.0000,90.0000,0.0000,
205097726500,188.6060,-2.4270,0.0574,-0.4420,0.0000,90.0000,0.0000,
205111027500,188.6193,-2.4270,0.0574,-0.4420,0.0000,90.0000,0.0000,
205125257700,188.6334,-2.4270,0.0574,-0.4420,0.0000,90.0000,0.0000,
205139176300,188.6474,-2.4270,0.0574,-0.4420,0.0000,90.0000,0.0000,
205152909500,188.6613,-2.4270,0.0574,-0.4420,0.0000,90.0000,0.0000,
205166989100,188.6751,-2.4270,0.0574,-0.4420,0.0000,90.0000,0.0000,
205180938000,188.6892,-2.4270,0.0574,-0.4420,0.0000,90.0000,0.0000,
205194746900,188.7031,-2.4270,0.0574,-0.4420,0.0000,90.0000,0.0000,
205208742000,188.7170,-2.4270,0.0574,-0.4420,0.0000,90.0000,0.0000,
205222872400,188.7310,-2.4270,0.0574,-0.4420,0.0000,90.0000,0.0000,
205236715000,188.7449,-2.4270,0.0574,-0.4420,0.0000,90.0000,0.0000,
205250560700,188.7589,-2.4270,0.0574,-0.4420,0.0000,90.0000,0.0000,
205264622400,188.7728,-2.4270,0.0574,-0.4420,0.0000,90.0000,0.0000,
205278662400,188.7868,-2.4270,0.0574,-0.4420,0.0000,90.0000,0.0000,
205292364800,188.8007,-2.4270,0.0574,-0.4420,0.0000,90.0000,0.0000,
205306562900,188.8148,-2.4270,0.0574,-0.4420,0.0000,90.0000,0.0000,
205320394600,188.8286,-2.4270,0.0574,-0.4420,0.0000,90.0000,0.0000,
205334365300,188.8426,-2.4270,0.0574,-0.4420,0.0000,90.0000,0.0000,
205348345200,188.8566,-2.4270,0.0574,-0.4420,0.0000,90.0000,0.0000,
205362362800,188.8706,-2.4270,0.0574,-0.4420,0.0000,90.0000,0.0000,
205376221400,188.8844,-2.4270,0.0574,-0.4420,0.0000,90.0000,0.0000,
205389887000,188.8981,-2.4270,0.0574,-0.4420,0.0000,90.0000,0.0000,
205403947400,188.9121,-2.4270,0.0574,-0.4420,0.0000,90.0000,0.0000,
205417821300,188.9260,-2.4270,0.0574,-0.4420,0.0000,90.0000,0.0000,
205431614600,188.9399,-2.4270,0.0574,-0.4420,0.0000,90.0000,0.0000,
205445786000,188.9539,-2.4270,0.0574,-0.4420,0.0000,90.0000,0.0000,
205459640300,188.9678,-2.4270,0.0574,-0.4420,0.0000,90.0000,0.0000,
205473378600,188.9817,-2.4270,0.0574,-0.4420,0.0000,90.0000,0.0000,
205487220600,188.9954,-2.4270,0.0574,-0.4420,0.0000,90.0000,0.0000,
205501507100,189.0096,-2.4270,0.0574,-0.4420,0.0000,90.0000,0.0000,
205515392400,189.0237,-2.4270,0.0574,-0.4420,0.0000,90.0000,0.0000,
205529380000,189.0376,-2.4270,0.0574,-0.4420,0.0000,90.0000,0.0000,
205543240700,189.0514,-2.4270,0.0574,-0.4420,0.0000,90.0000,0.0000,
205557394700,189.0655,-2.4270,0.0574,-0.4420,0.0000,90.0000,0.0000,
205571145700,189.0795,-2.4270,0.0574,-0.4420,0.0000,90.0000,0.0000,
205585173900,189.0934,-2.4270,0.0574,-0.4420,0.0000,90.0000,0.0000,
205598954000,189.1071,-2.4270,0.0574,-0.4420,0.0000,90.0000,0.0000,
205613135000,189.1214,-2.4270,0.0574,-0.4420,0.0000,90.0000,0.0000,
205626904300,189.1351,-2.4270,0.0574,-0.4420,0.0000,90.0000,0.0000,
205640810500,189.1489,-2.4270,0.0574,-0.4420,0.0000,90.0000,0.0000,
205654847000,189.1631,-2.4270,0.0574,-0.4420,0.0000,90.0000,0.0000,
205668631900,189.1767,-2.4270,0.0574,-0.4420,0.0000,90.0000,0.0000,
205682961900,189.1911,-2.4270,0.0574,-0.4420,0.0000,90.0000,0.0000,
205696434400,189.2046,-2.4270,0.0574,-0.4420,0.0000,90.0000,0.0000,
205710029900,189.2183,-2.4270,0.0574,-0.4420,0.0000,90.0000,0.0000,
205723910300,189.2320,-2.4270,0.0574,-0.4420,0.0000,90.0000,0.0000,
205737957200,189.2461,-2.4270,0.0574,-0.4420,0.0000,90.0000,0.0000,
205751845200,189.2601,-2.4270,0.0574,-0.4420,0.0000,90.0000,0.0000,
205765974700,189.2741,-2.4270,0.0574,-0.4420,0.0000,90.0000,0.0000,
205779985300,189.2881,-2.4270,0.0574,-0.4420,0.0000,90.0000,0.0000,
205793642900,189.3019,-2.4270,0.0574,-0.4420,0.0000,90.0000,0.0000,
205807348200,189.3155,-2.4270,0.0574,-0.4420,0.0000,90.0000,0.0000,
205821129800,189.3293,-2.4270,0.0574,-0.4420,0.0000,90.0000,0.0000,
205835486300,189.3437,-2.4270,0.0574,-0.4420,0.0000,90.0000,0.0000,
205849588000,189.3577,-2.4270,0.0574,-0.4420,0.0000,90.0000,0.0000,
205863518300,189.3717,-2.4270,0.0574,-0.4420,0.0000,90.0000,0.0000,
205877394200,189.3855,-2.4270,0.0574,-0.4420,0.0000,90.0000,0.0000,
205891317300,189.3995,-2.4270,0.0574,-0.4420,0.0000,90.0000,0.0000,
205905150300,189.4133,-2.4270,0.0574,-0.4420,0.0000,90.0000,0.0000,
205919178300,189.4273,-2.4270,0.0574,-0.4420,0.0000,90.0000,0.0000,
205933335400,189.4416,-2.4270,0.0574,-0.4420,0.0000,90.0000,0.0000,
205947000000,189.4551,-2.4270,0.0574,-0.4420,0.0000,90.0000,0.0000,
205960978200,189.4691,-2.4270,0.0574,-0.4420,0.0000,90.0000,0.0000,
205974921500,189.4832,-2.4270,0.0574,-0.4420,0.0000,90.0000,0.0000,
205988637900,189.4968,-2.4270,0.0574,-0.4420,0.0000,90.0000,0.0000,
206002767700,189.5108,-2.4270,0.0574,-0.4420,0.0000,90.0000,0.0000,
206016965600,189.5251,-2.4270,0.0574,-0.4420,0.0000,90.0000,0.0000,
206030240600,189.5385,-2.4270,0.0574,-0.4420,0.0000,90.0000,0.0000,
206044762100,189.5529,-2.4270,0.0574,-0.4420,0.0000,90.0000,0.0000,
206058692600,189.5668,-2.4270,0.0574,-0.4420,0.0000,90.0000,0.0000,
206072491200,189.5808,-2.4270,0.0574,-0.4420,0.0000,90.0000,0.0000,
206086530800,189.5947,-2.4270,0.0574,-0.4420,0.0000,90.0000,0.0000,
206100202400,189.6084,-2.4270,0.0574,-0.4420,0.0000,90.0000,0.0000,
206114327000,189.6225,-2.4270,0.0574,-0.4420,0.0000,90.0000,0.0000,
206127884300,189.6360,-2.4270,0.0574,-0.4420,0.0000,90.0000,0.0000,
206141846800,189.6500,-2.4270,0.0574,-0.4420,0.0000,90.0000,0.0000,
206156271800,189.6644,-2.4270,0.0574,-0.4420,0.0000,90.0000,0.0000,
206170099000,189.6783,-2.4270,0.0574,-0.4420,0.0000,90.0000,0.0000,
206183707600,189.6918,-2.4270,0.0574,-0.4420,0.0000,90.0000,0.0000,
206197559700,189.7057,-2.4270,0.0574,-0.4420,0.0000,90.0000,0.0000,
206211412700,189.7197,-2.4270,0.0574,-0.4420,0.0000,90.0000,0.0000,
206225409400,189.7335,-2.4270,0.0574,-0.4420,0.0000,90.0000,0.0000,
206239612600,189.7477,-2.4270,0.0574,-0.4420,0.0000,90.0000,0.0000,
206253075200,189.7613,-2.4270,0.0574,-0.4420,0.0000,90.0000,0.0000,
206267180200,189.7753,-2.4270,0.0574,-0.4420,0.0000,90.0000,0.0000,
206281201300,189.7893,-2.4270,0.0574,-0.4420,0.0000,90.0000,0.0000,
206294931100,189.8032,-2.4270,0.0574,-0.4420,0.0000,90.0000,0.0000,
206309021600,189.8171,-2.4270,0.0574,-0.4420,0.0000,90.0000,0.0000,
206322966400,189.8311,-2.4270,0.0574,-0.4420,0.0000,90.0000,0.0000,
206336945100,189.8450,-2.4270,0.0574,-0.4420,0.0000,90.0000,0.0000,
206350664500,189.8589,-2.4270,0.0574,-0.4420,0.0000,90.0000,0.0000,
206364614600,189.8727,-2.4270,0.0574,-0.4420,0.0000,90.0000,0.0000,
206378542500,189.8866,-2.4270,0.0574,-0.4420,0.0000,90.0000,0.0000,
206392338300,189.9005,-2.4270,0.0574,-0.4420,0.0000,90.0000,0.0000,
206406308500,189.9145,-2.4270,0.0574,-0.4420,0.0000,90.0000,0.0000,
206420303400,189.9285,-2.4270,0.0574,-0.4420,0.0000,90.0000,0.0000,
206434227100,189.9425,-2.4270,0.0574,-0.4420,0.0000,90.0000,0.0000,
206448255900,189.9563,-2.4270,0.0574,-0.4420,0.0000,90.0000,0.0000,
206462343100,189.9705,-2.4270,0.0574,-0.4420,0.0000,90.0000,0.0000,
206475934300,189.9842,-2.4270,0.0574,-0.4420,0.0000,90.0000,0.0000,
206489846800,189.9980,-2.4270,0.0574,-0.4420,0.0000,90.0000,0.0000,
206504042500,190.0121,-2.4270,0.0574,-0.4420,0.0000,90.0000,0.0000,
206517546400,190.0257,-2.4270,0.0574,-0.4420,0.0000,90.0000,0.0000,
206531476400,190.0397,-2.4270,0.0574,-0.4420,0.0000,90.0000,0.0000,
206545578500,190.0537,-2.4270,0.0574,-0.4420,0.0000,90.0000,0.0000,
206559698000,190.0678,-2.4270,0.0574,-0.4420,0.0000,90.0000,0.0000,
206573707500,190.0820,-2.4270,0.0574,-0.4420,0.0000,90.0000,0.0000,
206587700800,190.0958,-2.4270,0.0574,-0.4420,0.0000,90.0000,0.0000,
206601659300,190.1098,-2.4270,0.0574,-0.4420,0.0000,90.0000,0.0000,
206615295800,190.1235,-2.4270,0.0574,-0.4420,0.0000,90.0000,0.0000,
206629047600,190.1372,-2.4270,0.0574,-0.4420,0.0000,90.0000,0.0000,
206643179700,190.1513,-2.4270,0.0574,-0.4420,0.0000,90.0000,0.0000,
206656988100,190.1651,-2.4270,0.0574,-0.4420,0.0000,90.0000,0.0000,
206670974300,190.1792,-2.4270,0.0574,-0.4420,0.0000,90.0000,0.0000,
206684975000,190.1931,-2.4270,0.0574,-0.4420,0.0000,90.0000,0.0000,
206698466000,190.2066,-2.4270,0.0574,-0.4420,0.0000,90.0000,0.0000,
206712573800,190.2207,-2.4270,0.0574,-0.4420,0.0000,90.0000,0.0000,
206726945600,190.2348,-2.4270,0.0574,-0.4420,0.0000,90.0000,0.0000,
206741130100,190.2491,-2.4270,0.0574,-0.4420,0.0000,90.0000,0.0000,
206754238300,190.2624,-2.4270,0.0574,-0.4420,0.0000,90.0000,0.0000,
206768385800,190.2765,-2.4270,0.0574,-0.4420,0.0000,90.0000,0.0000,
206782596400,190.2907,-2.4270,0.0574,-0.4420,0.0000,90.0000,0.0000,
206796475300,190.3046,-2.4270,0.0574,-0.4420,0.0000,90.0000,0.0000,
206810215900,190.3185,-2.4270,0.0574,-0.4420,0.0000,90.0000,0.0000,
206824710300,190.3328,-2.4270,0.0574,-0.4420,0.0000,90.0000,0.0000,
206837667500,190.3457,-2.4270,0.0574,-0.4420,0.0000,90.0000,0.0000,
206851705800,190.3598,-2.4270,0.0574,-0.4420,0.0000,90.0000,0.0000,
206866111800,190.3740,-2.4270,0.0574,-0.4420,0.0000,90.0000,0.0000,
206879704300,190.3877,-2.4270,0.0574,-0.4420,0.0000,90.0000,0.0000,
206893803500,190.4019,-2.4270,0.0574,-0.4420,0.0000,90.0000,0.0000,
206907583900,190.4155,-2.4270,0.0574,-0.4420,0.0000,90.0000,0.0000,
206921451400,190.4294,-2.4270,0.0574,-0.4420,0.0000,90.0000,0.0000,
206935337200,190.4435,-2.4270,0.0574,-0.4420,0.0000,90.0000,0.0000,
206949681900,190.4576,-2.4270,0.0574,-0.4420,0.0000,90.0000,0.0000,
206963333400,190.4713,-2.4270,0.0574,-0.4420,0.0000,90.0000,0.0000,
206977173500,190.4852,-2.4270,0.0574,-0.4420,0.0000,90.0000,0.0000,
206990941600,190.4991,-2.4270,0.0574,-0.4420,0.0000,90.0000,0.0000,
207005114300,190.5130,-2.4270,0.0574,-0.4420,0.0000,90.0000,0.0000,
207018970900,190.5270,-2.4270,0.0574,-0.4420,0.0000,90.0000,0.0000,
207032455100,190.5406,-2.4270,0.0574,-0.4420,0.0000,90.0000,0.0000,
207046657600,190.5547,-2.4270,0.0574,-0.4420,0.0000,90.0000,0.0000,
207060708700,190.5687,-2.4270,0.0574,-0.4420,0.0000,90.0000,0.0000,
207074634000,190.5828,-2.4270,0.0574,-0.4420,0.0000,90.0000,0.0000,
207088764400,190.5968,-2.4270,0.0574,-0.4420,0.0000,90.0000,0.0000,
207102684700,190.6106,-2.4270,0.0574,-0.4420,0.0000,90.0000,0.0000,
207116588700,190.6245,-2.4270,0.0574,-0.4420,0.0000,90.0000,0.0000,
207130277300,190.6385,-2.4270,0.0574,-0.4420,0.0000,90.0000,0.0000,
207144213300,190.6523,-2.4270,0.0574,-0.4420,0.0000,90.0000,0.0000,
207158235000,190.6663,-2.4270,0.0574,-0.4420,0.0000,90.0000,0.0000,
207172318800,190.6805,-2.4270,0.0574,-0.4420,0.0000,90.0000,0.0000,
207185901100,190.6939,-2.4270,0.0574,-0.4420,0.0000,90.0000,0.0000,
207200536600,190.7086,-2.4270,0.0574,-0.4420,0.0000,90.0000,0.0000,
207213426600,190.7216,-2.4270,0.0574,-0.4420,0.0000,90.0000,0.0000,
207228042200,190.7360,-2.4270,0.0574,-0.4420,0.0000,90.0000,0.0000,
207241398100,190.7494,-2.4270,0.0574,-0.4420,0.0000,90.0000,0.0000,
207255701100,190.7639,-2.4270,0.0574,-0.4420,0.0000,90.0000,0.0000,
207269130100,190.7772,-2.4270,0.0574,-0.4420,0.0000,90.0000,0.0000,
207283267900,190.7912,-2.4270,0.0574,-0.4420,0.0000,90.0000,0.0000,
207297034300,190.8051,-2.4270,0.0574,-0.4420,0.0000,90.0000,0.0000,
207310965600,190.8191,-2.4270,0.0574,-0.4420,0.0000,90.0000,0.0000,
207324977100,190.8330,-2.4270,0.0574,-0.4420,0.0000,90.0000,0.0000,
207338821900,190.8469,-2.4270,0.0574,-0.4420,0.0000,90.0000,0.0000,
207353358000,190.8617,-2.4270,0.0574,-0.4420,0.0000,90.0000,0.0000,
207366671700,190.8749,-2.4270,0.0574,-0.4420,0.0000,90.0000,0.0000,
207380776300,190.8890,-2.4270,0.0574,-0.4420,0.0000,90.0000,0.0000,
207394796600,190.9030,-2.4270,0.0574,-0.4420,0.0000,90.0000,0.0000,
207408832500,190.9170,-2.4270,0.0574,-0.4420,0.0000,90.0000,0.0000,
207422254900,190.9305,-2.4270,0.0574,-0.4420,0.0000,90.0000,0.0000,
207436530700,190.9448,-2.4270,0.0574,-0.4420,0.0000,90.0000,0.0000,
207449894800,190.9582,-2.4270,0.0574,-0.4420,0.0000,90.0000,0.0000,
207464090000,190.9723,-2.4270,0.0574,-0.4420,0.0000,90.0000,0.0000,
207477968600,190.9862,-2.4270,0.0574,-0.4420,0.0000,90.0000,0.0000,
207491819300,191.0002,-2.4270,0.0574,-0.4420,0.0000,90.0000,0.0000,
207506676900,191.0148,-2.4270,0.0574,-0.4420,0.0000,90.0000,0.0000,
207520145100,191.0284,-2.4270,0.0574,-0.4420,0.0000,90.0000,0.0000,
207533416500,191.0417,-2.4270,0.0574,-0.4420,0.0000,90.0000,0.0000,
207547924700,191.0561,-2.4270,0.0574,-0.4420,0.0000,90.0000,0.0000,
207561971900,191.0701,-2.4270,0.0574,-0.4420,0.0000,90.0000,0.0000,
207575742900,191.0841,-2.4270,0.0574,-0.4420,0.0000,90.0000,0.0000,
207589731600,191.0979,-2.4270,0.0574,-0.4420,0.0000,90.0000,0.0000,
207603724000,191.1119,-2.4270,0.0574,-0.4420,0.0000,90.0000,0.0000,
207617581700,191.1258,-2.4270,0.0574,-0.4420,0.0000,90.0000,0.0000,
207631453200,191.1398,-2.4270,0.0574,-0.4420,0.0000,90.0000,0.0000,
207645483000,191.1537,-2.4270,0.0574,-0.4420,0.0000,90.0000,0.0000,
207659493000,191.1677,-2.4270,0.0574,-0.4420,0.0000,90.0000,0.0000,
207673262100,191.1815,-2.4270,0.0574,-0.4420,0.0000,90.0000,0.0000,
207687403400,191.1956,-2.4270,0.0574,-0.4420,0.0000,90.0000,0.0000,
207701251900,191.2095,-2.4270,0.0574,-0.4420,0.0000,90.0000,0.0000,
207715104400,191.2234,-2.4270,0.0574,-0.4420,0.0000,90.0000,0.0000,
207729084900,191.2372,-2.4270,0.0574,-0.4420,0.0000,90.0000,0.0000,
207743252100,191.2515,-2.4270,0.0574,-0.4420,0.0000,90.0000,0.0000,
207757045900,191.2653,-2.4270,0.0574,-0.4420,0.0000,90.0000,0.0000,
207770750000,191.2791,-2.4270,0.0574,-0.4420,0.0000,90.0000,0.0000,
207785044800,191.2931,-2.4270,0.0574,-0.4420,0.0000,90.0000,0.0000,
207798556100,191.3068,-2.4270,0.0574,-0.4420,0.0000,90.0000,0.0000,
207812376200,191.3207,-2.4270,0.0574,-0.4420,0.0000,90.0000,0.0000,
207826726700,191.3349,-2.4270,0.0574,-0.4420,0.0000,90.0000,0.0000,
207840557300,191.3487,-2.4270,0.0574,-0.4420,0.0000,90.0000,0.0000,
207854274200,191.3626,-2.4270,0.0574,-0.4420,0.0000,90.0000,0.0000,
207868874500,191.3771,-2.4270,0.0574,-0.4420,0.0000,90.0000,0.0000,
207882610900,191.3908,-2.4270,0.0574,-0.4420,0.0000,90.0000,0.0000,
207896384100,191.4045,-2.4270,0.0574,-0.4420,0.0000,90.0000,0.0000,
207909828200,191.4182,-2.4270,0.0574,-0.4420,0.0000,90.0000,0.0000,
207924118300,191.4323,-2.4270,0.0574,-0.4420,0.0000,90.0000,0.0000,
207937733000,191.4460,-2.4270,0.0574,-0.4420,0.0000,90.0000,0.0000,
207951727900,191.4600,-2.4270,0.0574,-0.4420,0.0000,90.0000,0.0000,
207965827000,191.4740,-2.4270,0.0574,-0.4420,0.0000,90.0000,0.0000,
207979773700,191.4880,-2.4270,0.0574,-0.4420,0.0000,90.0000,0.0000,
207993364400,191.5017,-2.4270,0.0574,-0.4420,0.0000,90.0000,0.0000,
208007984200,191.5161,-2.4270,0.0574,-0.4420,0.0000,90.0000,0.0000,
208021440400,191.5297,-2.4270,0.0574,-0.4420,0.0000,90.0000,0.0000,
208035450400,191.5438,-2.4270,0.0574,-0.4420,0.0000,90.0000,0.0000,
208049459600,191.5576,-2.4270,0.0574,-0.4420,0.0000,90.0000,0.0000,
208063020300,191.5712,-2.4270,0.0574,-0.4420,0.0000,90.0000,0.0000,
208076999400,191.5852,-2.4270,0.0574,-0.4420,0.0000,90.0000,0.0000,
208091134600,191.5995,-2.4270,0.0574,-0.4420,0.0000,90.0000,0.0000,
208104937900,191.6131,-2.4270,0.0574,-0.4420,0.0000,90.0000,0.0000,
208119126100,191.6273,-2.4270,0.0574,-0.4420,0.0000,90.0000,0.0000,
208132495700,191.6408,-2.4270,0.0574,-0.4420,0.0000,90.0000,0.0000,
208146965300,191.6552,-2.4270,0.0574,-0.4420,0.0000,90.0000,0.0000,
208160841000,191.6691,-2.4270,0.0574,-0.4420,0.0000,90.0000,0.0000,
208174736100,191.6830,-2.4270,0.0574,-0.4420,0.0000,90.0000,0.0000,
208188505800,191.6967,-2.4270,0.0574,-0.4420,0.0000,90.0000,0.0000,
208202121100,191.7103,-2.4270,0.0574,-0.4420,0.0000,90.0000,0.0000,
208216538800,191.7247,-2.4270,0.0574,-0.4420,0.0000,90.0000,0.0000,
208229941500,191.7382,-2.4270,0.0574,-0.4420,0.0000,90.0000,0.0000,
208244049800,191.7522,-2.4270,0.0574,-0.4420,0.0000,90.0000,0.0000,
208257728000,191.7659,-2.4270,0.0574,-0.4420,0.0000,90.0000,0.0000,
208271769800,191.7801,-2.4270,0.0574,-0.4420,0.0000,90.0000,0.0000,
208285908800,191.7940,-2.4270,0.0574,-0.4420,0.0000,90.0000,0.0000,
208300155400,191.8083,-2.4270,0.0574,-0.4420,0.0000,90.0000,0.0000,
208313541700,191.8219,-2.4270,0.0574,-0.4420,0.0000,90.0000,0.0000,
208327542400,191.8357,-2.4270,0.0574,-0.4420,0.0000,90.0000,0.0000,
208341570000,191.8497,-2.4270,0.0574,-0.4420,0.0000,90.0000,0.0000,
208355262600,191.8636,-2.4270,0.0574,-0.4420,0.0000,90.0000,0.0000,
208369257300,191.8775,-2.4270,0.0574,-0.4420,0.0000,90.0000,0.0000,
208383593800,191.8918,-2.4270,0.0574,-0.4420,0.0000,90.0000,0.0000,
208397550900,191.9057,-2.4270,0.0574,-0.4420,0.0000,90.0000,0.0000,
208411022200,191.9193,-2.4270,0.0574,-0.4420,0.0000,90.0000,0.0000,
208425369900,191.9336,-2.4270,0.0574,-0.4420,0.0000,90.0000,0.0000,
208439083300,191.9473,-2.4270,0.0574,-0.4420,0.0000,90.0000,0.0000,
208452870800,191.9611,-2.4270,0.0574,-0.4420,0.0000,90.0000,0.0000,
208467106100,191.9753,-2.4270,0.0574,-0.4420,0.0000,90.0000,0.0000,
208480775900,191.9890,-2.4270,0.0574,-0.4420,0.0000,90.0000,0.0000,
208494895300,192.0033,-2.4270,0.0574,-0.4420,0.0000,90.0000,0.0000,
208509028500,192.0172,-2.4270,0.0574,-0.4420,0.0000,90.0000,0.0000,
208522356700,192.0306,-2.4270,0.0574,-0.4420,0.0000,90.0000,0.0000,
208536841700,192.0451,-2.4270,0.0574,-0.4420,0.0000,90.0000,0.0000,
208550056500,192.0584,-2.4270,0.0574,-0.4420,0.0000,90.0000,0.0000,
208564526600,192.0727,-2.4270,0.0574,-0.4420,0.0000,90.0000,0.0000,
208578376700,192.0866,-2.4270,0.0574,-0.4420,0.0000,90.0000,0.0000,
208592188300,192.1005,-2.4270,0.0574,-0.4420,0.0000,90.0000,0.0000,
208606162300,192.1144,-2.4270,0.0574,-0.4420,0.0000,90.0000,0.0000,
208620461700,192.1286,-2.4270,0.0574,-0.4420,0.0000,90.0000,0.0000,
208633948900,192.1423,-2.4270,0.0574,-0.4420,0.0000,90.0000,0.0000,
208647881600,192.1561,-2.4270,0.0574,-0.4420,0.0000,90.0000,0.0000,
208661677100,192.1699,-2.4270,0.0574,-0.4420,0.0000,90.0000,0.0000,
208675877300,192.1842,-2.4270,0.0574,-0.4420,0.0000,90.0000,0.0000,
208689531500,192.1978,-2.4270,0.0574,-0.4420,0.0000,90.0000,0.0000,
208703585100,192.2118,-2.4270,0.0574,-0.4420,0.0000,90.0000,0.0000,
208717311100,192.2255,-2.4270,0.0574,-0.4420,0.0000,90.0000,0.0000,
208731173300,192.2394,-2.4270,0.0574,-0.4420,0.0000,90.0000,0.0000,
208745763300,192.2538,0.1497,1.0054,-0.7580,29.9446,69.1542,291.9544,
208759582000,192.2676,0.1497,1.0054,-0.7580,29.9446,69.1542,291.9544,
208773576500,192.2818,0.1497,1.0054,-0.7580,29.9446,69.1542,291.9544,
208788093900,192.2960,0.1508,1.0129,-0.7647,27.5857,72.6259,305.2565,
208802271000,192.3101,0.1517,1.0191,-0.7701,25.8051,74.3946,313.2333,
208815488400,192.3236,0.1443,1.0347,-0.7687,21.8467,75.0068,311.4632,
208828822700,192.3367,0.1390,1.0463,-0.7680,19.0723,75.5632,310.8611,
208843011800,192.3509,0.1350,1.0554,-0.7676,16.8743,76.0528,310.8435,
208856772800,192.3647,0.1351,1.0564,-0.7684,12.7198,74.8915,311.8806,
208870478800,192.3786,0.1349,1.0578,-0.7690,9.4782,74.1537,312.9697,
208884635800,192.3926,0.1356,1.0599,-0.7661,5.4156,73.7042,314.2912,
208898759300,192.4067,0.1361,1.0626,-0.7636,2.2841,73.3390,315.4741,
208912663800,192.4208,0.1375,1.0670,-0.7584,358.5809,72.5070,315.6658,
208927230900,192.4352,0.1384,1.0712,-0.7545,355.5790,71.8854,316.1358,
208940926000,192.4489,0.1380,1.0789,-0.7498,353.5162,71.6195,314.9462,
208954997600,192.4630,0.1376,1.0855,-0.7462,351.4609,71.3667,314.3235,
208967899400,192.4759,0.1372,1.0914,-0.7432,349.3681,71.1079,314.0176,
208981894400,192.4899,0.1379,1.0975,-0.7383,348.9284,71.4166,313.3307,
208995988600,192.5041,0.1383,1.1031,-0.7343,348.2111,71.6115,312.8518,
209010531000,192.5184,0.1393,1.1056,-0.7326,346.5350,71.7544,312.4019,
209024218800,192.5321,0.1399,1.1084,-0.7311,344.6106,71.8583,312.0233,
209037892400,192.5459,0.1403,1.1115,-0.7294,342.5970,71.9255,311.7237,
209051809500,192.5599,0.1412,1.1111,-0.7290,341.0588,71.6418,311.8177,
209065561300,192.5735,0.1419,1.1112,-0.7284,339.4449,71.3939,311.9000,
209079775600,192.5878,0.1424,1.1108,-0.7286,338.3974,70.5688,312.3301,
209093447900,192.6016,0.1430,1.1106,-0.7287,337.1899,69.8363,312.7177,
209107180300,192.6151,0.1436,1.1107,-0.7286,335.8412,69.1504,313.0889,
209121547700,192.6295,0.1443,1.1108,-0.7286,335.4640,68.8717,313.0122,
209135339100,192.6435,0.1451,1.1111,-0.7284,334.9460,68.5945,312.9778,
209149017000,192.6569,0.1458,1.1111,-0.7286,334.5686,68.2924,313.0845,
209163287900,192.6713,0.1465,1.1112,-0.7287,334.0387,67.9505,313.2130,
209177499300,192.6854,0.1472,1.1116,-0.7287,333.3368,67.5512,313.3719,
209190850000,192.6990,0.1472,1.1117,-0.7285,332.5187,67.2902,313.5502,
209204883900,192.7128,0.1471,1.1119,-0.7283,331.5891,66.9874,313.7504,
209219163000,192.7272,0.1469,1.1117,-0.7282,331.1383,67.0688,313.7701,
209232586000,192.7406,0.1468,1.1116,-0.7281,330.6366,67.1065,313.8054,
209246647100,192.7546,0.1468,1.1115,-0.7276,330.3171,67.0735,313.8806,
209260829000,192.7688,0.1468,1.1114,-0.7269,329.9369,67.0190,313.9665,
209274366800,192.7825,0.1468,1.1113,-0.7261,329.4711,66.9400,314.0695,
209288597700,192.7965,0.1474,1.1114,-0.7247,329.2774,66.7837,314.1406,
209302738000,192.8107,0.1479,1.1116,-0.7233,329.0473,66.6199,314.2181,
209316426000,192.8243,0.1491,1.1130,-0.7213,328.6511,66.2063,314.3773,
209330288100,192.8384,0.1502,1.1144,-0.7193,328.1642,65.7296,314.5684,
209344570100,192.8525,0.1525,1.1159,-0.7166,328.0540,65.3395,314.8252,
209358152900,192.8661,0.1544,1.1171,-0.7142,327.9228,64.9671,315.0705,
209371843700,192.8799,0.1560,1.1183,-0.7121,327.7666,64.5843,315.3231,
209385922800,192.8939,0.1575,1.1205,-0.7093,327.7842,64.4582,315.3179,
209399998500,192.9079,0.1588,1.1224,-0.7068,327.7875,64.3445,315.3180,
209413623600,192.9218,0.1594,1.1249,-0.7047,327.7250,64.1498,315.2886,
209427834900,192.9359,0.1600,1.1271,-0.7028,327.6346,63.9061,315.2584,
209441506600,192.9496,0.1606,1.1290,-0.7011,327.5203,63.6289,315.2305,
209455343600,192.9635,0.1603,1.1300,-0.7004,327.5738,63.5345,314.4941,
209469467600,192.9775,0.1602,1.1309,-0.6997,327.6143,63.4197,313.6813,
209483610800,192.9917,0.1598,1.1314,-0.6995,327.2849,63.1008,313.0428,
209497232700,193.0052,0.1594,1.1321,-0.6992,326.9739,62.8097,312.4655,
209511060600,193.0192,0.1591,1.1328,-0.6988,326.6860,62.5482,311.9510,
209525408500,193.0335,0.1589,1.1333,-0.6986,326.3450,62.4264,311.8238,
209539380100,193.0474,0.1586,1.1339,-0.6983,326.0414,62.3117,311.6972,
209553145900,193.0614,0.1585,1.1341,-0.6982,325.6969,62.1463,311.7336,
209567549300,193.0755,0.1584,1.1343,-0.6981,325.3381,61.9698,311.7563,
209580594900,193.0887,0.1584,1.1342,-0.6982,325.1107,61.8697,312.0673,
209594710600,193.1029,0.1585,1.1341,-0.6982,324.8509,61.7502,312.4017,
209608641700,193.1167,0.1585,1.1340,-0.6981,324.5669,61.6145,312.7488,
209622305500,193.1302,0.1586,1.1338,-0.6982,324.5641,61.6126,312.8725,
209635848000,193.1441,0.1586,1.1336,-0.6983,324.5574,61.6081,312.9612,
209650010100,193.1581,0.1584,1.1332,-0.6985,324.5821,61.5997,313.0028,
209664219400,193.1723,0.1582,1.1327,-0.6988,324.6046,61.5902,313.0427,
209678013000,193.1859,0.1580,1.1326,-0.6990,324.6266,61.6474,313.0182,
209691993600,193.2002,0.1578,1.1325,-0.6992,324.6559,61.7291,312.9803,
209705979500,193.2140,0.1577,1.1324,-0.6993,324.7000,61.8603,312.9157,
209719493900,193.2275,0.1573,1.1323,-0.6995,324.7646,62.0645,312.7501,
209733902000,193.2420,0.1569,1.1322,-0.6997,324.8391,62.3098,312.5450,
209747772700,193.2558,0.1564,1.1318,-0.6999,324.8911,62.6695,312.2744,
209761632800,193.2697,0.1558,1.1315,-0.7000,324.9425,63.0498,311.9827,
209774925900,193.2831,0.1553,1.1312,-0.7001,324.9906,63.4286,311.6873,
209789385100,193.2973,0.1545,1.1306,-0.7005,325.1721,63.7902,311.5071,
209803219900,193.3112,0.1538,1.1299,-0.7008,325.3497,64.1468,311.3268,
209817034400,193.3251,0.1532,1.1295,-0.7013,325.4590,64.4046,311.1949,
209831233300,193.3394,0.1527,1.1291,-0.7018,325.5576,64.6404,311.0724,
209845181600,193.3531,0.1523,1.1287,-0.7020,325.5631,64.7602,311.0822,
209858892000,193.3669,0.1520,1.1283,-0.7022,325.5664,64.8704,311.0912,
209873022500,193.3812,0.1517,1.1280,-0.7024,325.5683,64.9847,311.1006,
209886750300,193.3948,0.1517,1.1278,-0.7024,325.5583,64.9953,311.0812,
209901029200,193.4090,0.1517,1.1276,-0.7025,325.5469,65.0058,311.0601,
209914608100,193.4228,0.1516,1.1275,-0.7026,325.5340,65.0163,311.0370,
209928676300,193.4367,0.1516,1.1274,-0.7025,325.5199,65.0456,310.9904,
209942337200,193.4503,0.1515,1.1274,-0.7024,325.5045,65.0764,310.9404,
209956727100,193.4647,0.1516,1.1274,-0.7023,325.4844,65.1092,310.8652,
209970183000,193.4783,0.1516,1.1273,-0.7022,325.4570,65.1522,310.7636,
209984131600,193.4921,0.1518,1.1273,-0.7021,325.4477,65.1717,310.7032,
209998103100,193.5061,0.1519,1.1272,-0.7021,325.4392,65.1887,310.6468,
210012073700,193.5202,0.1521,1.1272,-0.7021,325.4384,65.1955,310.6167,
210025859500,193.5339,0.1523,1.1273,-0.7020,325.4381,65.2015,310.5866,
210039921800,193.5480,0.1525,1.1273,-0.7020,325.4383,65.2065,310.5565,
210053918700,193.5621,0.1526,1.1274,-0.7019,325.4425,65.1792,310.5405,
210067624500,193.5756,0.1528,1.1275,-0.7018,325.4476,65.1483,310.5258,
210081430500,193.5894,0.1530,1.1276,-0.7016,325.4510,65.1193,310.5019,
210095584400,193.6037,0.1533,1.1278,-0.7014,325.4558,65.0795,310.4725,
210109123600,193.6171,0.1534,1.1278,-0.7012,325.4988,64.9286,310.3909,
210123667600,193.6316,0.1535,1.1278,-0.7010,325.5555,64.7320,310.2916,
210137552700,193.6456,0.1535,1.1278,-0.7008,325.6182,64.5159,310.1892,
210151095300,193.6592,0.1537,1.1278,-0.7002,325.6411,64.3330,310.1910,
210165188700,193.6732,0.1538,1.1279,-0.6996,325.6625,64.1646,310.1971,
210179413000,193.6873,0.1539,1.1278,-0.6987,325.6568,64.1147,310.1972,
210192905300,193.7010,0.1539,1.1278,-0.6979,325.6530,64.0825,310.1984,
210206895600,193.7149,0.1540,1.1278,-0.6971,325.6490,64.0500,310.2007,
210220908100,193.7289,0.1540,1.1278,-0.6966,325.6292,64.0101,310.2066,
210234701200,193.7428,0.1541,1.1279,-0.6962,325.6033,63.9592,310.2154,
210248619800,193.7566,0.1544,1.1279,-0.6956,325.5610,63.8553,310.2739,
210262489600,193.7705,0.1547,1.1278,-0.6951,325.5064,63.7218,310.3525,
210276801100,193.7848,0.1550,1.1278,-0.6944,325.4427,63.5672,310.4471,
210290507200,193.7986,0.1552,1.1280,-0.6939,325.3667,63.2552,310.6332,
210304703200,193.8127,0.1555,1.1283,-0.6934,325.2834,62.9065,310.8456,
210318556400,193.8266,0.1556,1.1284,-0.6931,325.2494,62.6639,310.9924,
210332424000,193.8406,0.1557,1.1286,-0.6930,325.2199,62.4433,311.1286,
210346495000,193.8545,0.1557,1.1288,-0.6929,325.1805,62.3453,311.1752,
210360166800,193.8681,0.1558,1.1290,-0.6927,325.1483,62.2667,311.2132,
210373755600,193.8819,0.1558,1.1292,-0.6926,325.1188,62.1958,311.2481,
210387953000,193.8960,0.1561,1.1297,-0.6923,325.1016,62.0590,311.3068,
210401905800,193.9098,0.1563,1.1302,-0.6920,325.0824,61.8976,311.3764,
210415705800,193.9238,0.1567,1.1308,-0.6920,325.0476,61.8905,311.3911,
210429657100,193.9376,0.1571,1.1315,-0.6920,325.0102,61.8855,311.4061,
210443627700,193.9516,0.1575,1.1322,-0.6920,324.9701,61.8826,311.4214,
210457670500,193.9656,0.1578,1.1326,-0.6923,324.9297,61.8944,311.4777,
210471315800,193.9794,0.1582,1.1329,-0.6926,324.8690,61.9167,311.5634,
210485701500,193.9937,0.1587,1.1335,-0.6928,324.7643,61.9834,311.5843,
210499318800,194.0073,0.1592,1.1341,-0.6930,324.6435,62.0664,311.6046,
210513727300,194.0218,0.1597,1.1345,-0.6936,324.4573,62.3765,311.5391,
210527251100,194.0352,0.1603,1.1348,-0.6943,324.2442,62.7499,311.4529,
210541184100,194.0492,0.1608,1.1352,-0.6949,324.0286,63.1462,311.3544,
210554984800,194.0632,0.1616,1.1356,-0.6956,323.8107,63.2936,311.5287,
210569107100,194.0771,0.1623,1.1361,-0.6962,323.6027,63.4422,311.6917,
210582974100,194.0910,0.1632,1.1372,-0.6968,323.3825,63.6917,311.7972,
210596868100,194.1049,0.1640,1.1383,-0.6973,323.1677,63.9430,311.8958,
210610758800,194.1189,0.1649,1.1394,-0.6974,322.9047,63.9588,312.1173,
210624713700,194.1327,0.1657,1.1404,-0.6976,322.6494,63.9766,312.3314,
210638787300,194.1468,0.1665,1.1414,-0.6977,322.3990,63.9961,312.5405,
210652358600,194.1605,0.1671,1.1419,-0.6979,322.2764,64.0669,312.6218,
210666630300,194.1746,0.1676,1.1424,-0.6980,322.1662,64.1314,312.6943,
210680394700,194.1883,0.1678,1.1426,-0.6980,322.0564,64.0617,312.7433,
210694129600,194.2023,0.1679,1.1427,-0.6980,321.9354,63.9852,312.7974,
210708270700,194.2163,0.1681,1.1429,-0.6980,321.7937,63.8955,312.8608,
210722197500,194.2302,0.1686,1.1432,-0.6974,321.3783,63.5592,312.9267,
210735960400,194.2440,0.1693,1.1436,-0.6965,320.8954,63.1650,313.0067,
210750430900,194.2584,0.1704,1.1439,-0.6938,319.7339,62.0548,313.5026,
210764032200,194.2720,0.1714,1.1442,-0.6911,318.6645,60.9973,313.9951,
210777973300,194.2859,0.1726,1.1457,-0.6888,317.9688,60.3852,314.4399,
210791820400,194.2999,0.1737,1.1470,-0.6868,317.3882,59.8575,314.8195,
210805888600,194.3139,0.1746,1.1480,-0.6852,316.8705,59.3739,315.1648,
210820060600,194.3280,0.1764,1.1492,-0.6855,316.6143,59.5998,315.1648,
210833490200,194.3416,0.1781,1.1503,-0.6857,316.3535,59.7829,315.1791,
210847756300,194.3557,0.1830,1.1545,-0.6897,315.6362,61.7798,314.3338,
210861701600,194.3697,0.1871,1.1580,-0.6928,314.8702,63.8572,313.4306,
210875105700,194.3832,0.1902,1.1607,-0.6949,314.1979,65.6311,312.6391,
210889192600,194.3971,0.1971,1.1636,-0.7022,313.1505,69.3052,311.9594,
210903920200,194.4117,0.2025,1.1661,-0.7075,312.3064,72.2181,311.3178,
210917332000,194.4253,0.2111,1.1682,-0.7159,311.5039,75.3303,312.4753,
210930944600,194.4390,0.2180,1.1701,-0.7224,310.8050,77.7865,313.1136,
210945372900,194.4533,0.2247,1.1718,-0.7254,308.4030,81.9799,313.1490,
210958935800,194.4668,0.2305,1.1734,-0.7283,306.6838,85.3378,312.9336,
210972904500,194.4810,0.2357,1.1751,-0.7310,305.3610,88.1890,312.5960,
210987011500,194.4950,0.2410,1.1782,-0.7312,304.5866,87.9027,312.8257,
211001091800,194.5091,0.2459,1.1808,-0.7321,303.8754,88.1285,312.9172,
211014780800,194.5228,0.2499,1.1844,-0.7315,303.8669,87.5662,313.3752,
211028306200,194.5363,0.2538,1.1875,-0.7317,303.7938,87.1688,313.7943,
211042278400,194.5503,0.2578,1.1903,-0.7324,303.6408,86.8426,314.2703,
211056482200,194.5645,0.2615,1.1950,-0.7302,303.2437,85.0508,315.9868,
211070210500,194.5782,0.2653,1.1991,-0.7291,302.7592,83.3726,317.7736,
211086171100,194.5941,0.2677,1.2041,-0.7252,302.6047,81.5719,319.0178,
211099554400,194.6075,0.2722,1.2099,-0.7224,302.3575,80.3192,320.0514,
211113339400,194.6215,0.2722,1.2099,-0.7224,302.3359,80.2063,320.1448,
211126870800,194.6348,0.2743,1.2134,-0.7168,302.2953,79.4257,320.9508,
211140519200,194.6485,0.2767,1.2167,-0.7129,302.2244,78.8469,321.6076,
211153946000,194.6621,0.2761,1.2166,-0.7106,302.9417,78.8516,321.8069,
211167882900,194.6759,0.2763,1.2171,-0.7089,303.8632,78.8859,322.1084,
211181514400,194.6894,0.2760,1.2166,-0.7080,304.4383,78.7693,322.8836,
211195371800,194.7035,0.2760,1.2165,-0.7071,304.9343,78.6937,323.6110,
211209399300,194.7173,0.2756,1.2159,-0.7072,305.0950,78.7475,324.3636,
211223224500,194.7311,0.2753,1.2155,-0.7071,305.2311,78.8107,325.0886,
211237058000,194.7450,0.2751,1.2152,-0.7071,305.3477,78.8808,325.7900,
211250801200,194.7589,0.2743,1.2141,-0.7075,304.8074,79.4369,325.9551,
211264677700,194.7726,0.2737,1.2132,-0.7079,304.2755,79.9954,326.1660,
211278751100,194.7867,0.2730,1.2123,-0.7084,303.8145,80.5880,325.6812,
211292447300,194.8005,0.2727,1.2117,-0.7087,303.3808,81.1634,325.2547,
211306612300,194.8146,0.2725,1.2113,-0.7089,302.9545,81.7452,324.8598,
211320882800,194.8288,0.2722,1.2111,-0.7092,302.1606,82.7370,324.0452,
211334026800,194.8421,0.2720,1.2109,-0.7094,301.3911,83.7535,323.2446,
211348250100,194.8561,0.2716,1.2111,-0.7095,300.3249,84.0444,322.8126,
211362364500,194.8703,0.2712,1.2115,-0.7096,299.3466,84.3765,322.3987,
211375868700,194.8840,0.2708,1.2119,-0.7096,298.4642,84.7323,322.0073,
211389972800,194.8979,0.2705,1.2123,-0.7097,297.9120,85.1822,321.6158,
211404261000,194.9122,0.2703,1.2126,-0.7098,297.3953,85.6171,321.2491,
211417967900,194.9259,0.2702,1.2128,-0.7098,297.0799,85.6294,321.1377,
211431864300,194.9399,0.2702,1.2131,-0.7098,296.7619,85.6731,321.0175,
211445744200,194.9537,0.2701,1.2134,-0.7098,296.4162,85.7459,320.8797,
211460012000,194.9679,0.2700,1.2135,-0.7099,296.3039,85.6747,320.9625,
211473739800,194.9819,0.2699,1.2137,-0.7100,296.1925,85.6264,321.0241,
211487396400,194.9953,0.2698,1.2138,-0.7101,296.1590,85.6389,321.0177,
211501338100,195.0093,0.2697,1.2139,-0.7102,296.1259,85.6538,321.0092,
211515193200,195.0233,0.2697,1.2141,-0.7103,296.1302,85.6386,321.0222,
211529269100,195.0372,0.2696,1.2143,-0.7103,296.1320,85.6250,321.0343,
211543076200,195.0511,0.2697,1.2144,-0.7103,296.1451,85.6337,321.0409,
211557196800,195.0652,0.2698,1.2145,-0.7103,296.1572,85.6460,321.0461,
211570941500,195.0790,0.2699,1.2146,-0.7103,296.1684,85.6616,321.0500,
211584916400,195.0929,0.2702,1.2147,-0.7102,296.1496,85.6923,321.0454,
211598776600,195.1067,0.2705,1.2149,-0.7100,296.1273,85.7273,321.0390,
211612772700,195.1209,0.2717,1.2155,-0.7094,296.0914,85.7206,321.0674,
211626805000,195.1347,0.2731,1.2161,-0.7086,296.0475,85.7127,321.1006,
211640698900,195.1487,0.2744,1.2167,-0.7079,295.9778,85.7004,321.1513,
211654524400,195.1627,0.2752,1.2171,-0.7072,295.9268,85.7024,321.1677,
211668729400,195.1767,0.2760,1.2175,-0.7066,295.8723,85.7048,321.1837,
211682801800,195.1908,0.2767,1.2182,-0.7042,295.8310,85.7420,321.0890,
211696053900,195.2042,0.2774,1.2188,-0.7018,295.7534,85.8152,320.9018,
211710191900,195.2182,0.2789,1.2201,-0.6959,295.6201,85.3832,320.8001,
211724324200,195.2323,0.2801,1.2211,-0.6913,295.4590,84.8251,320.6789,
211738194600,195.2461,0.2811,1.2219,-0.6877,295.3025,84.2466,320.5634,
211751686300,195.2598,0.2827,1.2238,-0.6831,294.6407,83.5153,320.3527,
211765737300,195.2737,0.2840,1.2252,-0.6793,294.0399,82.8143,320.1760,
211779679600,195.2877,0.2865,1.2287,-0.6780,292.9729,82.1258,320.8209,
211793565900,195.3016,0.2886,1.2315,-0.6765,291.9941,81.4088,321.4613,
211807721400,195.3157,0.2903,1.2338,-0.6750,291.1137,80.6856,322.0851,
211821669900,195.3297,0.2933,1.2373,-0.6770,290.6257,82.4695,320.7501,
211835565300,195.3437,0.2959,1.2403,-0.6781,290.1160,84.2288,319.4027,
211849669500,195.3576,0.3010,1.2413,-0.6816,290.1295,86.3763,318.1223,
211863256300,195.3713,0.3051,1.2424,-0.6840,290.1085,88.4220,316.8912,
211877251500,195.3852,0.3122,1.2402,-0.6853,290.9282,92.5655,314.1275,
211890964500,195.3991,0.3178,1.2390,-0.6860,291.6441,96.0001,311.8984,
211905088500,195.4130,0.3224,1.2384,-0.6865,292.2219,98.7049,310.1805,
211919170400,195.4271,0.3312,1.2340,-0.6878,293.8938,99.1617,310.1953,
211933077800,195.4412,0.3383,1.2310,-0.6886,295.3003,99.7455,310.0892,
211946906700,195.4549,0.3445,1.2289,-0.6892,296.4771,100.3790,309.9207,
211961261800,195.4691,0.3534,1.2229,-0.6912,298.0691,99.4561,311.8571,
211974942200,195.4831,0.3610,1.2185,-0.6927,299.4659,99.0201,313.2075,
211988773500,195.4968,0.3640,1.2173,-0.6942,301.3008,95.2443,317.0993,
212002344000,195.5104,0.3673,1.2162,-0.6954,302.9606,92.7833,319.7793,
212016586000,195.5245,0.3682,1.2163,-0.6948,303.3631,90.0109,322.9940,
212030381300,195.5385,0.3696,1.2163,-0.6944,303.9093,87.9855,325.4478,
212044528300,195.5525,0.3683,1.2168,-0.6940,303.7074,87.8212,325.8600,
212058777700,195.5668,0.3656,1.2182,-0.6930,303.6416,87.6717,326.2191,
212072186200,195.5802,0.3636,1.2192,-0.6921,303.6387,87.5046,326.6126,
212086130000,195.5941,0.3535,1.2230,-0.6898,303.2248,87.2122,326.7223,
212100137800,195.6081,0.3468,1.2255,-0.6882,302.6814,86.7480,326.9571,
212114115300,195.6223,0.3410,1.2261,-0.6869,302.2616,86.8573,326.4978,
212128199100,195.6362,0.3371,1.2265,-0.6859,301.9015,86.9452,326.1004,
212142137900,195.6501,0.3346,1.2268,-0.6852,301.6099,87.0096,325.7767,
212155583300,195.6637,0.3331,1.2267,-0.6843,300.8685,86.5688,325.3532,
212169578900,195.6776,0.3320,1.2267,-0.6837,300.1958,86.1289,324.9932,
212183714300,195.6917,0.3294,1.2271,-0.6807,298.7157,84.5895,324.7812,
212197722500,195.7057,0.3269,1.2275,-0.6780,297.5193,83.2478,324.6959,
212211345800,195.7195,0.3245,1.2291,-0.6703,296.1725,81.4792,325.2754,
212225349800,195.7334,0.3225,1.2303,-0.6644,295.1134,79.9628,325.8259,
212239558900,195.7475,0.3207,1.2312,-0.6599,294.2431,78.6197,326.3516,
212252935000,195.7611,0.3172,1.2349,-0.6500,292.7813,76.3499,326.8145,
212267253200,195.7753,0.3143,1.2376,-0.6424,291.5247,74.2082,327.4179,
212281063100,195.7891,0.3144,1.2432,-0.6311,290.5460,68.1442,329.5359,
212294906500,195.8030,0.3140,1.2475,-0.6221,289.7304,63.1764,331.5052,
212308926400,195.8170,0.3133,1.2511,-0.6144,289.0516,59.0577,333.3094,
212323467600,195.8315,0.3153,1.2571,-0.6038,289.7328,54.5079,335.3805,
212336861500,195.8448,0.3164,1.2619,-0.5948,290.0878,50.6309,337.1017,
212350400000,195.8585,0.3213,1.2656,-0.5821,290.0442,48.7314,338.5049,
212364469500,195.8725,0.3246,1.2689,-0.5713,289.9717,46.7299,339.8365,
212378770400,195.8868,0.3301,1.2707,-0.5602,289.9697,46.9599,339.6953,
212392521100,195.9007,0.3342,1.2727,-0.5502,289.9625,47.1477,339.5734,
212406667600,195.9146,0.3373,1.2749,-0.5409,289.9435,47.3773,339.4120,
212420453400,195.9285,0.3439,1.2728,-0.5315,290.9782,49.3159,338.1783,
212433938500,195.9421,0.3490,1.2720,-0.5226,292.1151,50.9578,337.1441,
212448069500,195.9561,0.3609,1.2640,-0.5153,296.3745,49.6434,339.8448,
212462127100,195.9700,0.3701,1.2588,-0.5078,299.5865,48.7543,341.5939,
212475891700,195.9840,0.3776,1.2552,-0.5002,301.8876,48.0739,342.7438,
212489940900,195.9979,0.3820,1.2505,-0.4954,302.1303,44.2593,346.8105,
212503824700,196.0118,0.3863,1.2470,-0.4897,302.6941,41.1856,350.0528,
212517823400,196.0258,0.3872,1.2432,-0.4859,301.5666,40.4040,350.9317,
212531636600,196.0398,0.3890,1.2402,-0.4811,300.6293,39.4000,352.0213,
212545624500,196.0536,0.3919,1.2364,-0.4798,299.1100,39.3940,352.5047,
212559602700,196.0676,0.3950,1.2333,-0.4770,297.9106,39.1764,353.1310,
212573293000,196.0814,0.3983,1.2305,-0.4732,297.0380,38.8192,353.8145,
212587432200,196.0954,0.4031,1.2278,-0.4733,297.8492,41.1559,352.2000,
212601300500,196.1093,0.4076,1.2253,-0.4718,299.0825,44.1874,350.2323,
212615134600,196.1233,0.4107,1.2223,-0.4730,303.3007,48.5301,347.7087,
212629807200,196.1377,0.4140,1.2195,-0.4727,306.4412,51.1334,346.4989,
212643530900,196.1516,0.4174,1.2169,-0.4714,308.6998,52.7510,345.9193,
212657103100,196.1651,0.4180,1.2158,-0.4732,311.5409,52.8430,345.6151,
212670776100,196.1789,0.4191,1.2146,-0.4740,313.8366,53.0694,345.4139,
212685025800,196.1929,0.4176,1.2147,-0.4766,314.9809,53.1594,345.2207,
212698786900,196.2067,0.4166,1.2144,-0.4788,316.1276,53.3274,345.0755,
212712889700,196.2210,0.4149,1.2148,-0.4811,316.5566,53.6203,344.4670,
212726704700,196.2346,0.4140,1.2148,-0.4825,317.1294,53.9243,343.9450,
212740894700,196.2488,0.4137,1.2146,-0.4832,317.8697,54.2613,343.4433,
212754296200,196.2624,0.4126,1.2148,-0.4847,318.2253,54.4052,343.2971,
212768663200,196.2766,0.4119,1.2147,-0.4858,318.6798,54.5742,343.1485,
212782226300,196.2902,0.4103,1.2158,-0.4860,318.6250,54.6309,343.0936,
212796370300,196.3043,0.4091,1.2166,-0.4861,318.6019,54.6808,343.0484,
212809918400,196.3180,0.4082,1.2172,-0.4861,318.5923,54.7521,342.9866,
212823992900,196.3320,0.4074,1.2179,-0.4855,318.4406,54.7828,343.0809,
212838098400,196.3461,0.4067,1.2185,-0.4850,318.2074,54.8492,343.2523,
212851900200,196.3600,0.4071,1.2183,-0.4841,318.1335,55.0013,343.3603,
212865819200,196.3738,0.4079,1.2179,-0.4827,318.0970,55.1633,343.4659,
212879818500,196.3878,0.4092,1.2167,-0.4802,318.0835,55.1244,343.7063,
212893355800,196.4015,0.4105,1.2156,-0.4777,318.0974,55.0876,343.9547,
212907783100,196.4157,0.4117,1.2146,-0.4756,318.1382,55.0521,344.2166,
212921663200,196.4296,0.4121,1.2144,-0.4743,318.0663,54.9679,344.4020,
212935448800,196.4435,0.4125,1.2142,-0.4733,318.0125,54.8887,344.5794,
212949480500,196.4574,0.4132,1.2142,-0.4715,317.7902,54.8001,344.7944,
212963337900,196.4713,0.4139,1.2141,-0.4698,317.5504,54.6995,345.0401,
212977192200,196.4852,0.4154,1.2142,-0.4681,317.2530,54.7612,345.5254,
212991370600,196.4995,0.4167,1.2143,-0.4665,316.9591,54.8298,346.0350,
213005455300,196.5135,0.4180,1.2143,-0.4650,316.6964,54.8984,346.5185,
213019128600,196.5271,0.4218,1.2153,-0.4619,316.6960,55.4765,346.3522,
213032815000,196.5409,0.4251,1.2161,-0.4591,316.7032,56.0533,346.1946,
213047196100,196.5552,0.4292,1.2171,-0.4553,317.0466,56.5040,346.1339,
213060887500,196.5689,0.4325,1.2178,-0.4522,317.4109,56.9778,346.0800,
213075011400,196.5830,0.4352,1.2184,-0.4497,317.7783,57.4513,346.0354,
213088709700,196.5967,0.4368,1.2182,-0.4478,318.7372,57.4805,345.8787,
213102593400,196.6105,0.4384,1.2181,-0.4461,319.7426,57.5271,345.7236,
213116546000,196.6245,0.4381,1.2183,-0.4459,319.7066,57.4658,345.7639,
213132392700,196.6404,0.4380,1.2184,-0.4457,319.6975,57.4450,345.7791,
213144979200,196.6529,0.4379,1.2186,-0.4453,319.6916,57.4243,345.7957,
213157965500,196.6659,0.4377,1.2184,-0.4453,318.9999,56.4185,347.5479,
213172320200,196.6804,0.4374,1.2181,-0.4452,318.1917,55.1180,349.7958,
213186266400,196.6942,0.4372,1.2179,-0.4453,318.2837,55.1707,350.6699,
213199771100,196.7077,0.4370,1.2177,-0.4454,318.3561,55.1970,351.4117,
213213701500,196.7218,0.4370,1.2176,-0.4460,318.2497,55.6229,351.9420,
213228229000,196.7362,0.4372,1.2174,-0.4468,318.1520,55.9955,352.4733,
213241862900,196.7498,0.4374,1.2173,-0.4475,318.0625,56.3209,352.9961,
213255468800,196.7636,0.4371,1.2175,-0.4494,317.9018,56.5241,352.7541,
213269649000,196.7776,0.4369,1.2178,-0.4512,317.7654,56.6994,352.5721,
213283541700,196.7915,0.4363,1.2186,-0.4528,317.4501,56.8853,352.0994,
213297269200,196.8052,0.4358,1.2192,-0.4542,317.0533,57.1273,351.5328,
213311176900,196.8193,0.4342,1.2203,-0.4569,315.9229,57.0321,350.5831,
213325240200,196.8332,0.4329,1.2213,-0.4592,314.8528,56.9643,349.7158,
213339515100,196.8475,0.4319,1.2222,-0.4610,313.9461,56.9234,349.0076,
213353236700,196.8613,0.4304,1.2229,-0.4627,312.5439,56.7429,347.7259,
213367122800,196.8751,0.4292,1.2236,-0.4641,311.3542,56.6288,346.6583,
213381279000,196.8893,0.4288,1.2230,-0.4651,310.8729,57.3938,344.6276,
213394816400,196.9030,0.4284,1.2225,-0.4660,310.4088,58.0209,342.9406,
213409231400,196.9171,0.4280,1.2222,-0.4669,309.9597,58.5582,341.4851,
213423126800,196.9312,0.4268,1.2213,-0.4675,309.6544,57.8696,341.7562,
213436902700,196.9449,0.4255,1.2204,-0.4683,309.3387,57.3152,341.8885,
213450922500,196.9591,0.4218,1.2191,-0.4686,309.2967,55.9892,342.6081,
213465187100,196.9731,0.4186,1.2179,-0.4691,309.2021,54.6536,343.2537,
213479036600,196.9871,0.4119,1.2165,-0.4710,308.9214,52.5357,344.5534,
213492541400,197.0007,0.4068,1.2154,-0.4726,308.6389,50.6292,345.6581,
213506724700,197.0148,0.4030,1.2146,-0.4739,308.3671,48.9769,346.5639,
213520453700,197.0284,0.3869,1.2151,-0.4806,305.9017,43.2804,349.1072,
213534250700,197.0424,0.3748,1.2153,-0.4856,304.1302,38.5563,351.4037,
213548406400,197.0564,0.3507,1.2143,-0.4988,299.7413,31.4870,353.9221,
213562210500,197.0702,0.3321,1.2136,-0.5089,297.0320,25.7941,356.6111,
213575843600,197.0839,0.3170,1.2129,-0.5169,295.2110,20.9696,359.2414,
213589654900,197.0976,0.2986,1.2041,-0.5256,294.7232,20.4713,355.8088,
213604197400,197.1122,0.2830,1.1976,-0.5330,294.0042,18.9460,354.2245,
213618175500,197.1262,0.2637,1.1864,-0.5382,294.6356,18.4547,350.6806,
213631629800,197.1397,0.2470,1.1779,-0.5434,294.7012,17.1367,348.7126,
213645957100,197.1540,0.2277,1.1665,-0.5515,298.4480,21.0406,342.3088,
213659637000,197.1677,0.2106,1.1573,-0.5587,300.8286,22.3301,338.5750,
213673812800,197.1820,0.1949,1.1496,-0.5654,302.3198,22.5346,336.0783,
213688060700,197.1960,0.1756,1.1383,-0.5754,307.8117,23.9978,332.4139,
213701389100,197.2095,0.1580,1.1287,-0.5842,311.3051,24.2040,330.0374,
213715515700,197.2237,0.1511,1.1146,-0.5926,318.1152,21.6381,331.3658,
213729489400,197.2375,0.1421,1.1027,-0.6004,322.2733,20.1650,331.4234,
213743167100,197.2511,0.1320,1.0922,-0.6079,325.1320,19.0988,331.0443,
213757199000,197.2652,0.1377,1.0750,-0.6090,328.5948,16.2145,331.4272,
213770981400,197.2792,0.1382,1.0605,-0.6118,331.2704,14.2610,331.2661,
213785044800,197.2931,0.1437,1.0457,-0.6114,336.2336,14.6073,330.7254,
213798837900,197.3069,0.1448,1.0325,-0.6128,339.8607,14.4797,330.1956,
213812947900,197.3212,0.1542,1.0209,-0.6136,344.3682,18.0925,329.0041,
213826685300,197.3347,0.1589,1.0097,-0.6155,347.8340,20.0049,328.2602,
213840815000,197.3489,0.1608,0.9989,-0.6181,350.6668,21.0615,327.7060,
213854291900,197.3624,0.1637,0.9971,-0.6210,354.3328,23.7641,326.6847,
213868246700,197.3763,0.1646,0.9929,-0.6243,357.3408,25.4179,326.0198,
213882961500,197.3910,0.1634,0.9917,-0.6262,0.6274,28.1020,321.5236,
213896312000,197.4043,0.1618,0.9886,-0.6287,3.3662,29.6588,318.8129,
213910183400,197.4183,0.1614,0.9888,-0.6284,8.3987,31.0374,316.9148,
213924468100,197.4325,0.1609,0.9883,-0.6284,11.8997,31.8750,315.6529,
213938059200,197.4461,0.1596,0.9863,-0.6291,14.6383,32.4629,314.6900,
213952316000,197.4605,0.1600,0.9894,-0.6290,18.5850,30.6703,312.8870,
213966086300,197.4741,0.1603,0.9935,-0.6295,21.7037,29.5255,311.4017,
213980258800,197.4883,0.1629,1.0045,-0.6278,24.1488,27.0540,311.2729,
213993888700,197.5021,0.1643,1.0114,-0.6272,26.4529,25.2768,310.8111,
214007737200,197.5158,0.1651,1.0156,-0.6272,28.6607,23.8577,310.1551,
214021739700,197.5297,0.1662,1.0170,-0.6249,28.0419,22.7381,309.2798,
214035368200,197.5435,0.1668,1.0176,-0.6238,27.9379,21.7098,308.4258,
214049560600,197.5576,0.1665,1.0160,-0.6229,27.8855,21.8519,308.4573,
214063482200,197.5715,0.1659,1.0133,-0.6216,27.8207,22.3312,308.5045,
214077422500,197.5853,0.1645,1.0033,-0.6172,28.3019,23.8118,307.9779,
214091187900,197.5994,0.1635,0.9958,-0.6142,29.0840,25.1410,307.3134,
214105113500,197.6131,0.1626,0.9899,-0.6120,30.0085,26.1344,306.6319,
214119530400,197.6276,0.1631,0.9846,-0.6083,29.7994,26.6499,307.2507,
214135060500,197.6430,0.1633,0.9801,-0.6055,29.7578,27.0231,307.6452,
214147509700,197.6555,0.1639,0.9803,-0.6052,28.8667,27.6130,308.2115,
214161156600,197.6692,0.1643,0.9800,-0.6050,28.0617,28.2118,308.7199,
214174736500,197.6829,0.1645,0.9796,-0.6047,27.4672,28.7223,309.0965,
214188672300,197.6966,0.1651,0.9786,-0.6044,26.5797,28.8058,309.3817,
214202608300,197.7106,0.1657,0.9772,-0.6040,25.8834,28.8921,309.5951,
214216588300,197.7246,0.1659,0.9770,-0.6042,24.9678,28.9229,309.8101,
214230075700,197.7383,0.1661,0.9768,-0.6042,24.2088,28.9636,309.9780,
214244436600,197.7524,0.1660,0.9768,-0.6043,23.7329,28.7812,309.9758,
214258091800,197.7661,0.1659,0.9767,-0.6043,23.3431,28.6408,309.9690,
214272135900,197.7803,0.1658,0.9766,-0.6043,23.0029,28.5253,309.9590,
214286259800,197.7943,0.1656,0.9769,-0.6043,22.8396,28.2382,309.5964,
214300285900,197.8082,0.1654,0.9772,-0.6043,22.6558,27.9325,309.2020,
214313929200,197.8221,0.1653,0.9780,-0.6047,22.5867,27.7293,308.9356,
214327985900,197.8360,0.1653,0.9787,-0.6050,22.5176,27.5404,308.6829,
214342015200,197.8501,0.1652,0.9793,-0.6054,22.4458,27.3563,308.4320,
214355895400,197.8640,0.1651,0.9802,-0.6057,22.4408,26.8334,307.8261,
214370054100,197.8781,0.1650,0.9809,-0.6060,22.4255,26.2779,307.1772,
214383749900,197.8918,0.1650,0.9809,-0.6066,22.1159,25.6154,306.9588,
214397530800,197.9056,0.1649,0.9809,-0.6070,21.8118,24.9744,306.7420,
214411448800,197.9196,0.1650,0.9805,-0.6079,20.7115,23.6160,306.2239,
214425715400,197.9338,0.1651,0.9801,-0.6088,19.6896,22.3796,305.7646,
214439601200,197.9477,0.1652,0.9797,-0.6097,18.8193,21.3442,305.3884,
214453172400,197.9613,0.1649,0.9796,-0.6105,16.6580,20.9096,305.2018,
214467565800,197.9755,0.1646,0.9796,-0.6113,14.8275,20.4725,305.0288,
214481289600,197.9893,0.1641,0.9799,-0.6115,12.8868,20.9075,305.6425,
214494955300,198.0031,0.1635,0.9801,-0.6118,11.2299,21.1401,306.0741,
214508990800,198.0170,0.1627,0.9809,-0.6116,10.4305,21.7462,307.8862,
214523063200,198.0310,0.1617,0.9818,-0.6113,9.5748,22.1714,309.3745,
214536733900,198.0448,0.1608,0.9826,-0.6111,8.7129,22.4585,310.5963,
214550760400,198.0590,0.1604,0.9838,-0.6102,9.9167,22.2779,314.0389,
214564764900,198.0728,0.1601,0.9850,-0.6094,10.6547,22.1648,316.9003,
214578618300,198.0866,0.1600,0.9864,-0.6084,12.6488,21.2422,319.7137,
214592728400,198.1009,0.1599,0.9877,-0.6075,13.9377,20.6425,321.9372,
214606480600,198.1145,0.1598,0.9889,-0.6067,14.8078,20.2221,323.7773,
214620326700,198.1284,0.1600,0.9898,-0.6060,15.6338,20.1319,323.7170,
214634197300,198.1423,0.1602,0.9906,-0.6054,16.2680,20.0303,323.9106,
214648391200,198.1564,0.1603,0.9920,-0.6047,16.2880,20.0995,323.7646,
214662154100,198.1702,0.1604,0.9933,-0.6041,16.3088,20.1339,323.7162,
214675955500,198.1841,0.1606,0.9953,-0.6045,15.9150,20.4337,323.3994,
214689920100,198.1979,0.1608,0.9973,-0.6049,15.3518,20.8643,323.0448,
214703840000,198.2119,0.1609,0.9991,-0.6051,14.8191,21.2717,322.8039,
214717651500,198.2257,0.1607,0.9993,-0.6051,13.0832,22.2550,321.9019,
214732060100,198.2402,0.1605,0.9995,-0.6050,11.6431,23.0834,321.2494,
214746013100,198.2540,0.1603,0.9994,-0.6051,9.8179,24.6843,320.9009,
214759958600,198.2680,0.1601,0.9993,-0.6051,8.3928,25.9107,320.6676,
214773315000,198.2815,0.1599,0.9992,-0.6052,7.2530,26.8717,320.5138,
214788323300,198.2964,0.1597,0.9989,-0.6053,6.7565,27.4687,320.2670,
214801818800,198.3098,0.1595,0.9984,-0.6055,6.2678,28.0074,320.0852,
214815376900,198.3236,0.1590,0.9979,-0.6056,5.6713,28.4766,320.3853,
214829181900,198.3372,0.1585,0.9975,-0.6058,5.0248,28.9800,320.6577,
214843151600,198.3512,0.1579,0.9971,-0.6059,4.3294,29.5164,320.9084,
214857182300,198.3652,0.1573,0.9965,-0.6061,4.1830,29.6682,321.1203,
214870794500,198.3790,0.1566,0.9959,-0.6063,4.0053,29.8361,321.2999,
214884696500,198.3927,0.1560,0.9956,-0.6064,3.8583,29.9513,321.4775,
214898899800,198.4070,0.1554,0.9954,-0.6065,3.6647,30.1013,321.6658,
214912735800,198.4208,0.1551,0.9951,-0.6065,3.6124,30.1649,321.8299,
214926771400,198.4348,0.1549,0.9949,-0.6065,3.5358,30.2470,321.9973,
214941066200,198.4491,0.1546,0.9947,-0.6066,3.4291,30.3537,322.1827,
214954213200,198.4624,0.1546,0.9947,-0.6066,3.4413,30.4953,322.3200,
214968680500,198.4767,0.1545,0.9947,-0.6067,3.4377,30.6597,322.4689,
214982384100,198.4904,0.1544,0.9948,-0.6068,3.4290,30.8318,322.7187,
214996355300,198.5044,0.1542,0.9950,-0.6068,3.4026,31.0307,322.9926,
215010096500,198.5183,0.1541,0.9952,-0.6069,3.3594,31.2470,323.2777,
215024204500,198.5322,0.1537,0.9957,-0.6071,3.3934,31.4909,323.4594,
215038423600,198.5465,0.1533,0.9963,-0.6073,3.4147,31.7371,323.6391,
215051990100,198.5602,0.1527,0.9973,-0.6078,3.4529,32.1582,323.8069,
215065973900,198.5740,0.1521,0.9982,-0.6083,3.4809,32.6055,323.9842,
215080115300,198.5881,0.1518,0.9995,-0.6089,3.4703,32.8448,323.9630,
215093650400,198.6018,0.1516,1.0007,-0.6094,3.4554,33.0638,323.9453,
215107621500,198.6157,0.1515,1.0023,-0.6100,3.4319,33.2330,323.8334,
215121304400,198.6294,0.1514,1.0037,-0.6104,3.4032,33.4161,323.7142,
215135476400,198.6436,0.1513,1.0049,-0.6109,3.3690,33.6163,323.5855,
215149501900,198.6575,0.1513,1.0050,-0.6110,3.3173,33.6499,323.5151,
215163644200,198.6717,0.1513,1.0050,-0.6111,3.2714,33.6795,323.4547,
215177347900,198.6853,0.1513,1.0050,-0.6112,3.2836,33.7309,323.3913,
215191184900,198.6993,0.1513,1.0050,-0.6113,3.2980,33.7916,323.3176,
215205164600,198.7132,0.1513,1.0050,-0.6115,3.3151,33.8635,323.2318,
215219125600,198.7272,0.1513,1.0051,-0.6116,3.3258,33.8672,323.2088,
215232886900,198.7411,0.1512,1.0052,-0.6117,3.3373,33.8709,323.1848,
215247095700,198.7551,0.1512,1.0053,-0.6118,3.3539,33.8888,323.1390,
215260994300,198.7690,0.1511,1.0055,-0.6119,3.3788,33.9156,323.0710,
215274678300,198.7829,0.1511,1.0059,-0.6121,3.4097,33.8800,323.0107,
215288580500,198.7966,0.1511,1.0064,-0.6123,3.4492,33.8314,322.9350,
215302711900,198.8107,0.1511,1.0070,-0.6125,3.4975,33.7686,322.8438,
215316419000,198.8245,0.1512,1.0073,-0.6126,3.6072,33.6705,322.5587,
215330402800,198.8386,0.1514,1.0077,-0.6127,3.7345,33.5516,322.2257,
215344450400,198.8525,0.1516,1.0080,-0.6129,3.8632,33.4266,321.8871,
215358564600,198.8665,0.1518,1.0082,-0.6129,4.3048,33.0742,321.0494,
215372112600,198.8803,0.1521,1.0084,-0.6129,4.7309,32.7196,320.2295,
215386112200,198.8941,0.1526,1.0087,-0.6131,6.0682,31.7149,318.8353,
215400044000,198.9080,0.1533,1.0090,-0.6132,7.1757,30.8350,317.6302,
215413920700,198.9220,0.1537,1.0088,-0.6136,9.4977,29.7677,315.4830,
215428016000,198.9361,0.1541,1.0087,-0.6140,11.2425,28.8558,313.7794,
215441826000,198.9499,0.1546,1.0085,-0.6144,12.5678,28.0887,312.4217,
215455628800,198.9638,0.1552,1.0078,-0.6156,14.0722,27.4066,311.1118,
215469699100,198.9777,0.1557,1.0070,-0.6168,15.3401,26.7489,309.9286,
215483749000,198.9918,0.1565,1.0034,-0.6177,18.3357,25.8495,310.0118,
215497503200,199.0055,0.1571,1.0000,-0.6185,20.8540,24.9835,309.7832,
215511804100,199.0200,0.1591,0.9917,-0.6165,24.6847,26.0564,311.4778,
215525371800,199.0333,0.1605,0.9855,-0.6151,27.7294,26.7085,312.5242,
215539248800,199.0473,0.1616,0.9807,-0.6141,30.2162,27.0744,313.1471,
215553159200,199.0613,0.1622,0.9782,-0.6103,31.7919,27.6293,315.0853,
215567206800,199.0753,0.1627,0.9758,-0.6076,33.3948,28.0438,316.4928,
215581130800,199.0891,0.1626,0.9735,-0.6038,33.5771,28.7918,318.0078,
215595123300,199.1033,0.1627,0.9712,-0.6007,34.0567,29.3977,319.2628,
215609211100,199.1172,0.1629,0.9728,-0.6006,33.4647,29.5886,319.4074,
215623271200,199.1313,0.1631,0.9743,-0.6003,33.0228,29.7953,319.6019,
215637468200,199.1454,0.1634,0.9757,-0.5999,32.7091,30.0150,319.8382,
215651197700,199.1594,0.1637,0.9784,-0.6014,31.6102,30.6462,319.2509,
215665066100,199.1731,0.1641,0.9806,-0.6026,30.6714,31.3138,318.7214,
215678882400,199.1870,0.1635,0.9836,-0.6040,29.1337,31.3634,316.8899,
215692893100,199.2010,0.1632,0.9857,-0.6051,28.0309,31.4830,315.4967,
215706981900,199.2150,0.1629,0.9873,-0.6058,27.2743,31.6251,314.4655,
215720880300,199.2289,0.1627,0.9862,-0.6055,27.2106,31.6155,314.1599,
215734583700,199.2428,0.1620,0.9819,-0.6046,27.1648,31.6266,313.9221,
215748720800,199.2567,0.1613,0.9810,-0.6051,27.0859,31.8696,313.0793,
215762552600,199.2706,0.1607,0.9803,-0.6054,27.0031,32.1440,312.1596,
215776018200,199.2842,0.1603,0.9798,-0.6057,26.9263,32.4180,311.2676,
215789955900,199.2980,0.1593,0.9786,-0.6052,27.1254,32.6614,310.3236,
215804331100,199.3123,0.1583,0.9775,-0.6048,27.2921,32.8945,309.4419,
215817692700,199.3257,0.1572,0.9759,-0.6044,27.4674,32.9649,308.7088,
215831949200,199.3401,0.1561,0.9745,-0.6040,27.6173,33.0470,308.0133,
215845809400,199.3539,0.1557,0.9728,-0.6030,27.8434,33.4266,307.1047,
215859598900,199.3676,0.1553,0.9713,-0.6022,28.0585,33.7914,306.1987,
215873899000,199.3821,0.1549,0.9699,-0.6014,28.2574,34.1303,305.3298,
215887514800,199.3955,0.1542,0.9680,-0.5989,28.4121,34.2222,305.3172,
215901611600,199.4096,0.1536,0.9662,-0.5966,28.5232,34.2986,305.2663,
215915318100,199.4234,0.1531,0.9645,-0.5947,28.6320,34.3812,305.1847,
215929337700,199.4374,0.1528,0.9643,-0.5946,28.6764,34.3771,305.2054,
215943405000,199.4514,0.1526,0.9641,-0.5944,28.7194,34.3766,305.2153,
215957760200,199.4658,0.1524,0.9637,-0.5941,28.8421,34.3729,305.3219,
215971179200,199.4793,0.1522,0.9631,-0.5937,29.0214,34.3753,305.4550,
215985388200,199.4934,0.1520,0.9629,-0.5937,29.0808,34.3768,305.4711,
215999479400,199.5075,0.1517,0.9627,-0.5936,29.1215,34.3802,305.4746,
216013124900,199.5213,0.1516,0.9624,-0.5934,29.1426,34.3918,305.4793,
216027107300,199.5351,0.1514,0.9620,-0.5930,29.1647,34.4058,305.4796,
216040923800,199.5490,0.1512,0.9614,-0.5926,29.1876,34.4222,305.4757,
216054667100,199.5628,0.1506,0.9599,-0.5916,29.1856,34.4558,305.4930,
216068775300,199.5768,0.1499,0.9583,-0.5906,29.1821,34.4930,305.5087,
216082875500,199.5908,0.1496,0.9577,-0.5898,29.1393,34.5211,305.5635,
216096763600,199.6048,0.1493,0.9572,-0.5891,29.0404,34.5836,305.6817,
216110621900,199.6188,0.1485,0.9562,-0.5880,28.8592,34.5471,305.7889,
216124269200,199.6323,0.1477,0.9552,-0.5869,28.6293,34.4959,305.9134,
216138242400,199.6462,0.1469,0.9542,-0.5858,28.3746,34.4346,306.0403,
216151974300,199.6601,0.1469,0.9541,-0.5859,28.2585,34.6006,306.1248,
216166343400,199.6743,0.1469,0.9540,-0.5860,28.1374,34.7713,306.2060,
216180447100,199.6884,0.1467,0.9537,-0.5860,27.9255,34.7510,306.3134,
216193896700,199.7019,0.1464,0.9533,-0.5859,27.6807,34.7220,306.4312,
216208084900,199.7161,0.1464,0.9533,-0.5860,27.5770,34.7562,306.5327,
216221410300,199.7294,0.1464,0.9533,-0.5862,27.4870,34.7845,306.6191,
216235464200,199.7436,0.1464,0.9533,-0.5863,27.4015,34.8102,306.6996,
216249881100,199.7578,0.1463,0.9532,-0.5863,27.3159,34.8348,306.7788,
216263634500,199.7715,0.1463,0.9530,-0.5860,27.2586,34.7943,306.8500,
216277944700,199.7859,0.1461,0.9523,-0.5850,27.1963,34.7478,306.9269,
216291169200,199.7993,0.1463,0.9517,-0.5848,27.1810,34.7472,306.9407,
216305331000,199.8132,0.1464,0.9512,-0.5847,27.1654,34.7465,306.9543,
216319471800,199.8275,0.1466,0.9505,-0.5845,27.1506,34.7750,306.9473,
216332873000,199.8410,0.1467,0.9498,-0.5844,27.1356,34.8061,306.9382,
216347067500,199.8551,0.1466,0.9491,-0.5845,27.0874,34.8702,306.9608,
216361126300,199.8690,0.1466,0.9484,-0.5847,27.0033,34.9835,306.9996,
216374654900,199.8828,0.1466,0.9477,-0.5849,26.8971,35.1280,307.0478,
216388868000,199.8969,0.1465,0.9473,-0.5851,26.8636,35.2756,307.0547,
216402747700,199.9107,0.1464,0.9469,-0.5852,26.8309,35.4311,307.0602,
216416512400,199.9244,0.1463,0.9468,-0.5852,26.8934,35.6610,306.9934,
216430341600,199.9385,0.1462,0.9467,-0.5853,26.9724,35.9279,306.9120,
216444857900,199.9529,0.1461,0.9466,-0.5853,27.0617,36.2077,306.8230,
216458345200,199.9664,0.1462,0.9461,-0.5847,27.2538,36.3035,306.8008,
216472624700,199.9807,0.1464,0.9453,-0.5838,27.4456,36.3958,306.7773,
216486196500,199.9942,0.1463,0.9450,-0.5837,27.5263,36.4782,306.8336,
216500092500,200.0081,0.1463,0.9448,-0.5836,27.6016,36.5533,306.8851,
216513896100,200.0220,0.1462,0.9447,-0.5835,27.6187,36.5673,306.9115,
216527978600,200.0359,0.1462,0.9445,-0.5833,27.6371,36.5816,306.9398,
216542310700,200.0503,0.1462,0.9444,-0.5832,27.6566,36.5960,306.9698,
216555822700,200.0639,0.1460,0.9444,-0.5833,27.6359,36.5943,306.9868,
216570158700,200.0782,0.1459,0.9445,-0.5834,27.6126,36.5914,307.0042,
216583802600,200.0917,0.1458,0.9442,-0.5833,27.5801,36.5897,307.0354,
216597679600,200.1057,0.1456,0.9435,-0.5831,27.5377,36.5866,307.0746,
216611699200,200.1199,0.1454,0.9436,-0.5831,27.5201,36.6142,307.0527,
216625514500,200.1335,0.1453,0.9436,-0.5832,27.5019,36.6441,307.0267,
216639724900,200.1476,0.1452,0.9436,-0.5833,27.4735,36.6921,306.9819,
216653541100,200.1617,0.1448,0.9428,-0.5826,27.4348,36.6712,306.9594,
216667410500,200.1754,0.1442,0.9414,-0.5815,27.3854,36.6426,306.9291,
216681190800,200.1892,0.1441,0.9416,-0.5817,27.4111,36.6807,306.8173,
216694944000,200.2030,0.1439,0.9417,-0.5818,27.4649,36.7510,306.6098,
216708892200,200.2169,0.1437,0.9418,-0.5820,27.5409,36.8408,306.3425,
216722845300,200.2309,0.1433,0.9420,-0.5819,27.4872,36.7458,306.1667,
216736996800,200.2450,0.1427,0.9422,-0.5819,27.4385,36.6540,305.9976,
216750681100,200.2587,0.1424,0.9420,-0.5819,27.5810,36.6848,305.8780,
216764578900,200.2726,0.1421,0.9419,-0.5820,27.7709,36.7257,305.7249,
216778622200,200.2866,0.1414,0.9417,-0.5819,27.9267,36.7083,305.5679,
216792100600,200.3002,0.1407,0.9414,-0.5817,28.0893,36.6900,305.4086,
216806536200,200.3144,0.1400,0.9411,-0.5816,28.2581,36.6708,305.2470,
216820516400,200.3285,0.1391,0.9406,-0.5815,28.3119,36.6996,305.1224,
216834263700,200.3424,0.1383,0.9402,-0.5814,28.3642,36.7273,305.0047,
216848601700,200.3566,0.1377,0.9396,-0.5807,28.4463,36.7707,304.9172,
216862235700,200.3701,0.1370,0.9391,-0.5800,28.5330,36.8164,304.8276,
216876030500,200.3842,0.1368,0.9391,-0.5802,28.6004,36.9341,304.6703,
216889793000,200.3977,0.1366,0.9392,-0.5802,28.6764,37.0688,304.4937,
216903928600,200.4119,0.1365,0.9392,-0.5803,28.7556,37.2109,304.3106,
216917865200,200.4258,0.1362,0.9393,-0.5804,28.7656,37.1918,304.3203,
216931363800,200.4395,0.1358,0.9394,-0.5804,28.7761,37.1708,304.3315,
216945632700,200.4536,0.1352,0.9396,-0.5806,28.7576,37.1397,304.3137,
216959521000,200.4675,0.1345,0.9398,-0.5809,28.7366,37.1062,304.2944,
216973455600,200.4815,0.1337,0.9400,-0.5812,28.7133,37.0702,304.2736,
216987519800,200.4955,0.1335,0.9398,-0.5811,28.6991,37.0376,304.2581,
217001686300,200.5097,0.1333,0.9397,-0.5810,28.6838,37.0033,304.2418,
217015119800,200.5232,0.1331,0.9396,-0.5813,28.6559,36.9982,304.2014,
217029298700,200.5372,0.1328,0.9395,-0.5817,28.6198,36.9936,304.1496,
217043161500,200.5511,0.1326,0.9394,-0.5818,28.5824,36.9280,304.0335,
217057235500,200.5652,0.1324,0.9394,-0.5818,28.5346,36.8429,303.8813,
217070879400,200.5790,0.1323,0.9393,-0.5819,28.4806,36.7456,303.7057,
217084767200,200.5927,0.1322,0.9391,-0.5821,28.4250,36.7706,303.5299,
217099022600,200.6070,0.1321,0.9387,-0.5823,28.3648,36.8034,303.3351,
217112710500,200.6208,0.1321,0.9386,-0.5825,28.3107,36.8065,303.2778,
217126743700,200.6347,0.1321,0.9386,-0.5826,28.2693,36.8104,303.2356,
217140662900,200.6486,0.1321,0.9385,-0.5828,28.2324,36.8150,303.1993,
217154241700,200.6624,0.1319,0.9384,-0.5832,28.1930,36.8277,303.2024,
217168451200,200.6764,0.1318,0.9382,-0.5837,28.1456,36.8440,303.2083,
217182609900,200.6906,0.1315,0.9383,-0.5843,28.0784,36.9195,303.1857,
217196867300,200.7048,0.1312,0.9384,-0.5848,27.9893,37.0249,303.1573,
217210145700,200.7183,0.1309,0.9386,-0.5854,27.8880,37.1505,303.1264,
217224333400,200.7323,0.1308,0.9388,-0.5856,27.6822,37.2354,303.1120,
217238313000,200.7463,0.1308,0.9391,-0.5857,27.4606,37.3279,303.0991,
217252190600,200.7603,0.1308,0.9389,-0.5856,27.3702,37.3586,303.0827,
217266046200,200.7740,0.1308,0.9387,-0.5854,27.2999,37.3828,303.0709,
217279850700,200.7878,0.1309,0.9388,-0.5854,27.2178,37.3613,303.1750,
217293840100,200.8020,0.1310,0.9388,-0.5854,27.0890,37.3240,303.3481,
217307745600,200.8157,0.1310,0.9389,-0.5854,26.7882,37.1609,303.5688,
217321432600,200.8294,0.1309,0.9390,-0.5854,26.4565,36.9725,303.8188,
217335863700,200.8440,0.1309,0.9390,-0.5855,26.1319,36.7798,304.0698,
217349767500,200.8578,0.1309,0.9389,-0.5854,25.8629,36.6327,304.2867,
217363314300,200.8713,0.1310,0.9387,-0.5854,25.6177,36.4930,304.4890,
217377302900,200.8853,0.1310,0.9389,-0.5855,25.5755,36.4872,304.6070,
217391091800,200.8993,0.1311,0.9391,-0.5856,25.5435,36.4812,304.6986,
217405141100,200.9131,0.1311,0.9392,-0.5857,25.5142,36.4744,304.7842,
217420074100,200.9280,0.1310,0.9388,-0.5855,25.5203,36.4840,305.1083,
217432860500,200.9410,0.1309,0.9381,-0.5853,25.5289,36.4943,305.5150,
217447043700,200.9550,0.1307,0.9369,-0.5850,25.5389,36.5037,305.9491,
217460888800,200.9689,0.1310,0.9369,-0.5847,25.5581,36.4588,306.2203,
217474604700,200.9827,0.1312,0.9368,-0.5844,25.5765,36.4171,306.4725,
217488694600,200.9967,0.1313,0.9370,-0.5844,25.7144,36.3534,306.7766,
217502685200,201.0107,0.1315,0.9372,-0.5845,25.8569,36.2880,307.0930,
217516502500,201.0245,0.1317,0.9367,-0.5841,25.9429,36.0141,307.6163,
217530313500,201.0384,0.1322,0.9359,-0.5834,26.0329,35.7368,308.1502,
217544339400,201.0523,0.1327,0.9354,-0.5830,26.0348,35.6079,308.8229,
217558223800,201.0662,0.1331,0.9349,-0.5826,26.0393,35.4863,309.4467,
217572315100,201.0805,0.1335,0.9345,-0.5823,26.0457,35.3729,310.0211,
217586530600,201.0945,0.1336,0.9346,-0.5820,25.5760,35.0971,311.2026,
217600037700,201.1080,0.1338,0.9346,-0.5817,25.1548,34.8284,312.3143,
217613828700,201.1219,0.1338,0.9344,-0.5817,24.6612,34.7475,314.1422,
217628778000,201.1368,0.1339,0.9342,-0.5817,24.2481,34.6497,315.6994,
217642339800,201.1502,0.1340,0.9340,-0.5816,23.9062,34.5466,317.0117,
217656357300,201.1644,0.1342,0.9336,-0.5813,24.1027,33.7989,319.0049,
217670101900,201.1782,0.1345,0.9330,-0.5809,24.2328,33.2002,320.7245,
217684471600,201.1925,0.1350,0.9336,-0.5810,24.1085,33.2178,320.8773,
217698123900,201.2061,0.1360,0.9348,-0.5814,24.0220,33.2071,321.0676,
217711866600,201.2200,0.1370,0.9359,-0.5817,23.9995,33.0824,320.9926,
217725838200,201.2338,0.1379,0.9369,-0.5821,23.9702,32.9336,320.9443,
217739883700,201.2479,0.1386,0.9379,-0.5824,23.9255,32.7190,320.9194,
217753878000,201.2620,0.1384,0.9402,-0.5837,23.7370,32.7774,320.2012,
217767713600,201.2757,0.1383,0.9425,-0.5850,23.4411,32.8587,319.1696,
217781484600,201.2895,0.1380,0.9427,-0.5852,23.6863,33.2547,317.8439,
217795610300,201.3038,0.1379,0.9429,-0.5853,23.8956,33.5826,316.7502,
217809567200,201.3175,0.1378,0.9430,-0.5854,24.0625,33.8389,315.9016,
217823327800,201.3313,0.1371,0.9438,-0.5857,24.1130,33.8189,315.5334,
217837172100,201.3452,0.1363,0.9447,-0.5860,24.1524,33.8100,315.2541,
217850996500,201.3591,0.1355,0.9455,-0.5859,24.1415,33.8221,315.2838,
217865294900,201.3732,0.1347,0.9462,-0.5859,24.1301,33.8364,315.3137,
217879114100,201.3871,0.1348,0.9463,-0.5858,24.1704,33.8659,315.3942,
217892767000,201.4009,0.1348,0.9465,-0.5857,24.3061,33.9657,315.6535,
217906865400,201.4149,0.1348,0.9466,-0.5857,24.4914,34.1030,315.9947,
217921053100,201.4289,0.1346,0.9466,-0.5855,24.7183,34.0212,316.5222,
217934471400,201.4426,0.1344,0.9465,-0.5854,24.9576,33.9391,317.0605,
217948724500,201.4567,0.1344,0.9465,-0.5852,25.1034,34.1194,317.0569,
217962605300,201.4706,0.1344,0.9466,-0.5850,25.2506,34.2993,317.0515,
217976594600,201.4845,0.1344,0.9466,-0.5847,25.4336,34.5206,317.0430,
217990312100,201.4984,0.1345,0.9465,-0.5842,25.8929,34.7697,317.0290,
218004425400,201.5124,0.1346,0.9465,-0.5836,26.3874,35.0380,317.0135,
218018272400,201.5263,0.1347,0.9456,-0.5827,26.6362,35.0760,317.1256,
218032094600,201.5402,0.1348,0.9446,-0.5818,26.8555,35.1110,317.2215,
218046099400,201.5542,0.1347,0.9447,-0.5815,26.9331,35.1580,317.4023,
218060156200,201.5681,0.1346,0.9448,-0.5812,27.0162,35.2087,317.5921,
218073681500,201.5818,0.1346,0.9448,-0.5810,27.1089,35.2658,317.8005,
218087750400,201.5957,0.1345,0.9446,-0.5809,26.8654,34.9682,318.6052,
218101793400,201.6098,0.1345,0.9443,-0.5808,26.5906,34.6216,319.5320,
218115372700,201.6236,0.1344,0.9445,-0.5808,26.4009,34.2382,320.3966,
218129334900,201.6374,0.1343,0.9446,-0.5808,26.2406,33.9053,321.1452,
218143423000,201.6514,0.1343,0.9448,-0.5808,26.1048,33.6167,321.7931,
218157275900,201.6653,0.1342,0.9452,-0.5808,25.7486,33.3938,321.9144,
218170962700,201.6791,0.1341,0.9460,-0.5807,25.4436,33.1929,322.0483,
218185374000,201.6934,0.1341,0.9490,-0.5807,25.4090,33.1083,321.8856,
218199398800,201.7074,0.1340,0.9519,-0.5808,25.3662,33.0072,321.7127,
218212835700,201.7210,0.1345,0.9521,-0.5807,25.4099,33.0903,321.1326,
218227174200,201.7351,0.1347,0.9522,-0.5807,25.4653,33.1953,320.3842,
218241384900,201.7494,0.1348,0.9524,-0.5807,25.5178,33.2947,319.6609,
218254929700,201.7630,0.1348,0.9525,-0.5807,25.5420,33.2084,319.4470,
218268711200,201.7767,0.1348,0.9527,-0.5808,25.5578,33.1482,319.2993,
218282793400,201.7908,0.1348,0.9541,-0.5817,25.4601,33.3069,318.7909,
218296470100,201.8045,0.1347,0.9558,-0.5828,25.3493,33.4883,318.2148,
218310372200,201.8185,0.1346,0.9559,-0.5827,25.4280,33.4718,318.1270,
218324300500,201.8323,0.1345,0.9559,-0.5827,25.4754,33.4620,318.0727,
218338570800,201.8465,0.1345,0.9560,-0.5827,25.5122,33.4546,318.0295,
218352108600,201.8602,0.1345,0.9562,-0.5828,25.5869,33.5384,317.9437,
218366414200,201.8743,0.1345,0.9564,-0.5829,25.6868,33.6522,317.8277,
218380234400,201.8882,0.1345,0.9566,-0.5830,25.8012,33.7844,317.6938,
218394028900,201.9022,0.1345,0.9569,-0.5829,25.8767,33.8501,317.7458,
218408441900,201.9164,0.1346,0.9569,-0.5829,25.8926,33.8515,317.8023,
218421979300,201.9299,0.1347,0.9569,-0.5829,25.9162,33.8525,317.8914,
218435530200,201.9436,0.1348,0.9570,-0.5829,25.9547,33.8528,318.0462,
218449684900,201.9577,0.1351,0.9574,-0.5833,26.0559,34.0058,317.8638,
218463523400,201.9715,0.1356,0.9580,-0.5840,26.3050,34.3847,317.4000,
218477877300,201.9857,0.1359,0.9580,-0.5842,26.6704,34.7199,316.7545,
218491437100,201.9995,0.1360,0.9580,-0.5843,27.0170,35.0332,316.1292,
218505418500,202.0133,0.1362,0.9580,-0.5845,27.3245,35.3073,315.5630,
218519931800,202.0279,0.1364,0.9580,-0.5851,28.0978,36.5493,313.5108,
218533130100,202.0412,0.1367,0.9581,-0.5858,28.7686,37.5519,311.8051,
218547608200,202.0556,0.1366,0.9579,-0.5858,29.0537,37.4657,311.2029,
218561432700,202.0694,0.1366,0.9577,-0.5857,29.2789,37.4438,310.7109,
218574854800,202.0830,0.1366,0.9575,-0.5857,29.4894,37.4534,310.2407,
218589125900,202.0971,0.1365,0.9576,-0.5860,29.4780,37.5601,310.1242,
218603035600,202.1110,0.1363,0.9577,-0.5865,29.4844,37.6650,309.9850,
218617297100,202.1253,0.1360,0.9575,-0.5869,29.4019,37.6901,309.8685,
218630410100,202.1385,0.1355,0.9572,-0.5873,29.3198,37.7265,309.7130,
218644757700,202.1527,0.1354,0.9565,-0.5872,29.1049,37.7964,309.5719,
218658931000,202.1669,0.1352,0.9556,-0.5871,28.8619,37.8880,309.3810,
218672368700,202.1805,0.1350,0.9547,-0.5869,28.6089,37.9963,309.1508,
218686630500,202.1946,0.1350,0.9540,-0.5867,28.3528,37.9717,309.1161,
218700289800,202.2082,0.1351,0.9534,-0.5865,28.1094,37.9536,309.0676,
218714606600,202.2226,0.1352,0.9532,-0.5865,27.8401,37.9896,309.1691,
218727943700,202.2359,0.1353,0.9530,-0.5864,27.5584,38.0321,309.2650,
218741985200,202.2499,0.1354,0.9528,-0.5864,27.2750,38.0792,309.3523,
218755987700,202.2640,0.1362,0.9506,-0.5849,27.1868,37.9022,309.5531,
218770206700,202.2781,0.1371,0.9481,-0.5833,27.0862,37.6987,309.7804,
218783634400,202.2916,0.1379,0.9477,-0.5830,27.1685,37.5215,310.1568,
218797589000,202.3055,0.1384,0.9473,-0.5828,27.2582,37.3403,310.5440,
218811426800,202.3195,0.1385,0.9475,-0.5828,27.3618,37.1279,310.8535,
218825490200,202.3335,0.1387,0.9476,-0.5829,27.4618,36.9317,311.1389,
218839665500,202.3476,0.1388,0.9478,-0.5828,27.5579,36.7502,311.4024,
218853199800,202.3613,0.1389,0.9475,-0.5824,27.5601,36.1730,313.3505,
218867260700,202.3752,0.1391,0.9470,-0.5815,27.5837,35.6478,315.1151,
218881156500,202.3891,0.1392,0.9470,-0.5814,27.5013,35.6519,315.7725,
218894854700,202.4030,0.1393,0.9470,-0.5813,27.4468,35.6372,316.2941,
218908970100,202.4170,0.1394,0.9470,-0.5812,27.4048,35.6117,316.7670,
218923365900,202.4313,0.1396,0.9472,-0.5813,27.3549,35.5109,317.0016,
218937104400,202.4451,0.1398,0.9474,-0.5815,27.3111,35.4125,317.2491,
218950660400,202.4588,0.1400,0.9475,-0.5814,27.3481,35.4219,317.1952,
218965036300,202.4730,0.1402,0.9477,-0.5814,27.3886,35.4306,317.1431,
218978859900,202.4868,0.1404,0.9481,-0.5812,27.4358,35.4010,317.1423,
218992604400,202.5008,0.1408,0.9484,-0.5809,27.5312,35.3373,317.1532,
219006673200,202.5145,0.1411,0.9488,-0.5806,27.6692,35.2404,317.1844,
219021352100,202.5293,0.1416,0.9509,-0.5805,27.6255,35.0641,317.2892,
219034256600,202.5423,0.1421,0.9530,-0.5805,27.5590,34.8135,317.4543,
219048524600,202.5565,0.1425,0.9529,-0.5808,27.5468,34.8083,317.4581,
219062496800,202.5704,0.1428,0.9527,-0.5811,27.5361,34.8042,317.4641,
219076532700,202.5846,0.1432,0.9526,-0.5814,27.5237,34.8000,317.4733,
219089866200,202.5980,0.1432,0.9526,-0.5814,27.4870,34.7224,317.5542,
219104159100,202.6122,0.1433,0.9526,-0.5813,27.4185,34.5800,317.7092,
219118223300,202.6263,0.1433,0.9523,-0.5812,27.2174,34.4796,318.3410,
219131804000,202.6400,0.1434,0.9519,-0.5810,26.9959,34.3706,319.0446,
219145742000,202.6537,0.1435,0.9519,-0.5811,26.1781,34.1097,320.0546,
219159604000,202.6676,0.1437,0.9518,-0.5811,25.4384,33.8643,320.9814,
219173360400,202.6815,0.1438,0.9518,-0.5812,24.8100,33.6487,321.7797,
219187417300,202.6954,0.1440,0.9516,-0.5816,24.7399,33.6825,321.4997,
219201908700,202.7098,0.1444,0.9515,-0.5823,24.6214,33.7264,321.1231,
219215071100,202.7232,0.1445,0.9516,-0.5828,24.7070,33.8212,320.5714,
219229234400,202.7372,0.1447,0.9518,-0.5831,24.7837,33.9196,319.9900,
219243255500,202.7512,0.1447,0.9520,-0.5832,25.0089,34.0376,319.2168,
219257851900,202.7658,0.1447,0.9523,-0.5833,25.2012,34.1387,318.5302,
219270836600,202.7790,0.1446,0.9525,-0.5834,25.3573,34.2217,317.9492,
219285271400,202.7933,0.1446,0.9528,-0.5835,25.8097,34.5824,317.4126,
219299412800,202.8074,0.1446,0.9532,-0.5835,26.2163,34.9054,316.9236,
219312666700,202.8208,0.1446,0.9532,-0.5836,26.5305,34.8671,316.7366,
219326934200,202.8350,0.1446,0.9533,-0.5836,26.7885,34.8390,316.5756,
219341789100,202.8498,0.1446,0.9534,-0.5836,27.0284,34.8154,316.4200,
219354887000,202.8631,0.1446,0.9535,-0.5839,26.9224,34.8482,315.8646,
219368724600,202.8767,0.1447,0.9536,-0.5842,26.8053,34.8912,315.1986,
219382577000,202.8906,0.1447,0.9540,-0.5851,26.4269,35.1188,312.5275,
219396626000,202.9047,0.1447,0.9545,-0.5862,26.1223,35.3316,310.2335,
219410265800,202.9185,0.1447,0.9545,-0.5863,26.0100,35.7254,309.2944,
219424417600,202.9324,0.1447,0.9546,-0.5864,25.9259,36.0242,308.5049,
219438325600,202.9463,0.1447,0.9546,-0.5865,25.8555,36.2781,307.7774,
219451709400,202.9599,0.1446,0.9557,-0.5870,25.5896,36.3427,307.2967,
219466153400,202.9742,0.1443,0.9571,-0.5878,25.3553,36.4193,306.7983,
219480160300,202.9882,0.1443,0.9569,-0.5877,25.3445,36.4459,306.7860,
219493748600,203.0020,0.1442,0.9567,-0.5877,25.3368,36.4641,306.7614,
219508308200,203.0164,0.1441,0.9566,-0.5877,25.3283,36.4835,306.7258,
219521614000,203.0297,0.1443,0.9563,-0.5875,25.3376,36.4474,306.7384,
219535879800,203.0440,0.1446,0.9558,-0.5871,25.3470,36.4097,306.7444,
219549270500,203.0573,0.1447,0.9557,-0.5871,25.3890,36.3786,306.7892,
219563505400,203.0715,0.1449,0.9556,-0.5871,25.4726,36.3203,306.8669,
219577206200,203.0853,0.1449,0.9546,-0.5869,25.4302,36.1582,307.0146,
219591116400,203.0992,0.1448,0.9532,-0.5866,25.3728,35.9672,307.1759,
219605062200,203.1131,0.1448,0.9518,-0.5863,25.3070,35.7725,307.3283,
219618875100,203.1269,0.1450,0.9519,-0.5863,25.2611,35.7327,307.4113,
219632987100,203.1412,0.1452,0.9520,-0.5864,25.2236,35.7046,307.4678,
219647333700,203.1553,0.1452,0.9521,-0.5863,25.1258,35.5345,307.7274,
219661024000,203.1691,0.1452,0.9521,-0.5863,25.0063,35.3347,308.0258,
219674649700,203.1828,0.1452,0.9521,-0.5862,24.8826,35.1346,308.3187,
219688734000,203.1967,0.1452,0.9520,-0.5863,24.9183,35.1749,308.3559,
219702777000,203.2108,0.1452,0.9519,-0.5865,24.9389,35.1992,308.3772,
219716418600,203.2245,0.1452,0.9505,-0.5856,24.8876,35.1223,308.5638,
219730737800,203.2390,0.1452,0.9484,-0.5843,24.8031,34.9992,308.8524,
219744264900,203.2523,0.1455,0.9486,-0.5845,24.8280,34.9628,309.2279,
219758579800,203.2666,0.1460,0.9488,-0.5848,24.8511,34.9252,309.6070,
219772538600,203.2807,0.1467,0.9491,-0.5852,24.8717,34.8882,309.9735,
219786596600,203.2947,0.1468,0.9491,-0.5857,24.7086,34.7536,310.0072,
219800972500,203.3090,0.1469,0.9491,-0.5862,24.5481,34.6216,310.0410,
219814758400,203.3229,0.1470,0.9494,-0.5866,24.1153,34.4387,310.1306,
219828026900,203.3361,0.1471,0.9498,-0.5870,23.6255,34.2326,310.2339,
219841726200,203.3498,0.1472,0.9501,-0.5874,23.1366,34.0273,310.3389,
219856425300,203.3645,0.1471,0.9506,-0.5878,21.9044,33.9551,310.8518,
219869596400,203.3777,0.1470,0.9512,-0.5881,20.7468,33.8722,311.3286,
219883510100,203.3915,0.1482,0.9552,-0.5902,19.1478,33.8792,311.9803,
219897517600,203.4055,0.1493,0.9589,-0.5922,17.7972,33.8619,312.5239,
219911382600,203.4196,0.1518,0.9663,-0.5963,15.8175,32.9123,312.7520,
219925349500,203.4333,0.1537,0.9718,-0.5993,14.1512,32.1526,312.9968,
219939906800,203.4479,0.1552,0.9762,-0.6017,12.7524,31.5418,313.2390,
219953090500,203.4613,0.1562,0.9922,-0.6059,9.3309,29.6213,313.7051,
219968152100,203.4762,0.1571,1.0043,-0.6092,6.6491,28.1535,314.1787,
219981131600,203.4891,0.1573,1.0239,-0.6115,4.4633,26.7802,316.6177,
219994716600,203.5029,0.1576,1.0392,-0.6136,2.6427,25.6060,318.4075,
220008859000,203.5169,0.1580,1.0518,-0.6156,1.0534,24.5618,319.8232,
220022707700,203.5307,0.1546,1.0719,-0.6142,1.8518,24.7220,319.8941,
220036972700,203.5450,0.1523,1.0885,-0.6137,2.4182,24.7735,320.0567,
220050624700,203.5588,0.1507,1.0928,-0.6099,4.5001,25.3929,320.1810,
220064408200,203.5725,0.1495,1.0985,-0.6075,6.1606,25.8213,320.4602,
220078801900,203.5869,0.1497,1.1014,-0.6051,6.7941,26.2632,320.6100,
220092504200,203.6006,0.1498,1.1058,-0.6036,7.1580,26.5131,320.7937,
220106494300,203.6146,0.1498,1.1111,-0.6025,7.3781,26.6612,320.9824,
220120088800,203.6281,0.1503,1.1113,-0.6021,6.4988,27.2508,321.0046,
220134173900,203.6424,0.1506,1.1126,-0.6018,5.0960,28.1163,321.0950,
220148112900,203.6561,0.1512,1.1115,-0.6014,1.0277,29.5173,321.8312,
220162366600,203.6704,0.1523,1.1106,-0.6008,357.8793,30.4995,322.4066,
220175669100,203.6839,0.1533,1.1103,-0.6001,355.5392,31.1607,322.8570,
220189724800,203.6977,0.1541,1.1099,-0.5987,349.0858,31.2107,324.8465,
220203819200,203.7118,0.1549,1.1101,-0.5974,344.7013,31.1913,326.2074,
220217855500,203.7259,0.1583,1.1156,-0.5946,340.8993,31.8680,327.0482,
220231295200,203.7395,0.1613,1.1214,-0.5920,337.9442,32.2687,327.7371,
220245930200,203.7539,0.1636,1.1266,-0.5900,335.3806,32.5340,328.3628,
220259512100,203.7675,0.1686,1.1365,-0.5858,331.7380,33.8373,329.4500,
220273524700,203.7817,0.1724,1.1448,-0.5826,328.6974,34.6810,330.2977,
220287355700,203.7953,0.1787,1.1620,-0.5754,324.8141,36.8812,332.3799,
220301335300,203.8093,0.1836,1.1758,-0.5699,321.7879,38.2207,333.7567,
220315324100,203.8234,0.1964,1.1869,-0.5576,317.5854,41.1979,334.9748,
220328977700,203.8370,0.2062,1.1968,-0.5481,314.5370,43.0649,335.7397,
220342952200,203.8510,0.2206,1.2059,-0.5387,311.8352,47.2469,334.4667,
220356881300,203.8649,0.2322,1.2146,-0.5308,309.6149,50.2444,333.5737,
220371035700,203.8792,0.2420,1.2230,-0.5239,307.6339,52.6770,332.8475,
220385181600,203.8932,0.2507,1.2256,-0.5167,307.0146,55.8965,330.3708,
220398786200,203.9068,0.2586,1.2297,-0.5101,306.1310,58.8046,328.3550,
220412739300,203.9209,0.2696,1.2249,-0.5012,305.9182,58.9986,327.4964,
220426840800,203.9348,0.2794,1.2233,-0.4933,305.5096,59.5004,326.6311,
220440590400,203.9486,0.2884,1.2238,-0.4859,304.8864,60.3449,325.5885,
220454055000,203.9622,0.2943,1.2168,-0.4821,305.4020,58.8948,326.1661,
220468728900,203.9766,0.3006,1.2131,-0.4776,305.9216,57.2175,326.7627,
220482431600,203.9904,0.2960,1.2093,-0.4766,305.6088,55.4923,328.1993,
220496352800,204.0044,0.2947,1.2075,-0.4747,305.2141,54.1204,329.3928,
220509922600,204.0181,0.2799,1.2071,-0.4779,304.2331,53.6422,329.4916,
220523847800,204.0319,0.2707,1.2073,-0.4789,303.1368,53.2584,329.5569,
220538238900,204.0462,0.2648,1.2079,-0.4785,301.9863,52.9787,329.5863,
220551885700,204.0601,0.2541,1.2084,-0.4834,301.0054,52.8671,329.7999,
220565822300,204.0739,0.2466,1.2091,-0.4859,300.0196,52.8169,329.9604,
220579733800,204.0878,0.2412,1.2100,-0.4871,299.0197,52.8142,330.0808,
220593680200,204.1018,0.2395,1.2139,-0.4881,299.0428,52.5477,330.4940,
220607918500,204.1160,0.2381,1.2167,-0.4883,299.0055,52.3710,330.7831,
220621679900,204.1297,0.2407,1.2195,-0.4887,299.1826,52.3772,330.9281,
220635311600,204.1435,0.2428,1.2224,-0.4889,299.4243,52.4027,331.1614,
220649464000,204.1575,0.2511,1.2255,-0.4891,300.5679,52.1902,331.7209,
220663033700,204.1711,0.2570,1.2281,-0.4889,301.6541,52.0183,332.2565,
220676889900,204.1850,0.2610,1.2304,-0.4886,302.5198,51.9024,332.6931,
220690694600,204.1989,0.2683,1.2297,-0.4868,304.0701,52.4090,332.4923,
220705202100,204.2132,0.2738,1.2297,-0.4852,305.3373,52.8111,332.3675,
220719146800,204.2272,0.2812,1.2261,-0.4824,306.0881,53.1930,331.9879,
220732749200,204.2409,0.2871,1.2239,-0.4801,306.6992,53.4923,331.7113,
220746564800,204.2546,0.2941,1.2197,-0.4765,306.6855,53.6876,331.6829,
220761127900,204.2691,0.2999,1.2167,-0.4736,306.6884,53.8297,331.6630,
220774471800,204.2827,0.3051,1.2147,-0.4711,306.7025,53.9867,331.6417,
220788394400,204.2964,0.3112,1.2110,-0.4695,306.4246,54.3074,331.7595,
220802591500,204.3106,0.3167,1.2083,-0.4679,306.0847,54.7301,331.9088,
220816115300,204.3242,0.3216,1.2063,-0.4673,306.3038,56.0246,331.8507,
220830427400,204.3385,0.3261,1.2046,-0.4665,306.5356,57.2795,331.8046,
220844558000,204.3526,0.3282,1.2051,-0.4652,307.7272,58.0462,332.2966,
220858209000,204.3663,0.3307,1.2053,-0.4639,308.7794,58.7525,332.7351,
220872079000,204.3802,0.3336,1.2053,-0.4625,309.6773,59.3784,333.1127,
220886005100,204.3941,0.3372,1.2040,-0.4601,311.5765,60.0161,334.0041,
220899720200,204.4077,0.3410,1.2027,-0.4578,313.1625,60.6190,334.7438,
220914071800,204.4223,0.3449,1.2016,-0.4556,314.4684,61.1656,335.3529,
220927980400,204.4360,0.3456,1.2032,-0.4554,316.0541,61.5018,335.6887,
220941829900,204.4499,0.3467,1.2044,-0.4550,317.4339,61.8591,336.0272,
220955353500,204.4635,0.3502,1.2043,-0.4549,319.0226,62.6450,336.6183,
220969663100,204.4777,0.3542,1.2041,-0.4545,320.4651,63.3598,337.1751,
220983488700,204.4915,0.3579,1.2034,-0.4540,321.3579,63.9265,337.5462,
220997156500,204.5052,0.3616,1.2028,-0.4534,322.2419,64.4619,337.9199,
221010944100,204.5191,0.3631,1.2007,-0.4536,322.2136,64.9689,338.2137,
221025129900,204.5331,0.3651,1.1989,-0.4537,322.3189,65.4795,338.5268,
221039017500,204.5470,0.3673,1.1972,-0.4535,322.5339,66.0296,338.8786,
221052748100,204.5609,0.3673,1.1972,-0.4531,322.4749,65.9916,339.4602,
221067512600,204.5755,0.3676,1.1972,-0.4527,322.5006,66.0151,340.0445,
221080899000,204.5890,0.3675,1.1971,-0.4525,322.3233,65.9176,340.9265,
221094998300,204.6031,0.3676,1.1969,-0.4523,322.2238,65.8743,341.8324,
221108604000,204.6167,0.3679,1.1966,-0.4520,322.1940,65.8809,342.7181,
221122512400,204.6306,0.3683,1.1966,-0.4514,321.5618,65.5315,343.5158,
221136463600,204.6445,0.3689,1.1965,-0.4507,321.0375,65.2392,344.3144,
221150622400,204.6588,0.3701,1.1971,-0.4492,319.8646,64.9328,345.0136,
221164603400,204.6727,0.3716,1.1976,-0.4476,318.8440,64.6614,345.7358,
221178548000,204.6866,0.3723,1.1991,-0.4464,317.6014,64.5071,345.7638,
221192443000,204.7006,0.3732,1.2004,-0.4452,316.5365,64.3798,345.8713,
221206049000,204.7141,0.3741,1.2015,-0.4442,315.6233,64.2723,346.0316,
221220389900,204.7284,0.3740,1.2016,-0.4435,315.1475,64.1292,345.8759,
221234019200,204.7422,0.3739,1.2017,-0.4429,314.7115,64.0092,345.7899,
221247792100,204.7559,0.3740,1.2018,-0.4423,314.2828,63.8987,345.7477,
221262022300,204.7700,0.3739,1.2017,-0.4421,314.1583,63.6881,346.1653,
221275538200,204.7838,0.3738,1.2016,-0.4419,313.9900,63.4496,346.6468,
221289705700,204.7977,0.3739,1.2014,-0.4416,313.9546,63.3897,347.0833,
221303778900,204.8119,0.3740,1.2011,-0.4413,313.8881,63.3198,347.5756,
221317560900,204.8255,0.3746,1.2008,-0.4409,313.9621,63.4728,347.6204,
221331331400,204.8395,0.3753,1.2004,-0.4403,314.0170,63.6129,347.6711,
221345387600,204.8534,0.3761,1.2004,-0.4398,314.0192,63.6723,347.6278,
221359174000,204.8672,0.3771,1.2003,-0.4392,314.0175,63.7240,347.5914,
221373449900,204.8816,0.3780,1.2003,-0.4386,314.0124,63.7793,347.5536,
221387159900,204.8952,0.3782,1.2005,-0.4386,313.9572,63.7965,347.4931,
221400992800,204.9091,0.3783,1.2007,-0.4385,313.8087,63.8369,347.3423,
221415096600,204.9233,0.3784,1.2006,-0.4384,313.5852,63.8020,346.2812,
221429176000,204.9372,0.3785,1.2006,-0.4383,313.3223,63.7555,345.0780,
221442710500,204.9508,0.3786,1.2005,-0.4382,313.0767,63.7077,343.9940,
221456981900,204.9651,0.3786,1.2003,-0.4384,313.7219,63.7839,343.4240,
221470745400,204.9790,0.3786,1.1999,-0.4388,314.2780,63.8334,342.8949,
221484647000,204.9927,0.3783,1.1995,-0.4402,314.8070,63.5137,343.1259,
221498731000,205.0068,0.3780,1.1989,-0.4418,315.3162,63.2061,343.3135,
221512281000,205.0205,0.3776,1.1990,-0.4428,316.0771,63.1144,343.4699,
221526474200,205.0346,0.3773,1.1990,-0.4437,316.8202,63.0214,343.5944,
221540412900,205.0484,0.3770,1.1990,-0.4445,317.5081,62.9319,343.6858,
221553952400,205.0622,0.3766,1.1994,-0.4452,317.7083,62.8689,343.7473,
221568424000,205.0765,0.3761,1.1999,-0.4459,317.8727,62.8177,343.7867,
221582292700,205.0903,0.3750,1.2006,-0.4466,317.8850,62.7818,343.7691,
221596318100,205.1043,0.3740,1.2014,-0.4473,317.8976,62.7535,343.7542,
221610276400,205.1185,0.3731,1.2020,-0.4480,317.9185,62.7141,343.7323,
221624112600,205.1322,0.3724,1.2023,-0.4485,317.9012,62.7055,343.5941,
221637843600,205.1459,0.3717,1.2026,-0.4490,317.8812,62.6925,343.3860,
221651484800,205.1597,0.3707,1.2028,-0.4494,317.7870,62.8589,342.9118,
221666216400,205.1743,0.3696,1.2031,-0.4498,317.6878,63.0511,342.3687,
221679496200,205.1876,0.3682,1.2032,-0.4503,317.5661,63.2702,341.7682,
221693098800,205.2013,0.3669,1.2034,-0.4508,317.4553,63.4856,341.1828,
221707242600,205.2153,0.3656,1.2035,-0.4513,317.3570,63.6912,340.6278,
221721251200,205.2293,0.3636,1.2039,-0.4523,317.3025,63.7984,340.3526,
221734934200,205.2432,0.3616,1.2042,-0.4532,317.2582,63.8918,340.1131,
221749403700,205.2575,0.3613,1.2044,-0.4538,317.3216,63.9136,340.0799,
221763109400,205.2711,0.3611,1.2046,-0.4543,317.3817,63.9346,340.0470,
221776823800,205.2849,0.3608,1.2048,-0.4548,317.4665,63.9648,339.9990,
221790748400,205.2990,0.3608,1.2048,-0.4549,317.5215,63.9658,340.0187,
221804758300,205.3128,0.3608,1.2048,-0.4551,317.5882,63.9672,340.0422,
221819379400,205.3274,0.3611,1.2048,-0.4553,317.6773,63.9673,340.1571,
221832766000,205.3410,0.3615,1.2048,-0.4556,317.7977,63.9680,340.3149,
221846616800,205.3546,0.3617,1.2049,-0.4558,317.7924,63.9332,340.4091,
221860474500,205.3686,0.3620,1.2050,-0.4559,317.7849,63.9010,340.4937,
221874233600,205.3824,0.3623,1.2052,-0.4561,317.7741,63.8649,340.5870,
221888404100,205.3964,0.3627,1.2053,-0.4563,317.7732,63.8501,340.6326,
221902207600,205.4103,0.3632,1.2054,-0.4566,317.7713,63.8363,340.6746,
221915962200,205.4242,0.3635,1.2056,-0.4567,317.7643,63.8502,340.6905,
221930239600,205.4382,0.3637,1.2058,-0.4568,317.7560,63.8660,340.7054,
221944144900,205.4522,0.3640,1.2057,-0.4569,317.7488,63.8939,340.7019,
221958043600,205.4661,0.3643,1.2057,-0.4570,317.7406,63.9246,340.6957,
221972001800,205.4802,0.3645,1.2056,-0.4571,317.7314,63.9580,340.6869,
221985888600,205.4939,0.3646,1.2056,-0.4571,317.7439,63.9812,340.6720,
221999964400,205.5081,0.3648,1.2055,-0.4571,317.7575,64.0059,340.6543,
222013429400,205.5217,0.3650,1.2054,-0.4571,317.7533,64.0049,340.6358,
222027568000,205.5356,0.3651,1.2052,-0.4570,317.7482,64.0026,340.6149,
222041922000,205.5500,0.3653,1.2049,-0.4569,317.7424,63.9990,340.5918,
222055333200,205.5635,0.3653,1.2048,-0.4569,317.7341,64.0003,340.5398,
222069197600,205.5773,0.3653,1.2046,-0.4569,317.7191,64.0015,340.4476,
222083470900,205.5915,0.3649,1.2047,-0.4569,317.6213,63.9457,340.2132,
222097349700,205.6054,0.3640,1.2047,-0.4568,317.4961,63.8723,339.9183,
222110931800,205.6191,0.3625,1.2047,-0.4566,317.1889,63.6666,339.7750,
222125233800,205.6333,0.3610,1.2047,-0.4564,316.8688,63.4499,339.6336,
222138951800,205.6470,0.3596,1.2047,-0.4562,316.5523,63.2334,339.5009,
222152715800,205.6608,0.3581,1.2047,-0.4564,316.3755,63.3049,339.2766,
222166839500,205.6749,0.3567,1.2047,-0.4566,316.2155,63.3651,339.0790,
222181098900,205.6892,0.3568,1.2046,-0.4565,316.0868,63.4337,339.0007,
222195182500,205.7034,0.3568,1.2045,-0.4565,315.9627,63.4971,338.9274,
222208654600,205.7166,0.3571,1.2043,-0.4566,315.9679,63.5731,338.9163,
222222591600,205.7305,0.3575,1.2042,-0.4567,315.9786,63.7135,338.8975,
222236699500,205.7447,0.3580,1.2039,-0.4569,315.9962,63.9260,338.8713,
222250803700,205.7590,0.3600,1.2037,-0.4572,315.8238,64.3131,339.1449,
222264574400,205.7725,0.3620,1.2034,-0.4574,315.6236,64.7514,339.4660,
222278602400,205.7866,0.3642,1.2036,-0.4566,314.3349,65.4181,340.5305,
222292275500,205.8004,0.3661,1.2038,-0.4559,313.1695,65.9925,341.4997,
222305985200,205.8139,0.3678,1.2040,-0.4553,312.2162,66.4407,342.2997,
222320296100,205.8283,0.3687,1.2039,-0.4547,312.0293,66.0710,343.5917,
222333725700,205.8419,0.3695,1.2038,-0.4541,311.8211,65.7978,344.6758,
222347772000,205.8558,0.3725,1.2032,-0.4529,311.7281,65.7106,345.0839,
222361928800,205.8699,0.3753,1.2027,-0.4517,311.6191,65.6453,345.4615,
222375543600,205.8836,0.3777,1.2023,-0.4508,311.4879,65.5870,345.8596,
222389772400,205.8978,0.3795,1.2017,-0.4500,311.4806,65.5884,345.8490,
222403789200,205.9118,0.3811,1.2012,-0.4493,311.4699,65.5899,345.8500,
222417815800,205.9257,0.3819,1.1998,-0.4487,311.4831,65.6009,345.7833,
222431337500,205.9394,0.3827,1.1986,-0.4481,311.4936,65.6132,345.7172,
222445258400,205.9532,0.3831,1.1962,-0.4473,311.4230,65.7306,345.2402,
222459128300,205.9671,0.3837,1.1941,-0.4466,311.3139,65.8888,344.6347,
222472933200,205.9810,0.3844,1.1921,-0.4459,311.1871,66.0549,344.0359,
222487085700,205.9950,0.3837,1.1905,-0.4458,311.2121,66.0698,343.6666,
222500786200,206.0088,0.3832,1.1891,-0.4456,311.2232,66.0850,343.3521,
222514648100,206.0228,0.3827,1.1867,-0.4458,312.3156,66.2792,341.8946,
222528703800,206.0367,0.3824,1.1845,-0.4459,313.3870,66.4329,340.4970,
222542591200,206.0505,0.3822,1.1825,-0.4459,314.2756,66.5353,339.3589,
222556653900,206.0646,0.3814,1.1827,-0.4466,316.0509,65.5792,339.9548,
222570377500,206.0785,0.3807,1.1828,-0.4473,317.5828,64.8338,340.3339,
222584556200,206.0925,0.3786,1.1846,-0.4487,318.2859,64.6469,340.5286,
222598437800,206.1063,0.3765,1.1861,-0.4500,318.8948,64.4911,340.6457,
222612051700,206.1202,0.3739,1.1889,-0.4503,318.9874,64.5244,340.6875,
222626310100,206.1342,0.3719,1.1911,-0.4505,319.0743,64.5404,340.7084,
222640398600,206.1484,0.3702,1.1927,-0.4507,319.1740,64.5505,340.7225,
222654162900,206.1622,0.3699,1.1931,-0.4505,319.1737,64.5751,340.7309,
222667936200,206.1759,0.3696,1.1934,-0.4504,319.1802,64.6002,340.7382,
222681899700,206.1898,0.3696,1.1934,-0.4504,319.1716,64.5967,340.7782,
222695914200,206.2040,0.3696,1.1934,-0.4504,319.1671,64.5908,340.8204,
222710091800,206.2180,0.3696,1.1934,-0.4505,319.1668,64.5827,340.8647,
222724075200,206.2320,0.3697,1.1935,-0.4504,319.1906,64.5479,340.9371,
222737582700,206.2455,0.3697,1.1936,-0.4504,319.2314,64.4948,341.0398,
222751299300,206.2594,0.3698,1.1936,-0.4503,319.3519,64.4265,341.2007,
222765612700,206.2734,0.3699,1.1937,-0.4502,319.5128,64.3395,341.3965,
222779562900,206.2875,0.3701,1.1938,-0.4500,319.8099,64.1702,341.7291,
222793071900,206.3012,0.3705,1.1939,-0.4497,320.1447,63.9869,342.0806,
222807121600,206.3151,0.3708,1.1941,-0.4493,320.4880,63.8059,342.4201,
222821561700,206.3295,0.3720,1.1939,-0.4487,320.8561,63.7768,342.7293,
222834835500,206.3429,0.3732,1.1938,-0.4480,321.2189,63.7488,343.0204,
222848830900,206.3568,0.3745,1.1935,-0.4475,321.5995,63.6913,343.5045,
222862827600,206.3708,0.3756,1.1933,-0.4469,321.9771,63.6376,343.9668,
222877287200,206.3851,0.3771,1.1929,-0.4466,322.5989,63.4849,344.4961,
222890606200,206.3987,0.3784,1.1926,-0.4462,323.1994,63.3462,344.9929,
222904879100,206.4128,0.3796,1.1923,-0.4459,323.7604,63.2240,345.4451,
222918769200,206.4267,0.3815,1.1915,-0.4450,324.5321,63.1063,345.7342,
222932335300,206.4404,0.3832,1.1908,-0.4443,325.2643,62.9988,346.0123,
222946705000,206.4547,0.3836,1.1904,-0.4442,325.5044,62.8335,346.1104,
222960322800,206.4682,0.3840,1.1900,-0.4441,325.7173,62.6992,346.1992,
222974081700,206.4822,0.3843,1.1896,-0.4440,325.9341,62.5713,346.2907,
222988482200,206.4964,0.3840,1.1896,-0.4442,325.9316,62.5760,346.2787,
223002045900,206.5100,0.3837,1.1895,-0.4445,325.9333,62.5800,346.2678,
223015813200,206.5239,0.3820,1.1892,-0.4466,325.8851,62.5954,346.2539,
223029879500,206.5379,0.3802,1.1890,-0.4488,325.8355,62.6114,346.2406,
223044070100,206.5520,0.3788,1.1887,-0.4506,325.7695,62.6330,346.2242,
223057707000,206.5657,0.3778,1.1876,-0.4507,323.9630,62.7465,346.5452,
223071811300,206.5799,0.3770,1.1868,-0.4509,322.1009,62.8455,346.9003,
223085930900,206.5939,0.3765,1.1858,-0.4514,320.5137,62.7834,348.4066,
223099988200,206.6079,0.3760,1.1850,-0.4518,319.2444,62.6907,349.6227,
223113596700,206.6217,0.3760,1.1841,-0.4521,317.7056,63.1378,349.5210,
223127273200,206.6353,0.3760,1.1833,-0.4524,316.4252,63.4837,349.5036,
223141573900,206.6496,0.3760,1.1824,-0.4527,315.3115,63.7623,349.5407,
223155135000,206.6632,0.3768,1.1811,-0.4527,314.7217,64.0540,348.9570,
223169266600,206.6772,0.3775,1.1796,-0.4528,314.1306,64.3179,348.4969,
223183791900,206.6917,0.3778,1.1791,-0.4527,313.9089,64.6064,347.3794,
223197388600,206.7054,0.3781,1.1787,-0.4527,313.5956,64.9202,346.2750,
223210853800,206.7189,0.3783,1.1787,-0.4526,313.7958,65.1965,345.3349,
223224732200,206.7327,0.3785,1.1786,-0.4526,313.9071,65.4578,344.4915,
223238727200,206.7467,0.3787,1.1786,-0.4525,313.9520,65.7064,343.7292,
223252429600,206.7605,0.3788,1.1787,-0.4526,314.0745,65.5765,343.6542,
223266510300,206.7744,0.3789,1.1788,-0.4526,314.1477,65.4880,343.5778,
223280575900,206.7884,0.3791,1.1790,-0.4527,314.2447,65.4727,343.5134,
223294804700,206.8029,0.3793,1.1791,-0.4528,314.3257,65.4645,343.4424,
223308398700,206.8164,0.3796,1.1793,-0.4528,314.3983,65.4618,343.3620,
223322365600,206.8303,0.3798,1.1794,-0.4530,314.4536,65.4878,343.3099,
223335973100,206.8441,0.3800,1.1796,-0.4531,314.5001,65.5151,343.2571,
223350192400,206.8581,0.3801,1.1795,-0.4531,314.5488,65.5490,343.1526,
223364121800,206.8721,0.3802,1.1794,-0.4531,314.6017,65.5936,343.0200,
223378526300,206.8864,0.3803,1.1794,-0.4532,314.6559,65.6477,342.8630,
223391953900,206.9001,0.3804,1.1794,-0.4533,314.6919,65.6369,342.7878,
223405735000,206.9137,0.3805,1.1793,-0.4534,314.7224,65.6272,342.7126,
223419795400,206.9278,0.3806,1.1792,-0.4536,314.8340,65.6765,342.4460,
223433477900,206.9415,0.3807,1.1790,-0.4537,314.9614,65.7379,342.1230,
223447759800,206.9557,0.3808,1.1782,-0.4549,315.7460,65.9414,341.0204,
223461781600,206.9698,0.3808,1.1773,-0.4563,316.5292,66.1272,339.9265,
223475651000,206.9838,0.3806,1.1772,-0.4573,317.1191,65.8409,339.7526,
223489754700,206.9976,0.3804,1.1772,-0.4581,317.6079,65.6114,339.5918,
223503319500,207.0112,0.3802,1.1771,-0.4590,318.0406,65.4140,339.4366,
223517222100,207.0251,0.3800,1.1773,-0.4594,318.3258,65.6640,339.0873,
223530958600,207.0391,0.3798,1.1774,-0.4597,318.6041,65.8866,338.7575,
223545111600,207.0530,0.3796,1.1777,-0.4598,318.6276,66.4254,338.0415,
223559306800,207.0672,0.3793,1.1780,-0.4598,318.6738,67.0160,337.2407,
223573009300,207.0811,0.3790,1.1784,-0.4599,318.7399,67.6080,336.4230,
223587348500,207.0953,0.3785,1.1791,-0.4598,318.6093,69.1204,334.5366,
223601085800,207.1090,0.3780,1.1798,-0.4597,318.5409,70.5313,332.7599,
223614442100,207.1226,0.3773,1.1804,-0.4595,318.5334,72.8424,329.5415,
223628888300,207.1369,0.3767,1.1810,-0.4593,318.6166,74.7354,326.8958,
223642490200,207.1504,0.3760,1.1816,-0.4592,318.7440,76.2529,324.7651,
223656568400,207.1644,0.3752,1.1820,-0.4588,318.6153,77.6423,321.7511,
223670215300,207.1783,0.3743,1.1825,-0.4585,318.5949,78.8956,319.1846,
223684302500,207.1922,0.3725,1.1832,-0.4586,318.7297,79.2716,317.3793,
223698194400,207.2061,0.3708,1.1838,-0.4587,318.8703,79.7394,315.7037,
223711987600,207.2200,0.3692,1.1845,-0.4588,319.0214,80.2670,314.0897,
223726080600,207.2340,0.3683,1.1847,-0.4589,319.1952,80.3468,313.3207,
223740114100,207.2481,0.3676,1.1849,-0.4591,319.3646,80.5258,312.4562,
223753904400,207.2620,0.3662,1.1853,-0.4592,319.2639,80.7336,311.6784,
223768175000,207.2761,0.3647,1.1857,-0.4594,319.1982,81.0141,310.7672,
223782322600,207.2903,0.3642,1.1859,-0.4592,319.1246,81.2006,310.4222,
223795481500,207.3036,0.3637,1.1861,-0.4591,319.0730,81.4128,310.0101,
223809601400,207.3176,0.3634,1.1862,-0.4589,318.9460,81.6118,309.7648,
223823735000,207.3315,0.3632,1.1863,-0.4588,318.8192,81.8561,309.4328,
223837344100,207.3453,0.3629,1.1865,-0.4586,318.6845,82.1657,308.9857,
223851154800,207.3593,0.3629,1.1865,-0.4584,318.5394,82.3107,308.8519,
223865588200,207.3735,0.3628,1.1865,-0.4583,318.4022,82.4713,308.6804,
223879546100,207.3874,0.3626,1.1865,-0.4581,318.2963,82.5321,308.6459,
223893274300,207.4014,0.3624,1.1865,-0.4579,318.1936,82.6022,308.5903,
223907814200,207.4157,0.3621,1.1865,-0.4577,318.0843,82.6875,308.5102,
223921179000,207.4291,0.3612,1.1865,-0.4575,317.9186,82.5332,308.6517,
223935182200,207.4432,0.3602,1.1866,-0.4572,317.6948,82.3267,308.8287,
223948965400,207.4569,0.3594,1.1863,-0.4571,317.3073,81.9795,309.1424,
223962909800,207.4709,0.3586,1.1861,-0.4570,316.9021,81.6149,309.4580,
223976554800,207.4845,0.3578,1.1859,-0.4570,316.5172,81.2671,309.7466,
223990484900,207.4985,0.3565,1.1850,-0.4571,316.0695,80.8329,310.1931,
224004518200,207.5125,0.3551,1.1842,-0.4572,315.6495,80.4204,310.6062,
224018791200,207.5267,0.3518,1.1833,-0.4572,314.7525,79.5388,311.5833,
224032518400,207.5406,0.3490,1.1825,-0.4572,313.9191,78.6822,312.5168,
224046256700,207.5542,0.3469,1.1806,-0.4569,313.2680,78.3567,313.1014,
224060149000,207.5681,0.3452,1.1791,-0.4566,312.7045,78.0529,313.6145,
224073931800,207.5820,0.3437,1.1778,-0.4564,312.1939,77.7598,314.0859,
224088742700,207.5967,0.3407,1.1766,-0.4566,311.4678,77.5512,314.2990,
224102503800,207.6103,0.3380,1.1755,-0.4566,310.7608,77.3237,314.5349,
224116296600,207.6243,0.3366,1.1739,-0.4570,310.5391,77.2758,314.5030,
224129875900,207.6380,0.3353,1.1725,-0.4573,310.3428,77.2238,314.4943,
224143959500,207.6519,0.3340,1.1713,-0.4575,310.1405,77.1630,314.4997,
224158201500,207.6661,0.3342,1.1710,-0.4576,310.1597,77.1159,314.5313,
224171299900,207.6794,0.3343,1.1708,-0.4577,310.1759,77.0621,314.5687,
224185363700,207.6933,0.3347,1.1707,-0.4579,310.2561,76.8543,314.8101,
224199523800,207.7075,0.3354,1.1706,-0.4582,310.3865,76.4834,315.2430,
224213166300,207.7212,0.3368,1.1710,-0.4590,310.9454,75.7085,316.2661,
224227840900,207.7358,0.3382,1.1713,-0.4597,311.5285,74.9101,317.3318,
224241536900,207.7494,0.3393,1.1716,-0.4604,312.0547,74.1977,318.2933,
224255258500,207.7634,0.3407,1.1719,-0.4607,312.5386,73.8336,319.1293,
224269111800,207.7770,0.3419,1.1722,-0.4610,312.9658,73.5052,319.8770,
224282974200,207.7909,0.3426,1.1725,-0.4610,313.0438,73.2974,320.2628,
224296842500,207.8048,0.3432,1.1728,-0.4610,313.1149,73.1168,320.5955,
224310695600,207.8188,0.3437,1.1730,-0.4610,313.1879,72.9383,320.9226,
224325058100,207.8330,0.3440,1.1734,-0.4610,313.0925,73.0884,320.9218,
224338556600,207.8465,0.3442,1.1737,-0.4609,312.9657,73.2863,320.9361,
224352674400,207.8608,0.3444,1.1750,-0.4601,312.0796,73.9208,321.5206,
224366470200,207.8745,0.3447,1.1764,-0.4592,311.1736,74.5454,322.1559,
224381231600,207.8890,0.3452,1.1770,-0.4583,310.5711,75.0184,322.1804,
224394450500,207.9026,0.3457,1.1775,-0.4575,310.0844,75.3916,322.2295,
224408225800,207.9162,0.3462,1.1780,-0.4567,309.6600,75.7098,322.2953,
224422459900,207.9304,0.3474,1.1781,-0.4560,309.6486,75.6889,322.3810,
224436122400,207.9441,0.3486,1.1782,-0.4553,309.6353,75.6807,322.4346,
224450272000,207.9582,0.3509,1.1786,-0.4547,309.8047,75.7230,322.5589,
224463932900,207.9719,0.3530,1.1790,-0.4542,310.0867,75.8038,322.7843,
224477706700,207.9857,0.3548,1.1794,-0.4538,310.4106,75.9089,323.0636,
224491947100,208.0000,0.3594,1.1782,-0.4533,311.7680,75.7174,324.0100,
224505626700,208.0136,0.3633,1.1773,-0.4529,313.0341,75.5831,324.8917,
224520450400,208.0283,0.3709,1.1751,-0.4511,314.6492,74.0121,327.0873,
224533677500,208.0418,0.3767,1.1736,-0.4498,315.9926,72.8721,328.7824,
224547784500,208.0557,0.3819,1.1712,-0.4489,318.1642,71.4022,329.9445,
224561589900,208.0695,0.3860,1.1695,-0.4481,319.9262,70.3200,330.8630,
224575039200,208.0831,0.3894,1.1682,-0.4474,321.3785,69.4991,331.6133,
224589521000,208.0974,0.3920,1.1680,-0.4466,323.4961,68.4631,334.2819,
224603129100,208.1110,0.3944,1.1676,-0.4459,325.3488,67.6912,336.3416,
224617045400,208.1250,0.3950,1.1685,-0.4457,326.4164,67.5012,337.6960,
224630898200,208.1390,0.3959,1.1691,-0.4455,327.4455,67.3000,338.8513,
224644817300,208.1528,0.3956,1.1701,-0.4454,327.5670,67.2469,339.3423,
224659568500,208.1674,0.3956,1.1712,-0.4451,327.8073,67.1652,339.8391,
224672908700,208.1810,0.3958,1.1722,-0.4448,328.1609,67.0559,340.4086,
224687019300,208.1950,0.3957,1.1730,-0.4448,328.0090,66.9616,340.7189,
224700601400,208.2086,0.3956,1.1736,-0.4447,327.9357,66.8493,341.0861,
224714464200,208.2225,0.3958,1.1745,-0.4445,327.7777,66.8696,341.4166,
224728333700,208.2363,0.3961,1.1754,-0.4443,327.6718,66.8736,341.8263,
224742390300,208.2503,0.3965,1.1762,-0.4441,327.6203,66.8619,342.3043,
224755973600,208.2641,0.3968,1.1768,-0.4438,327.7194,66.7189,343.2926,
224770311200,208.2782,0.3973,1.1774,-0.4435,327.8825,66.5641,344.3391,
224784010400,208.2920,0.3970,1.1778,-0.4438,327.9169,66.5490,345.3680,
224797952300,208.3059,0.3968,1.1782,-0.4441,328.0006,66.5225,346.3413,
224811774100,208.3199,0.3967,1.1787,-0.4444,328.1191,66.4894,347.2561,
224825901300,208.3338,0.3965,1.1789,-0.4446,327.9259,66.0910,348.2760,
224840536500,208.3484,0.3964,1.1791,-0.4448,327.8014,65.7311,349.2587,
224853845600,208.3619,0.3958,1.1794,-0.4453,326.5532,65.2423,350.1821,
224867530700,208.3755,0.3953,1.1797,-0.4459,325.4372,64.7415,351.1717,
224881725500,208.3896,0.3949,1.1799,-0.4457,323.0372,63.5579,353.7069,
224895310400,208.4034,0.3947,1.1800,-0.4456,321.2143,62.4786,355.9162,
224909348000,208.4173,0.3945,1.1802,-0.4455,319.8663,61.5494,357.7662,
224923267100,208.4312,0.3945,1.1803,-0.4456,318.8008,61.0768,358.9658,
224937324600,208.4452,0.3946,1.1804,-0.4457,317.8924,60.5747,0.1352,
224951193700,208.4593,0.3959,1.1805,-0.4460,317.4560,61.0331,359.6374,
224965578100,208.4735,0.3980,1.1808,-0.4465,317.0134,61.3509,359.3630,
224979025900,208.4869,0.4001,1.1811,-0.4470,316.5050,61.6060,359.2185,
224993215100,208.5012,0.4019,1.1810,-0.4476,316.4565,62.0175,358.5591,
225007154300,208.5150,0.4034,1.1810,-0.4481,316.3484,62.4184,357.9440,
225021210500,208.5291,0.4041,1.1805,-0.4482,316.5743,62.9525,356.9388,
225034543600,208.5426,0.4047,1.1801,-0.4483,316.7422,63.4422,356.0300,
225049038400,208.5569,0.4051,1.1800,-0.4486,316.9841,63.6764,355.3741,
225062520500,208.5704,0.4055,1.1798,-0.4488,317.1527,63.8583,354.8586,
225076579500,208.5845,0.4059,1.1797,-0.4490,317.2676,64.0010,354.4513,
225090400600,208.5985,0.4064,1.1797,-0.4496,317.3812,63.9941,354.3364,
225104457000,208.6122,0.4069,1.1796,-0.4502,317.4576,63.9864,354.2554,
225118271400,208.6262,0.4084,1.1797,-0.4502,317.6566,64.0376,354.1230,
225132008200,208.6401,0.4100,1.1797,-0.4503,317.8694,64.0924,353.9824,
225146661200,208.6545,0.4109,1.1798,-0.4506,318.4175,64.2301,353.5979,
225160165200,208.6680,0.4117,1.1799,-0.4509,318.9863,64.3677,353.2039,
225173807800,208.6819,0.4126,1.1799,-0.4512,319.5094,64.4897,352.8460,
225188211000,208.6960,0.4131,1.1799,-0.4515,320.5675,65.1641,351.2585,
225201913400,208.7098,0.4136,1.1798,-0.4518,321.5345,65.7313,349.8627,
225215675100,208.7237,0.4138,1.1798,-0.4522,322.6790,65.8491,349.4123,
225229877800,208.7378,0.4140,1.1798,-0.4525,323.6279,65.9511,349.0143,
225243577800,208.7515,0.4140,1.1798,-0.4526,323.9559,65.7234,348.8917,
225257576400,208.7655,0.4139,1.1798,-0.4527,324.2530,65.5519,348.7635,
225271551000,208.7795,0.4139,1.1799,-0.4528,324.5539,65.4026,348.6216,
225285749300,208.7936,0.4138,1.1800,-0.4530,324.4837,65.4515,348.5030,
225299517400,208.8073,0.4137,1.1801,-0.4531,324.4284,65.4992,348.3810,
225313285100,208.8213,0.4132,1.1806,-0.4533,324.1651,65.5439,348.0750,
225327440900,208.8353,0.4125,1.1813,-0.4534,323.8470,65.6040,347.6642,
225341477000,208.8494,0.4117,1.1820,-0.4536,323.5344,65.6698,347.2179,
225355088300,208.8632,0.4099,1.1838,-0.4539,322.9169,65.8640,346.3080,
225369180200,208.8771,0.4082,1.1854,-0.4542,322.3536,66.0606,345.4190,
225382846400,208.8907,0.4043,1.1866,-0.4554,321.6737,66.1022,344.1527,
225396768000,208.9047,0.4011,1.1876,-0.4563,321.0941,66.1596,343.0190,
225410392900,208.9185,0.3954,1.1893,-0.4571,320.1152,66.3278,341.4438,
225424782000,208.9327,0.3911,1.1906,-0.4577,319.2993,66.5029,340.0618,
225438838100,208.9467,0.3877,1.1917,-0.4582,318.6212,66.6750,338.8589,
225452543500,208.9606,0.3795,1.1925,-0.4603,317.4005,66.7069,337.7464,
225466592500,208.9745,0.3731,1.1933,-0.4618,316.3495,66.7846,336.6819,
225480581900,208.9885,0.3677,1.1942,-0.4651,315.3087,66.9032,335.9707,
225494373900,209.0024,0.3630,1.1951,-0.4677,314.3839,67.0416,335.2386,
225508567900,209.0165,0.3591,1.1958,-0.4697,313.5256,67.2000,334.4792,
225521926100,209.0299,0.3579,1.1938,-0.4708,313.2948,67.2179,334.2356,
225536305500,209.0443,0.3565,1.1923,-0.4719,313.0475,67.2519,333.9570,
225550077100,209.0581,0.3530,1.1913,-0.4739,312.8481,67.3255,333.9122,
225564062300,209.0720,0.3493,1.1905,-0.4758,312.6117,67.4106,333.8181,
225577922800,209.0859,0.3478,1.1897,-0.4767,312.5884,67.4072,333.7910,
225591911700,209.1000,0.3461,1.1891,-0.4775,312.5618,67.4071,333.7581,
225605680000,209.1136,0.3441,1.1886,-0.4785,312.5150,67.4100,333.6985,
225619926200,209.1278,0.3438,1.1879,-0.4787,312.5605,67.4305,333.6970,
225633555300,209.1417,0.3432,1.1873,-0.4790,312.6056,67.4542,333.6891,
225647228800,209.1552,0.3435,1.1868,-0.4795,312.6168,67.4825,333.7954,
225661296000,209.1691,0.3436,1.1862,-0.4802,312.6269,67.5467,334.0160,
225675431100,209.1835,0.3435,1.1856,-0.4811,312.6236,67.6292,334.2785,
225689686300,209.1976,0.3430,1.1854,-0.4822,312.5132,67.3637,334.8013,
225702997300,209.2110,0.3422,1.1852,-0.4835,312.3834,67.0800,335.3454,
225717167600,209.2250,0.3407,1.1855,-0.4857,311.9218,67.1572,335.9571,
225730902200,209.2390,0.3391,1.1858,-0.4878,311.4347,67.2302,336.5698,
225744993700,209.2530,0.3375,1.1860,-0.4898,310.9708,67.2922,337.1261,
225758947600,209.2669,0.3341,1.1880,-0.4916,310.5745,67.4734,337.2449,
225772894400,209.2809,0.3309,1.1897,-0.4933,310.2145,67.6301,337.3546,
225786697400,209.2946,0.3261,1.1922,-0.4954,308.8076,67.8833,337.4727,
225800520000,209.3085,0.3221,1.1942,-0.4972,307.4258,68.1341,337.5933,
225814170500,209.3223,0.3201,1.1962,-0.4990,306.4408,67.9517,337.5850,
225828716400,209.3366,0.3182,1.1978,-0.5007,305.5755,67.8092,337.5942,
225842531600,209.3505,0.3163,1.1991,-0.5022,304.7812,67.6914,337.6154,
225856406700,209.3644,0.3140,1.2001,-0.5041,304.4391,67.2251,337.8948,
225869835800,209.3779,0.3117,1.2010,-0.5060,304.0929,66.8212,338.1458,
225884291600,209.3922,0.3049,1.2028,-0.5102,304.1852,66.6858,338.1742,
225898241300,209.4061,0.2994,1.2044,-0.5137,304.2674,66.5357,338.2082,
225912177700,209.4203,0.2927,1.2045,-0.5170,304.8611,66.3576,338.1440,
225926001800,209.4339,0.2870,1.2049,-0.5200,305.5857,66.1328,338.0628,
225939816500,209.4476,0.2821,1.2054,-0.5227,306.2611,65.9162,337.9841,
225953486000,209.4616,0.2772,1.2032,-0.5239,306.6897,66.0794,337.6890,
225967683500,209.4756,0.2728,1.2020,-0.5253,307.0420,66.2096,337.4458,
225981370700,209.4893,0.2701,1.1985,-0.5265,307.0190,66.2210,337.3591,
225995300300,209.5033,0.2671,1.1960,-0.5279,307.0057,66.2268,337.3121,
226009647700,209.5176,0.2640,1.1941,-0.5294,306.9907,66.2329,337.2618,
226023937900,209.5318,0.2633,1.1905,-0.5309,306.9772,66.2325,337.2229,
226037234400,209.5452,0.2620,1.1876,-0.5325,306.9601,66.2317,337.1754,
226051003600,209.5590,0.2622,1.1851,-0.5340,306.9230,66.3028,337.0956,
226065604400,209.5735,0.2618,1.1830,-0.5356,306.8649,66.4143,336.9727,
226079304000,209.5872,0.2607,1.1826,-0.5363,306.8003,66.5245,336.8562,
226092804900,209.6008,0.2593,1.1820,-0.5372,306.7259,66.6514,336.7243,
226106932000,209.6147,0.2576,1.1813,-0.5384,306.6433,66.7929,336.5794,
226121122800,209.6290,0.2526,1.1838,-0.5405,306.6419,66.8100,336.5495,
226134539300,209.6426,0.2477,1.1857,-0.5426,306.6414,66.8269,336.5196,
226148967500,209.6568,0.2453,1.1872,-0.5432,306.6651,66.8172,336.5120,
226162644800,209.6704,0.2431,1.1882,-0.5440,306.6918,66.8047,336.5065,
226176329100,209.6843,0.2408,1.1889,-0.5448,306.7215,66.7894,336.5030,
226190452300,209.6985,0.2412,1.1896,-0.5448,306.7147,66.7571,336.5128,
226204443400,209.7124,0.2413,1.1901,-0.5449,306.7072,66.7210,336.5256,
226218274700,209.7261,0.2430,1.1909,-0.5452,306.6687,66.6927,336.5504,
226231952100,209.7400,0.2448,1.1918,-0.5457,306.6269,66.6620,336.5788,
226246016500,209.7540,0.2502,1.1944,-0.5450,306.5978,66.6450,336.6089,
226260050000,209.7680,0.2541,1.1965,-0.5446,306.5671,66.6273,336.6422,
226273837100,209.7818,0.2567,1.1980,-0.5445,306.5349,66.6089,336.6786,
226287861600,209.7957,0.2604,1.2006,-0.5436,306.5479,66.6070,336.7373,
226301761500,209.8097,0.2631,1.2026,-0.5431,306.5780,66.6053,336.8586,
226315494500,209.8236,0.2687,1.2054,-0.5394,307.3032,66.5612,337.6210,
226329825100,209.8377,0.2728,1.2076,-0.5368,308.1728,66.5359,338.4968,
226343518500,209.8515,0.2758,1.2094,-0.5351,308.9853,66.5370,339.2816,
226357489000,209.8653,0.2819,1.2120,-0.5304,310.7545,66.6002,339.9176,
226371603400,209.8797,0.2868,1.2142,-0.5269,312.2617,66.6796,340.4598,
226385389600,209.8932,0.2941,1.2133,-0.5252,314.1776,67.0289,340.8809,
226399184900,209.9071,0.3001,1.2131,-0.5236,315.7577,67.3147,341.2555,
226412995300,209.9211,0.3034,1.2126,-0.5238,316.9079,67.6928,341.3455,
226427075000,209.9350,0.3063,1.2126,-0.5237,317.9315,68.0022,341.4681,
226441056700,209.9489,0.3092,1.2127,-0.5234,318.8982,68.2768,341.6131,
226454745100,209.9628,0.3093,1.2126,-0.5240,318.7323,68.3208,341.6693,
226468819600,209.9767,0.3096,1.2125,-0.5243,318.6761,68.3474,341.7031,
226482670700,209.9906,0.3095,1.2123,-0.5248,318.2249,68.3626,341.9074,
226497134500,210.0050,0.3097,1.2122,-0.5252,317.6683,68.3949,342.2138,
226510588900,210.0187,0.3086,1.2118,-0.5273,316.8782,68.3496,342.8796,
226524770500,210.0327,0.3077,1.2116,-0.5294,316.2198,68.3108,343.5250,
226538417400,210.0464,0.3073,1.2114,-0.5312,315.7098,68.2812,344.1064,
226552714900,210.0607,0.3066,1.2105,-0.5321,315.6077,68.1800,344.4802,
226566245700,210.0742,0.3063,1.2099,-0.5329,315.5413,68.1041,344.7990,
226580273400,210.0882,0.3067,1.2083,-0.5345,315.9093,68.0226,345.5856,
226594038300,210.1021,0.3074,1.2068,-0.5361,316.3472,67.9453,346.5041,
226608082300,210.1160,0.3081,1.2056,-0.5374,316.7891,67.8863,347.4149,
226621989400,210.1299,0.3100,1.2040,-0.5373,317.8029,67.5394,348.6062,
226635634500,210.1437,0.3119,1.2026,-0.5374,318.7222,67.2710,349.6829,
226649879100,210.1578,0.3125,1.2022,-0.5367,319.1689,67.2798,350.0748,
226664317500,210.1721,0.3131,1.2018,-0.5362,319.5624,67.2872,350.4420,
226678169200,210.1861,0.3138,1.2015,-0.5358,319.9457,67.2950,350.8149,
226691916000,210.2000,0.3140,1.2014,-0.5352,320.0737,67.3553,350.7466,
226705908600,210.2138,0.3143,1.2014,-0.5347,320.1879,67.4005,350.7171,
226720221700,210.2281,0.3145,1.2015,-0.5341,320.1422,67.4227,350.6869,
226733084700,210.2412,0.3147,1.2016,-0.5335,320.0974,67.4466,350.6609,
226747267100,210.2552,0.3145,1.2018,-0.5329,319.8397,67.4703,350.6350,
226761040200,210.2690,0.3143,1.2020,-0.5324,319.4434,67.5053,350.6175,
226774861300,210.2829,0.3142,1.2021,-0.5318,319.0186,67.5411,350.6219,
226788983500,210.2969,0.3143,1.2022,-0.5308,318.2342,67.4937,350.6468,
226803190900,210.3111,0.3146,1.2023,-0.5298,317.4889,67.4424,350.6986,
226816940900,210.3249,0.3146,1.2022,-0.5292,317.0782,67.4840,350.8473,
226830810200,210.3388,0.3147,1.2022,-0.5286,316.7314,67.5152,350.9895,
226844936700,210.3528,0.3149,1.2022,-0.5283,316.5559,67.4410,351.1649,
226858566900,210.3665,0.3150,1.2023,-0.5279,316.4003,67.3733,351.3291,
226872382400,210.3805,0.3151,1.2023,-0.5276,316.2469,67.3046,351.4985,
226886746200,210.3946,0.3153,1.2024,-0.5274,316.2267,67.3004,351.4911,
226900360600,210.4083,0.3154,1.2024,-0.5272,316.2078,67.2961,351.4863,
226914207900,210.4223,0.3154,1.2024,-0.5271,316.1849,67.3048,351.4315,
226928489100,210.4364,0.3153,1.2023,-0.5270,316.1476,67.3188,351.3436,
226942151700,210.4501,0.3153,1.2023,-0.5269,316.0908,67.3403,351.2114,
226955932900,210.4640,0.3153,1.2023,-0.5267,316.0310,67.3198,350.9672,
226969955700,210.4778,0.3153,1.2023,-0.5266,315.9620,67.2948,350.6844,
226984369900,210.4923,0.3152,1.2022,-0.5265,315.6672,67.7658,348.6129,
226998270600,210.5062,0.3151,1.2021,-0.5264,315.3984,68.2355,346.6143,
227011535300,210.5197,0.3148,1.2021,-0.5265,315.5077,68.7725,344.9688,
227025624600,210.5336,0.3144,1.2021,-0.5267,315.5959,69.2027,343.6323,
227039504000,210.5475,0.3139,1.2021,-0.5269,315.6699,69.5641,342.4967,
227053600000,210.5616,0.3124,1.2024,-0.5269,315.6516,69.6420,341.7804,
227067719600,210.5756,0.3108,1.2027,-0.5268,315.6393,69.7334,341.0968,
227081493700,210.5894,0.3071,1.2031,-0.5273,314.7910,69.9362,340.1922,
227096118600,210.6041,0.3038,1.2034,-0.5277,313.9677,70.1842,339.1954,
227109741800,210.6176,0.3011,1.2037,-0.5280,313.2310,70.4547,338.1949,
227123401000,210.6313,0.2933,1.2042,-0.5287,309.8936,69.3068,336.2429,
227137288100,210.6452,0.2873,1.2045,-0.5292,307.3483,68.6016,334.5688,
227151138700,210.6592,0.2694,1.2035,-0.5323,301.1126,66.7298,332.4149,
227165129800,210.6730,0.2559,1.2027,-0.5346,297.1421,65.7632,330.7639,
227179190500,210.6871,0.2294,1.1992,-0.5411,293.7292,59.2156,333.7058,
227193025400,210.7011,0.2090,1.1967,-0.5459,291.3069,54.6164,335.8474,
227207055200,210.7150,0.1923,1.1948,-0.5498,289.3404,50.9312,337.6140,
227221076200,210.7289,0.1709,1.1871,-0.5527,287.8143,43.8447,342.7182,
227234320800,210.7424,0.1529,1.1814,-0.5553,286.4282,37.4187,347.3661,
227248574800,210.7563,0.1299,1.1724,-0.5605,290.8304,35.0112,344.9350,
227262556100,210.7705,0.1102,1.1655,-0.5648,293.4493,32.1339,343.7899,
227276439500,210.7842,0.0925,1.1597,-0.5686,294.8335,29.3923,343.3563,
227290325400,210.7984,0.0807,1.1517,-0.5776,300.7934,28.8524,341.6799,
227304076700,210.8120,0.0684,1.1450,-0.5849,304.3480,27.5523,340.7961,
227318336100,210.8262,0.0622,1.1398,-0.5956,310.2256,27.6149,339.4698,
227332415500,210.8404,0.0541,1.1350,-0.6043,313.8678,26.9331,338.6636,
227346695500,210.8545,0.0544,1.1263,-0.6137,317.6243,26.0536,338.4940,
227360435400,210.8682,0.0513,1.1188,-0.6218,320.3956,25.1048,338.1867,
227374004400,210.8820,0.0461,1.1122,-0.6292,322.6991,24.1236,337.8026,
227388452300,210.8962,0.0482,1.0991,-0.6363,325.5757,26.1824,334.4546,
227402285500,210.9101,0.0471,1.0883,-0.6430,328.1646,27.0483,332.1576,
227415805000,210.9239,0.0528,1.0707,-0.6487,333.1644,31.2703,328.9388,
227429960000,210.9379,0.0547,1.0563,-0.6546,336.8591,33.3087,327.0419,
227443392800,210.9513,0.0547,1.0376,-0.6609,341.1455,36.2615,324.4844,
227457970700,210.9659,0.0532,1.0217,-0.6672,344.3261,37.7801,322.9049,
227471463600,210.9795,0.0507,1.0077,-0.6734,346.9327,38.6595,321.7526,
227486231900,210.9942,0.0477,0.9962,-0.6813,349.6371,40.1835,319.6139,
227499496600,211.0074,0.0442,0.9851,-0.6886,352.1016,41.1668,318.0264,
227512556900,211.0206,0.0426,0.9804,-0.6941,355.7070,43.4368,318.3749,
227526919300,211.0348,0.0402,0.9740,-0.6998,358.7206,45.0328,318.4430,
227540780300,211.0487,0.0374,0.9667,-0.7057,1.3519,46.2244,318.3581,
227554359100,211.0624,0.0311,0.9691,-0.7104,5.7768,46.7889,317.0773,
227568482200,211.0764,0.0255,0.9683,-0.7154,9.2309,47.2690,316.1795,
227582692500,211.0906,0.0206,0.9691,-0.7193,15.9800,45.8897,315.0468,
227596693300,211.1046,0.0160,0.9677,-0.7238,20.3692,45.1435,314.1929,
227610489700,211.1185,0.0163,0.9693,-0.7241,26.7348,43.5981,316.6198,
227624184100,211.1321,0.0159,0.9695,-0.7251,30.8653,42.8646,317.7855,
227638506500,211.1464,0.0149,0.9688,-0.7269,33.9166,42.4540,318.4014,
227652467800,211.1605,0.0157,0.9698,-0.7264,37.0653,41.4192,316.3052,
227666652800,211.1745,0.0165,0.9709,-0.7262,39.8149,40.5498,314.8433,
227680135400,211.1880,0.0221,0.9681,-0.7178,39.3087,41.2495,315.7606,
227693826000,211.2019,0.0259,0.9650,-0.7121,39.0865,41.8612,316.5874,
227708030700,211.2159,0.0281,0.9618,-0.7086,39.0975,42.5730,317.5746,
227722200800,211.2301,0.0255,0.9591,-0.7065,35.1670,44.0052,319.0516,
227735939700,211.2440,0.0234,0.9562,-0.7050,32.3256,45.0455,320.1545,
227749760900,211.2576,0.0197,0.9528,-0.7073,28.8627,46.3921,322.1034,
227763623600,211.2715,0.0162,0.9491,-0.7095,26.7556,47.2248,323.3580,
227777847300,211.2857,0.0145,0.9512,-0.7126,25.5162,46.9506,323.1134,
227792314800,211.3004,0.0127,0.9525,-0.7154,24.6356,46.8380,323.0550,
227805319900,211.3132,0.0109,0.9529,-0.7179,23.9220,46.8004,323.0844,
227819917400,211.3277,0.0102,0.9531,-0.7190,23.9282,46.6981,322.6681,
227833090300,211.3411,0.0095,0.9529,-0.7201,23.8953,46.6185,322.3022,
227847367200,211.3553,0.0083,0.9534,-0.7219,24.3651,46.7685,321.9279,
227861394500,211.3693,0.0069,0.9536,-0.7238,24.9221,46.9780,321.4870,
227875118400,211.3832,0.0056,0.9536,-0.7252,25.7833,47.7385,320.7145,
227889381100,211.3972,0.0042,0.9535,-0.7267,26.5279,48.4483,320.0577,
227902988800,211.4109,0.0029,0.9532,-0.7282,27.1215,49.0609,319.5424,
227916969000,211.4249,0.0024,0.9525,-0.7288,27.5512,49.7536,318.5415,
227930667200,211.4387,0.0018,0.9518,-0.7295,27.9273,50.3760,317.7106,
227944853600,211.4527,0.0011,0.9509,-0.7313,28.0417,50.6361,316.9624,
227958857000,211.4668,0.0002,0.9498,-0.7333,28.1589,50.9005,316.3237,
227972220500,211.4803,-0.0008,0.9486,-0.7353,28.2814,51.1742,315.7408,
227986346400,211.4943,-0.0017,0.9484,-0.7367,28.1838,51.1834,315.8048,
228001219700,211.5090,-0.0026,0.9480,-0.7381,28.1401,51.1947,315.8281,
228014356700,211.5224,-0.0030,0.9467,-0.7389,28.0942,51.2163,315.9801,
228028496200,211.5364,-0.0034,0.9453,-0.7399,28.0024,51.2807,316.2986,
228042105000,211.5500,-0.0039,0.9439,-0.7409,27.9012,51.3764,316.6650,
228056715800,211.5646,-0.0047,0.9439,-0.7417,27.7501,51.4790,316.9967,
228070077300,211.5782,-0.0055,0.9438,-0.7425,27.6148,51.5894,317.2943,
228084125100,211.5921,-0.0064,0.9436,-0.7436,27.3563,51.7013,317.1991,
228098034300,211.6060,-0.0073,0.9433,-0.7448,27.0113,51.8652,317.0553,
228111575200,211.6196,-0.0083,0.9430,-0.7461,26.6158,52.0689,316.8722,
228125877100,211.6338,-0.0096,0.9429,-0.7472,26.4149,52.2534,316.7039,
228146023000,211.6539,-0.0109,0.9427,-0.7483,26.2274,52.4370,316.5338,
228157106100,211.6648,-0.0115,0.9422,-0.7484,26.0905,52.8344,316.2162,
228170836000,211.6789,-0.0120,0.9416,-0.7485,25.9516,53.2556,315.8754,
228184927600,211.6928,-0.0121,0.9413,-0.7487,25.7830,54.1674,315.0461,
228198876700,211.7068,-0.0123,0.9410,-0.7490,25.6378,55.0212,314.2668,
228212705500,211.7207,-0.0125,0.9407,-0.7494,25.5222,55.7599,313.5905,
228236643900,211.7445,-0.0125,0.9403,-0.7496,25.1681,56.4434,313.1626,
228251326500,211.7594,-0.0121,0.9397,-0.7501,24.7828,57.2832,313.0058,
228266107600,211.7740,-0.0117,0.9392,-0.7507,24.4205,58.1408,312.7778,
228279101000,211.7871,-0.0105,0.9385,-0.7509,23.9251,58.8871,313.0977,
228292714500,211.8008,-0.0095,0.9379,-0.7512,23.5017,59.5436,313.3286,
228307129300,211.8150,-0.0086,0.9373,-0.7515,23.1180,60.1546,313.5044,
228321002200,211.8288,-0.0061,0.9356,-0.7507,22.8062,60.5433,313.4415,
228334571000,211.8427,-0.0039,0.9341,-0.7500,22.5097,60.9337,313.3751,
228348635500,211.8565,-0.0027,0.9348,-0.7505,22.3183,61.2064,313.5741,
228363431800,211.8714,-0.0017,0.9354,-0.7508,22.1253,61.4890,313.7528,
228376700800,211.8846,-0.0007,0.9359,-0.7512,21.9178,61.7987,313.9264,
228390359100,211.8985,0.0002,0.9366,-0.7510,21.7817,61.9801,314.0508,
228404433500,211.9124,0.0010,0.9372,-0.7508,21.6428,62.1706,314.1667,
228418595200,211.9265,0.0014,0.9385,-0.7502,21.6547,62.1689,314.2237,
228432072500,211.9401,0.0017,0.9398,-0.7497,21.6621,62.1718,314.2686,
228446067100,211.9541,0.0021,0.9409,-0.7492,21.6697,62.1800,314.3279,
228460015100,211.9680,0.0032,0.9422,-0.7486,21.6814,62.1936,314.3436,
228473784200,211.9819,0.0041,0.9433,-0.7481,21.6925,62.2111,314.3595,
228487616700,211.9955,0.0057,0.9442,-0.7465,21.6954,62.2096,314.3417,
228501771300,212.0098,0.0071,0.9450,-0.7452,21.6970,62.2096,314.3212,
228515595300,212.0237,0.0096,0.9451,-0.7428,21.6913,62.1391,314.0869,
228529590300,212.0376,0.0118,0.9453,-0.7407,21.6740,62.0012,313.6083,
228543240500,212.0512,0.0137,0.9455,-0.7390,21.6468,61.8425,313.0347,
228557670800,212.0656,0.0164,0.9447,-0.7366,21.6957,61.6737,312.8471,
228571016200,212.0791,0.0188,0.9440,-0.7346,21.7334,61.5350,312.6864,
228584871600,212.0928,0.0216,0.9420,-0.7330,21.7387,61.4400,312.7090,
228599197000,212.1071,0.0240,0.9405,-0.7316,21.7442,61.3168,312.7372,
228612739000,212.1208,0.0252,0.9400,-0.7320,21.7525,61.1612,312.7597,
228626952300,212.1349,0.0264,0.9397,-0.7321,21.7606,60.9844,312.7836,
228641042100,212.1490,0.0276,0.9393,-0.7321,21.7677,60.7967,312.8074,
228654902600,212.1629,0.0285,0.9389,-0.7319,21.6157,60.5948,312.8992,
228668748700,212.1767,0.0296,0.9384,-0.7316,21.4439,60.3736,313.0005,
228682618100,212.1906,0.0302,0.9380,-0.7320,21.3553,60.3198,312.9744,
228696331900,212.2043,0.0309,0.9377,-0.7323,21.2856,60.2801,312.9531,
228710411700,212.2185,0.0321,0.9360,-0.7312,21.1588,60.1591,312.8703,
228724533700,212.2325,0.0337,0.9342,-0.7300,21.0009,60.0113,312.7658,
228738137900,212.2461,0.0352,0.9325,-0.7288,20.8241,59.8491,312.6477,
228751869900,212.2600,0.0356,0.9325,-0.7290,20.6634,59.7679,312.4502,
228766024000,212.2739,0.0360,0.9324,-0.7291,20.4936,59.6854,312.2396,
228780060500,212.2880,0.0365,0.9322,-0.7287,20.3458,59.6053,311.9442,
228793672600,212.3018,0.0373,0.9318,-0.7282,20.1922,59.5253,311.6336,
228808175000,212.3161,0.0382,0.9314,-0.7276,20.0384,59.4483,311.3198,
228822102400,212.3300,0.0386,0.9315,-0.7279,20.0343,59.5420,311.1992,
228836282600,212.3443,0.0390,0.9316,-0.7281,20.0308,59.6309,311.0846,
228849928000,212.3580,0.0396,0.9314,-0.7288,20.0529,59.8613,310.9032,
228863553800,212.3715,0.0403,0.9311,-0.7295,20.0799,60.1293,310.6920,
228877446600,212.3853,0.0411,0.9309,-0.7300,20.0743,60.2746,310.6150,
228891561400,212.3997,0.0419,0.9306,-0.7304,20.0697,60.4013,310.5480,
228905817200,212.4137,0.0427,0.9303,-0.7308,20.0654,60.5223,310.4841,
228919614900,212.4276,0.0429,0.9303,-0.7318,20.1558,61.1219,310.5429,
228933321200,212.4414,0.0432,0.9303,-0.7328,20.2601,61.8168,310.6133,
228947567500,212.4555,0.0438,0.9303,-0.7332,20.2816,62.4839,310.7224,
228961183000,212.4691,0.0445,0.9303,-0.7336,20.3010,63.0999,310.8238,
228974920800,212.4830,0.0451,0.9302,-0.7340,20.3185,63.6651,310.9175,
228989138500,212.4970,0.0452,0.9303,-0.7342,20.4768,64.2646,310.9211,
229002864700,212.5108,0.0453,0.9303,-0.7344,20.6240,64.8406,310.9301,
229016828700,212.5248,0.0454,0.9306,-0.7347,20.5361,65.4118,310.6082,
229030587600,212.5387,0.0457,0.9310,-0.7351,20.4584,65.9797,310.3053,
229044757500,212.5526,0.0456,0.9311,-0.7354,20.7609,66.5396,309.8555,
229058620100,212.5666,0.0455,0.9311,-0.7357,21.0448,67.0841,309.4410,
229072354100,212.5805,0.0454,0.9311,-0.7360,21.3056,67.5995,309.0670,
229086738500,212.5947,0.0454,0.9311,-0.7364,21.3928,68.4911,308.4801,
229100628300,212.6085,0.0453,0.9310,-0.7368,21.4929,69.3278,307.9413,
229113812300,212.6219,0.0450,0.9303,-0.7378,21.4940,70.0253,307.7605,
229128083300,212.6360,0.0446,0.9295,-0.7388,21.5093,70.6552,307.5840,
229142134300,212.6501,0.0442,0.9287,-0.7398,21.5353,71.2560,307.4062,
229155845600,212.6639,0.0429,0.9277,-0.7423,20.9374,72.1597,307.4005,
229169898300,212.6779,0.0417,0.9269,-0.7445,20.3890,73.0715,307.3575,
229183936600,212.6919,0.0396,0.9278,-0.7475,18.8490,75.0668,305.9008,
229197884800,212.7058,0.0378,0.9285,-0.7501,17.6560,76.7814,304.6758,
229211771500,212.7198,0.0353,0.9296,-0.7539,16.2906,78.7635,303.2628,
229226403500,212.7343,0.0333,0.9304,-0.7569,15.2919,80.3589,302.1387,
229239895400,212.7479,0.0316,0.9310,-0.7594,14.5154,81.7062,301.1989,
229253589300,212.7617,0.0316,0.9308,-0.7630,13.8623,82.4916,301.1882,
229267596800,212.7755,0.0315,0.9307,-0.7661,13.2757,83.2827,301.0396,
229282180400,212.7901,0.0313,0.9309,-0.7694,13.4519,83.5971,301.5958,
229295554500,212.8037,0.0311,0.9312,-0.7723,13.5688,84.0335,302.0960,
229309691700,212.8177,0.0308,0.9314,-0.7750,13.6314,84.6066,302.5620,
229323703200,212.8316,0.0295,0.9304,-0.7776,13.7417,84.2698,303.4193,
229337846400,212.8458,0.0283,0.9296,-0.7802,13.8131,84.0288,304.2818,
229351834500,212.8600,0.0295,0.9287,-0.7829,13.9724,84.1288,304.5371,
229365775600,212.8737,0.0303,0.9280,-0.7856,14.0670,84.2460,304.7119,
229379676600,212.8875,0.0353,0.9258,-0.7909,14.2682,84.1379,304.2630,
229393115900,212.9012,0.0389,0.9242,-0.7955,14.7165,83.9328,303.1790,
229407949200,212.9159,0.0415,0.9229,-0.7993,15.1767,83.7590,301.9713,
229421619600,212.9296,0.0410,0.9256,-0.8081,16.9712,83.6199,299.5762,
229435559100,212.9436,0.0409,0.9273,-0.8151,18.3655,83.5117,297.6113,
229449363800,212.9574,0.0374,0.9301,-0.8267,19.8942,84.0565,297.0198,
229463921200,212.9719,0.0351,0.9321,-0.8361,21.0899,84.4749,296.4482,
229477348100,212.9853,0.0334,0.9336,-0.8441,22.0986,84.8196,295.8839,
229491030700,212.9991,0.0312,0.9363,-0.8525,22.4191,85.7659,297.2817,
229505480900,213.0134,0.0296,0.9384,-0.8600,22.8399,86.7947,298.6230,
229519083300,213.0270,0.0284,0.9364,-0.8647,22.3177,88.2247,301.2221,
229532920000,213.0410,0.0275,0.9353,-0.8697,21.9644,89.4572,303.2827,
229546817200,213.0547,0.0277,0.9278,-0.8756,20.8695,92.3828,308.0605,
229560709600,213.0686,0.0277,0.9225,-0.8814,20.0674,94.4705,311.3521,
229574406300,213.0825,0.0276,0.9186,-0.8871,19.4941,96.0137,313.6849,
229588487000,213.0965,0.0281,0.9198,-0.8970,20.2377,95.9862,313.4283,
229602556400,213.1104,0.0284,0.9203,-0.9058,20.7424,96.0880,313.3999,
229616535300,213.1245,0.0312,0.9276,-0.9183,23.4488,93.5226,311.5509,
229630230700,213.1384,0.0332,0.9326,-0.9292,25.8642,91.2719,309.9949,
229644434800,213.1524,0.0346,0.9362,-0.9389,27.6105,89.7364,309.0040,
229658134200,213.1660,0.0359,0.9391,-0.9492,28.8914,88.2791,308.0129,
229672051200,213.1802,0.0370,0.9414,-0.9587,29.9319,87.2104,307.3396,
229686452000,213.1944,0.0366,0.9404,-0.9709,30.9495,85.8229,306.5376,
229699817500,213.2078,0.0364,0.9400,-0.9820,31.8901,84.6469,305.8813,
229713711900,213.2217,0.0339,0.9385,-0.9933,31.7831,84.6933,305.9344,
229727686200,213.2357,0.0322,0.9376,-1.0038,31.7738,84.6930,305.9439,
229741757900,213.2497,0.0309,0.9371,-1.0140,31.7790,84.6822,305.9510,
229755777900,213.2639,0.0271,0.9392,-1.0226,31.5390,85.1550,306.2284,
229769726000,213.2776,0.0242,0.9408,-1.0314,31.1191,86.0555,306.7643,
229783519200,213.2915,0.0223,0.9462,-1.0397,30.6533,87.8225,309.0921,
229797646900,213.3056,0.0208,0.9502,-1.0482,30.2745,89.3247,311.1356,
229811318600,213.3194,0.0212,0.9537,-1.0620,30.3563,89.0524,311.2820,
229825194500,213.3331,0.0212,0.9566,-1.0745,30.4265,88.8906,311.4040,
229839139000,213.3471,0.0210,0.9592,-1.0862,30.5121,88.7381,311.5500,
229852846100,213.3610,0.0225,0.9600,-1.1004,30.4194,88.3346,311.5555,
229866918000,213.3749,0.0233,0.9611,-1.1133,30.3281,87.8680,311.5905,
229881245300,213.3892,0.0224,0.9638,-1.1249,30.3587,86.8380,311.4033,
229894843400,213.4030,0.0216,0.9662,-1.1363,30.4059,85.8190,311.2463,
229908866300,213.4169,0.0210,0.9684,-1.1475,30.4637,84.9006,311.1289,
229922875200,213.4307,0.0183,0.9680,-1.1518,30.2900,84.8503,311.4966,
229937240400,213.4449,0.0162,0.9682,-1.1581,30.1513,84.7811,311.8203,
229950761500,213.4588,0.0138,0.9601,-1.1606,29.6606,85.1804,312.1453,
229964488800,213.4724,0.0119,0.9547,-1.1652,29.0493,85.6514,312.5569,
229978430000,213.4863,0.0071,0.9441,-1.1675,28.1800,86.5691,311.6439,
229992266400,213.5003,0.0034,0.9364,-1.1716,27.2999,87.5019,310.7066,
230006217500,213.5142,0.0003,0.9306,-1.1768,26.5625,88.2849,309.9119,
230020039400,213.5280,-0.0061,0.9286,-1.1774,25.2836,90.3209,305.8365,
230034042500,213.5422,-0.0111,0.9265,-1.1800,24.4143,91.8282,302.9626,
230048013900,213.5559,-0.0151,0.9319,-1.1769,23.1420,94.3189,300.2264,
230062265300,213.5702,-0.0190,0.9358,-1.1759,22.2993,96.0830,298.1949,
230076467700,213.5844,-0.0224,0.9382,-1.1766,21.6735,97.4662,296.5418,
230090560800,213.5986,-0.0213,0.9449,-1.1748,21.9875,100.0335,297.8836,
230103830300,213.6117,-0.0211,0.9497,-1.1746,22.0755,102.2520,298.5599,
230117529500,213.6255,-0.0174,0.9555,-1.1774,22.0875,103.3777,300.5513,
230131263900,213.6394,-0.0154,0.9598,-1.1803,21.9983,104.5693,301.9917,
230145247800,213.6532,-0.0107,0.9612,-1.1891,22.5685,104.3440,303.8379,
230159355600,213.6672,-0.0076,0.9625,-1.1964,22.9889,104.4113,305.3076,
230173034600,213.6811,-0.0055,0.9639,-1.2027,23.2700,104.6594,306.4087,
230187043700,213.6950,-0.0002,0.9604,-1.2132,24.6464,103.6190,308.1397,
230200999500,213.7090,0.0036,0.9583,-1.2221,25.7204,103.0218,309.5385,
230215027000,213.7230,0.0088,0.9544,-1.2313,26.8008,101.6857,311.6087,
230228928200,213.7369,0.0128,0.9518,-1.2394,27.6375,100.8788,313.1975,
230242895200,213.7508,0.0160,0.9499,-1.2469,28.2953,100.3946,314.4552,
230256860100,213.7647,0.0191,0.9459,-1.2547,28.7064,100.0067,315.0883,
230270897200,213.7788,0.0218,0.9430,-1.2621,29.0874,99.7314,315.7141,
230284770800,213.7926,0.0232,0.9410,-1.2687,28.8990,100.0195,315.7868,
230298658200,213.8065,0.0247,0.9393,-1.2752,28.6392,100.4648,315.9671,
230312525700,213.8205,0.0238,0.9401,-1.2822,27.3077,101.8357,315.0655,
230327464300,213.8352,0.0236,0.9404,-1.2891,26.0875,103.1734,314.2869,
230340486000,213.8483,0.0239,0.9403,-1.2958,25.1814,104.2298,313.7569,
230354175400,213.8622,0.0228,0.9375,-1.3041,24.3735,104.9781,312.3249,
230368332100,213.8763,0.0224,0.9353,-1.3118,23.7447,105.6278,311.2805,
230382620500,213.8905,0.0257,0.9305,-1.3211,23.6465,105.7240,311.3072,
230396390400,213.9043,0.0284,0.9268,-1.3297,23.5712,105.8100,311.3113,
230410021300,213.9181,0.0333,0.9236,-1.3389,23.2271,106.1024,311.5373,
230424270100,213.9322,0.0372,0.9208,-1.3475,22.7704,106.5026,311.8052,
230437841400,213.9457,0.0405,0.9183,-1.3558,22.2546,106.9643,312.0763,
230451532700,213.9596,0.0457,0.9218,-1.3657,22.2748,106.9125,312.1080,
230465598200,213.9735,0.0499,0.9238,-1.3749,22.2816,106.8885,312.1261,
230479642500,213.9876,0.0550,0.9248,-1.3838,22.1955,106.9560,312.2270,
230493378000,214.0014,0.0594,0.9252,-1.3924,22.0293,107.0926,312.4041,
230507481900,214.0154,0.0633,0.9253,-1.4009,21.8008,107.2861,312.6290,
230521373000,214.0293,0.0702,0.9269,-1.4112,21.7577,107.4625,312.6826,
230535056500,214.0432,0.0759,0.9278,-1.4210,21.7059,107.6532,312.7355,
230549228200,214.0571,0.0821,0.9258,-1.4331,21.7306,107.7071,312.7882,
230563119700,214.0711,0.0876,0.9242,-1.4442,21.7503,107.7586,312.8349,
230576954700,214.0849,0.0927,0.9230,-1.4547,21.7708,107.8207,312.8879,
230590833200,214.0989,0.0987,0.9232,-1.4679,21.7395,107.8106,313.7709,
230604923800,214.1128,0.1041,0.9232,-1.4799,21.6889,107.8017,314.9071,
230618833900,214.1268,0.1104,0.9311,-1.4935,23.1833,107.2793,315.9976,
230632576900,214.1407,0.1162,0.9366,-1.5060,24.5105,106.8402,316.9825,
230646637500,214.1546,0.1213,0.9478,-1.5149,24.3972,106.4364,317.3732,
230660575700,214.1685,0.1263,0.9562,-1.5242,24.3433,106.1236,317.7001,
230674410300,214.1825,0.1313,0.9628,-1.5338,24.3208,105.8427,318.0124,
230688520000,214.1964,0.1347,0.9661,-1.5447,24.0479,105.2480,317.8968,
230702357100,214.2103,0.1385,0.9693,-1.5554,23.7841,104.6231,317.8135,
230716576300,214.2244,0.1412,0.9651,-1.5616,23.1539,104.2612,317.4185,
230730109900,214.2382,0.1445,0.9629,-1.5688,22.5217,103.8793,317.0479,
230744305600,214.2522,0.1454,0.9552,-1.5728,22.6136,103.9866,317.7611,
230757894800,214.2659,0.1472,0.9502,-1.5782,22.7497,104.1289,318.8382,
230771733200,214.2798,0.1496,0.9467,-1.5847,22.8962,104.2662,320.0204,
230785912900,214.2939,0.1502,0.9458,-1.5884,22.3810,103.7981,320.8757,
230799941100,214.3079,0.1516,0.9451,-1.5933,21.9432,103.3722,321.6818,
230813580600,214.3217,0.1534,0.9437,-1.5952,21.8801,102.9752,321.5492,
230827747200,214.3356,0.1555,0.9425,-1.5985,21.8266,102.6538,321.4807,
230841581200,214.3495,0.1581,0.9414,-1.6032,21.7712,102.3321,321.4438,
230855417300,214.3635,0.1588,0.9413,-1.6041,21.7549,102.0315,320.7377,
230869585500,214.3775,0.1599,0.9410,-1.6061,21.7230,101.6120,319.8255,
230883447800,214.3913,0.1621,0.9394,-1.6074,21.7267,101.2109,319.7000,
230897311500,214.4053,0.1648,0.9377,-1.6100,21.7268,100.8385,319.5998,
230911404600,214.4195,0.1681,0.9357,-1.6134,21.6779,100.6676,319.7078,
230925184300,214.4331,0.1714,0.9339,-1.6173,21.6238,100.4761,319.8326,
230939392300,214.4473,0.1746,0.9323,-1.6215,21.5614,100.2524,319.9820,
230952871500,214.4610,0.1820,0.9287,-1.6275,21.9974,99.7454,320.8463,
230967155300,214.4751,0.1881,0.9259,-1.6330,22.4620,99.2043,321.7696,
230980746600,214.4887,0.1956,0.9266,-1.6415,22.6656,98.0764,321.7711,
230994605200,214.5026,0.2020,0.9267,-1.6490,22.8495,97.0882,321.8003,
231008957700,214.5168,0.2077,0.9264,-1.6558,23.0171,96.2143,321.8484,
231022773800,214.5307,0.2154,0.9313,-1.6658,24.0458,93.1446,320.9385,
231036886200,214.5448,0.2222,0.9345,-1.6745,24.8613,90.5551,320.1895,
231050308300,214.5583,0.2266,0.9412,-1.6845,24.7100,89.1355,319.6214,
231064353600,214.5723,0.2312,0.9461,-1.6934,24.6402,87.9398,319.1946,
231078202100,214.5861,0.2363,0.9491,-1.7013,24.6126,86.9492,319.0953,
231092050400,214.6001,0.2413,0.9516,-1.7090,24.6155,85.9624,318.9840,
231106212300,214.6140,0.2462,0.9537,-1.7164,24.6392,84.9494,318.8603,
231120302100,214.6282,0.2509,0.9456,-1.7234,23.9250,84.0093,318.8693,
231133848400,214.6419,0.2556,0.9402,-1.7305,23.2999,83.0055,318.8640,
231147802900,214.6557,0.2572,0.9347,-1.7384,22.8335,82.5334,318.7952,
231162121400,214.6700,0.2596,0.9308,-1.7461,22.4378,82.0220,318.7276,
231175716800,214.6838,0.2626,0.9277,-1.7537,22.0697,81.4545,318.6581,
231189571900,214.6975,0.2639,0.9297,-1.7628,22.1161,81.0783,318.2968,
231203683300,214.7116,0.2660,0.9308,-1.7714,22.1456,80.6334,317.9327,
231217596400,214.7255,0.2702,0.9342,-1.7809,22.3764,80.0239,317.7526,
231231201300,214.7393,0.2743,0.9365,-1.7898,22.6060,79.3026,317.5488,
231245285600,214.7532,0.2805,0.9394,-1.8006,23.8389,78.2262,318.7001,
231259473900,214.7674,0.2860,0.9416,-1.8106,25.0151,77.1168,319.7618,
231272958600,214.7810,0.2911,0.9432,-1.8201,25.9862,76.1270,320.6077,
231287071500,214.7950,0.2965,0.9454,-1.8290,28.5841,74.7317,323.6002,
231300939000,214.8089,0.3017,0.9472,-1.8378,30.5279,73.6495,325.7457,
231315192100,214.8233,0.3044,0.9368,-1.8505,31.8359,73.3430,326.0603,
231328995300,214.8369,0.3077,0.9295,-1.8621,32.9007,72.9804,326.4354,
231343245500,214.8512,0.3112,0.9241,-1.8730,33.8992,72.5688,326.8629,
231356967200,214.8649,0.3093,0.9160,-1.8863,33.1137,71.6972,325.4381,
231370649100,214.8787,0.3091,0.9098,-1.8985,32.0537,70.2876,323.4192,
231384303800,214.8922,0.3082,0.9110,-1.9082,30.8967,68.1545,321.1168,
231398086900,214.9060,0.3085,0.9112,-1.9180,30.0994,66.4229,319.4649,
231411858100,214.9200,0.3080,0.9152,-1.9224,28.5435,65.3179,317.6676,
231425885600,214.9338,0.3083,0.9176,-1.9283,27.4190,64.3446,316.3304,
231439938800,214.9478,0.3092,0.9189,-1.9352,26.5742,63.4697,315.2921,
231453606400,214.9617,0.3118,0.9268,-1.9376,25.9786,62.9934,315.4756,
231467644000,214.9756,0.3142,0.9322,-1.9417,25.4477,62.4667,315.5448,
231481550000,214.9895,0.3164,0.9362,-1.9470,24.9241,61.8680,315.5399,
231495763000,215.0038,0.3184,0.9408,-1.9481,24.0253,61.4118,316.1510,
231509776700,215.0177,0.3203,0.9442,-1.9509,23.1556,60.8561,316.6428,
231523311600,215.0313,0.3265,0.9516,-1.9494,22.6433,60.0115,316.9131,
231537442500,215.0454,0.3316,0.9574,-1.9502,22.1466,59.1887,317.1155,
231550999900,215.0590,0.3363,0.9591,-1.9500,22.2592,57.0574,316.4739,
231564926900,215.0729,0.3401,0.9608,-1.9513,22.2540,55.0389,315.8878,
231578911500,215.0868,0.3418,0.9604,-1.9504,23.1736,52.3496,314.2439,
231592625600,215.1007,0.3435,0.9605,-1.9506,23.7613,50.0131,312.8829,
231606788900,215.1147,0.3455,0.9610,-1.9514,24.1173,48.0180,311.7741,
231620825800,215.1288,0.3472,0.9589,-1.9502,24.1704,46.2258,310.6382,
231634518700,215.1426,0.3494,0.9573,-1.9497,24.1731,44.5685,309.6486,
231648365300,215.1563,0.3496,0.9571,-1.9485,23.8134,43.7594,308.9157,
231662482000,215.1703,0.3500,0.9571,-1.9480,23.5009,42.8715,308.2159,
231676460400,215.1844,0.3509,0.9551,-1.9480,23.6453,42.3915,308.5813,
231690037200,215.1981,0.3522,0.9531,-1.9484,23.7800,41.7320,308.8687,
231704143200,215.2121,0.3538,0.9515,-1.9491,23.9059,40.8969,309.0813,
231718120500,215.2260,0.3555,0.9499,-1.9506,23.7419,40.3136,310.4913,
231731944200,215.2400,0.3572,0.9486,-1.9522,23.6008,39.5901,311.6944,
231745902100,215.2538,0.3593,0.9465,-1.9535,23.8344,38.8194,312.7995,
231759794500,215.2677,0.3613,0.9446,-1.9549,24.0244,38.0364,313.6769,
231773718000,215.2817,0.3633,0.9431,-1.9563,24.1851,37.2546,314.3963,
231787746200,215.2957,0.3646,0.9431,-1.9563,23.6272,36.8454,314.5051,
231801626100,215.3096,0.3659,0.9430,-1.9564,23.1605,36.3808,314.6415,
231815451900,215.3235,0.3658,0.9431,-1.9564,23.1776,36.0753,314.5802,
231829516700,215.3374,0.3658,0.9431,-1.9564,23.1915,35.7315,314.5463,
231843339100,215.3513,0.3655,0.9431,-1.9566,23.1818,35.6604,314.4291,
231857364300,215.3653,0.3652,0.9430,-1.9568,23.1713,35.5666,314.3206,
231871112900,215.3792,0.3648,0.9428,-1.9572,23.1572,35.4236,314.1917,
231885162800,215.3931,0.3642,0.9427,-1.9573,23.1613,35.3105,313.7807,
231899275900,215.4072,0.3637,0.9426,-1.9575,23.1646,35.1368,313.2805,
231913159800,215.4212,0.3626,0.9425,-1.9580,23.1945,35.1339,312.3513,
231926536600,215.4345,0.3616,0.9423,-1.9585,23.2227,35.0950,311.4443,
231940621900,215.4485,0.3608,0.9421,-1.9590,23.2461,35.0298,310.6454,
231954610400,215.4627,0.3602,0.9415,-1.9600,23.2414,35.1088,310.4394,
231968659600,215.4766,0.3596,0.9410,-1.9611,23.2382,35.1529,310.2773,
231982602500,215.4906,0.3594,0.9401,-1.9622,23.2097,35.1322,310.2449,
231996544000,215.5044,0.3592,0.9394,-1.9633,23.1908,35.1155,310.2208,
232010241900,215.5184,0.3589,0.9379,-1.9644,23.1900,35.1052,310.2107,
232024299300,215.5323,0.3587,0.9365,-1.9656,23.1896,35.0922,310.1983,
232038466100,215.5464,0.3585,0.9352,-1.9667,23.1896,35.0765,310.1837,
232052080200,215.5601,0.3599,0.9345,-1.9696,23.2274,35.1401,310.1868,
232065851900,215.5738,0.3611,0.9338,-1.9723,23.3240,35.2995,310.1936,
232080361500,215.5883,0.3622,0.9331,-1.9748,23.4700,35.5366,310.2026,
232093988800,215.6021,0.3632,0.9332,-1.9753,23.6768,35.6193,310.5259,
232107889600,215.6158,0.3640,0.9325,-1.9758,23.8396,35.6995,311.4296,
232121581300,215.6296,0.3647,0.9319,-1.9763,24.0185,35.7868,312.4670,
232135418600,215.6436,0.3655,0.9312,-1.9770,24.1797,35.8647,313.4431,
232149307700,215.6573,0.3663,0.9309,-1.9767,23.9324,36.0538,314.3873,
232163557200,215.6715,0.3670,0.9306,-1.9764,23.7165,36.2107,315.2325,
232177582500,215.6855,0.3679,0.9303,-1.9763,23.5259,36.3428,315.9970,
232191104100,215.6992,0.3685,0.9297,-1.9758,23.1541,36.6626,316.1425,
232205181400,215.7132,0.3692,0.9292,-1.9754,22.7970,36.9646,316.3154,
232219704800,215.7276,0.3699,0.9288,-1.9751,22.3300,37.8735,316.4084,
232232945800,215.7411,0.3706,0.9283,-1.9748,21.8361,38.8128,316.5406,
232247046900,215.7549,0.3713,0.9281,-1.9746,21.5857,39.5058,316.4135,
232260623600,215.7686,0.3720,0.9279,-1.9745,21.3563,40.1187,316.3343,
232274492800,215.7825,0.3727,0.9276,-1.9744,21.1423,40.6727,316.2885,
232288591300,215.7966,0.3734,0.9278,-1.9746,20.9193,41.0781,316.3279,
232302419000,215.8104,0.3741,0.9280,-1.9748,20.7082,41.4613,316.3752,
232316690800,215.8246,0.3747,0.9281,-1.9746,20.5991,41.4319,316.4920,
232330300300,215.8383,0.3752,0.9283,-1.9744,20.4796,41.4134,316.6183,
232344234800,215.8522,0.3757,0.9284,-1.9743,20.3194,41.4023,316.7862,
232358295000,215.8662,0.3767,0.9289,-1.9736,20.2588,41.3410,316.9087,
232372646200,215.8808,0.3778,0.9293,-1.9729,20.1909,41.2862,317.0403,
232386368600,215.8943,0.3792,0.9293,-1.9716,20.0695,41.0766,317.3429,
232400177800,215.9082,0.3805,0.9292,-1.9705,19.9276,40.8516,317.6894,
232413831000,215.9220,0.3821,0.9300,-1.9688,19.7129,40.5910,318.1267,
232427736400,215.9357,0.3835,0.9307,-1.9673,19.5027,40.3500,318.5515,
232441999400,215.9499,0.3848,0.9312,-1.9660,19.3053,40.1351,318.9480,
232455755900,215.9639,0.3851,0.9319,-1.9643,19.0811,39.8619,319.2943,
232469533500,215.9775,0.3854,0.9326,-1.9627,18.8693,39.6127,319.6239,
232483719300,215.9917,0.3857,0.9335,-1.9614,18.8758,39.5527,319.9558,
232497789400,216.0056,0.3860,0.9344,-1.9602,18.8750,39.4967,320.2673,
232511445500,216.0196,0.3861,0.9346,-1.9596,19.1588,39.5321,320.7030,
232525500600,216.0334,0.3862,0.9348,-1.9590,19.4586,39.5716,321.1844,
232539441100,216.0474,0.3864,0.9350,-1.9584,19.7531,39.6124,321.6769,
232553236500,216.0613,0.3863,0.9347,-1.9574,20.2106,39.5612,322.2515,
232567113500,216.0750,0.3862,0.9344,-1.9563,20.6444,39.5177,322.8142,
232580876700,216.0889,0.3862,0.9338,-1.9546,21.3074,39.5341,323.3249,
232595015600,216.1031,0.3863,0.9333,-1.9529,21.9180,39.5545,323.8164,
232608831200,216.1168,0.3859,0.9321,-1.9521,22.5363,39.1859,324.0803,
232623030300,216.1310,0.3856,0.9310,-1.9513,23.1171,38.8531,324.3453,
232636614900,216.1446,0.3853,0.9300,-1.9505,23.6624,38.5521,324.6079,
232650740400,216.1589,0.3853,0.9274,-1.9496,23.7975,38.0831,324.3747,
232664878800,216.1728,0.3854,0.9251,-1.9487,23.9455,37.6416,324.1796,
232678336700,216.1864,0.3835,0.9234,-1.9481,24.1609,37.3674,323.0943,
232692181700,216.2003,0.3820,0.9220,-1.9475,24.4408,37.0215,321.8210,
232706157000,216.2141,0.3808,0.9206,-1.9469,24.7260,36.6752,320.6327,
232720444200,216.2283,0.3807,0.9204,-1.9471,24.8488,37.3602,318.3805,
232733851000,216.2420,0.3806,0.9202,-1.9472,25.0115,37.8785,316.4858,
232748001900,216.2560,0.3804,0.9202,-1.9472,25.0776,37.5792,315.0553,
232762036700,216.2700,0.3803,0.9201,-1.9471,25.1554,37.3560,313.8813,
232777002900,216.2849,0.3801,0.9201,-1.9470,25.2415,37.1725,312.8358,
232789667000,216.2978,0.3802,0.9201,-1.9469,26.4302,36.9324,312.4290,
232803976500,216.3120,0.3802,0.9202,-1.9468,27.5818,36.6757,311.8913,
232818386900,216.3263,0.3803,0.9199,-1.9469,29.0604,36.7836,312.0627,
232831810500,216.3399,0.3803,0.9194,-1.9471,30.3897,36.8561,312.0809,
232846010300,216.3540,0.3806,0.9197,-1.9466,31.2089,37.1043,311.9939,
232859698400,216.3677,0.3815,0.9204,-1.9454,31.9487,37.2920,311.8429,
232873278800,216.3813,0.3824,0.9211,-1.9440,32.6586,37.4435,311.6435,
232887278400,216.3952,0.3846,0.9215,-1.9423,33.1231,37.7230,312.1512,
232901190800,216.4092,0.3864,0.9217,-1.9407,33.6179,37.9858,312.5750,
232914920500,216.4230,0.3888,0.9230,-1.9395,33.9384,38.1722,313.3431,
232929477400,216.4374,0.3908,0.9240,-1.9385,34.3095,38.3623,314.0598,
232943019800,216.4509,0.3937,0.9261,-1.9364,34.5403,38.2259,314.6241,
232957023900,216.4650,0.3961,0.9278,-1.9347,34.8008,38.1080,315.1252,
232970661500,216.4788,0.3981,0.9292,-1.9332,35.0803,38.0064,315.5717,
232985191100,216.4932,0.4004,0.9302,-1.9338,34.9617,37.3436,316.3946,
232998597200,216.5065,0.4026,0.9311,-1.9341,34.9114,36.7188,317.1771,
233012671200,216.5208,0.4033,0.9304,-1.9354,34.2063,36.1112,317.8311,
233026341400,216.5344,0.4041,0.9299,-1.9364,33.6556,35.5775,318.4128,
233040263300,216.5483,0.4050,0.9295,-1.9373,33.2269,35.1109,318.9271,
233054192700,216.5623,0.4048,0.9290,-1.9388,32.3119,35.7693,319.1933,
233068448100,216.5765,0.4048,0.9286,-1.9401,31.3700,36.3934,319.4947,
233082149800,216.5902,0.4030,0.9297,-1.9414,30.4975,36.8394,319.0439,
233095917000,216.6041,0.4012,0.9309,-1.9428,29.6941,37.2258,318.6775,
233110076700,216.6180,0.3991,0.9324,-1.9438,28.6803,37.6902,317.8926,
233124726200,216.6327,0.3974,0.9337,-1.9447,27.7801,38.0906,317.2473,
233138117200,216.6461,0.3961,0.9348,-1.9454,27.0002,38.4273,316.7278,
233151985200,216.6601,0.3961,0.9346,-1.9455,25.7164,38.9752,316.0162,
233165716200,216.6736,0.3961,0.9345,-1.9456,24.5827,39.4578,315.4033,
233179834600,216.6879,0.3963,0.9338,-1.9459,23.6507,39.4533,315.6530,
233193520600,216.7017,0.3966,0.9325,-1.9465,22.7872,39.4762,315.8252,
233208347900,216.7163,0.3971,0.9316,-1.9478,22.8208,39.5009,316.0875,
233222365900,216.7303,0.3976,0.9308,-1.9489,22.8149,39.5298,316.2911,
233235560000,216.7437,0.3981,0.9301,-1.9500,22.7766,39.5710,316.5154,
233249383000,216.7574,0.3987,0.9304,-1.9511,22.9631,39.7064,317.4037,
233263149700,216.7712,0.3992,0.9307,-1.9521,23.1154,39.8730,318.3754,
233277213700,216.7852,0.3997,0.9316,-1.9536,23.6106,40.5485,319.2393,
233291194400,216.7994,0.4001,0.9325,-1.9551,24.0141,41.1830,320.0353,
233305143400,216.8132,0.4005,0.9333,-1.9565,24.3328,41.7608,320.7482,
233319600700,216.8276,0.4004,0.9334,-1.9569,24.5332,41.9395,320.8800,
233333067300,216.8412,0.4004,0.9336,-1.9571,24.6792,42.0935,320.9993,
233346948100,216.8550,0.3997,0.9343,-1.9581,24.7604,42.2658,320.7476,
233360611700,216.8686,0.3990,0.9351,-1.9593,24.8753,42.5343,320.3985,
233374643800,216.8828,0.3983,0.9360,-1.9606,25.0024,42.8557,320.0219,
233388954200,216.8968,0.3980,0.9363,-1.9607,24.8455,43.1348,318.5245,
233402802900,216.9108,0.3979,0.9365,-1.9608,24.7040,43.4283,317.1475,
233416801000,216.9248,0.3979,0.9364,-1.9608,24.2147,43.7468,315.5571,
233430363300,216.9385,0.3980,0.9363,-1.9608,23.8288,44.0432,314.2631,
233444420800,216.9523,0.3982,0.9361,-1.9608,23.5870,44.2397,313.8686,
233458383200,216.9664,0.3986,0.9357,-1.9609,23.3942,44.4128,313.5181,
233471893400,216.9801,0.3992,0.9352,-1.9611,23.2168,44.5845,313.1686,
233485934400,216.9939,0.3998,0.9340,-1.9613,22.8611,44.6264,312.9659,
233500209100,217.0082,0.4005,0.9328,-1.9617,22.5013,44.6877,312.7275,
233514221000,217.0224,0.4011,0.9325,-1.9614,22.1539,44.6648,312.5559,
233527943000,217.0360,0.4017,0.9323,-1.9613,21.8008,44.6576,312.3571,
233541682600,217.0497,0.4021,0.9319,-1.9611,21.4369,44.6186,312.1523,
233555444000,217.0635,0.4024,0.9316,-1.9609,21.0651,44.5922,311.9250,
233569384300,217.0774,0.4028,0.9313,-1.9608,20.6868,44.5776,311.6784,
233583363600,217.0914,0.4032,0.9311,-1.9603,20.3242,44.4553,311.5539,
233597547000,217.1056,0.4037,0.9310,-1.9598,19.9633,44.3455,311.4163,
233611507500,217.1196,0.4042,0.9308,-1.9592,19.5991,44.2452,311.2661,
233625538100,217.1336,0.4044,0.9309,-1.9586,19.4522,44.2680,311.1888,
233639118500,217.1471,0.4045,0.9310,-1.9580,19.3165,44.2896,311.1126,
233652897200,217.1611,0.4045,0.9313,-1.9577,19.1735,44.3271,311.1556,
233667273300,217.1753,0.4045,0.9315,-1.9574,19.0099,44.3695,311.1966,
233681246900,217.1893,0.4045,0.9315,-1.9572,18.9465,44.3672,311.2234,
233694630300,217.2028,0.4045,0.9315,-1.9571,18.8898,44.3654,311.2438,
233708860300,217.2169,0.4045,0.9315,-1.9569,18.8295,44.3636,311.2625,
233723330800,217.2313,0.4045,0.9318,-1.9568,18.8120,44.3665,311.2752,
233737507400,217.2455,0.4045,0.9322,-1.9567,18.7929,44.3698,311.2875,
233750505800,217.2587,0.4047,0.9325,-1.9565,18.7717,44.3492,311.3118,
233764821700,217.2728,0.4048,0.9327,-1.9564,18.7491,44.3267,311.3368,
233778635300,217.2866,0.4048,0.9329,-1.9563,18.7439,44.2696,311.3607,
233792288100,217.3004,0.4048,0.9331,-1.9562,18.7383,44.1869,311.3924,
233806115300,217.3141,0.4048,0.9333,-1.9562,18.7331,44.0830,311.4291,
233819927400,217.3280,0.4048,0.9334,-1.9562,18.7381,43.9641,311.4323,
233833785100,217.3419,0.4048,0.9335,-1.9562,18.7454,43.8351,311.4323,
233847811800,217.3559,0.4049,0.9334,-1.9562,18.7478,43.6904,311.4340,
233861966000,217.3700,0.4050,0.9333,-1.9562,18.7517,43.5369,311.4328,
233875579700,217.3837,0.4051,0.9334,-1.9564,18.7109,43.4492,311.4780,
233889725300,217.3977,0.4052,0.9335,-1.9567,18.6700,43.3644,311.5226,
233903500900,217.4115,0.4054,0.9336,-1.9570,18.6273,43.2789,311.5682,
233917473200,217.4255,0.4056,0.9334,-1.9575,18.6198,43.2782,311.5838,
233931234900,217.4394,0.4058,0.9331,-1.9582,18.6120,43.2794,311.5999,
233945763100,217.4537,0.4058,0.9330,-1.9589,18.6073,43.3029,311.6269,
233959504800,217.4674,0.4058,0.9329,-1.9595,18.6026,43.3302,311.6554,
233973126900,217.4813,0.4058,0.9328,-1.9602,18.5979,43.3611,311.6855,
233987500700,217.4955,0.4057,0.9328,-1.9607,18.5882,43.3779,311.7039,
234001182900,217.5091,0.4055,0.9328,-1.9612,18.5781,43.3966,311.7225,
234014937700,217.5231,0.4055,0.9330,-1.9615,18.5979,43.4173,311.7496,
234029649200,217.5376,0.4054,0.9332,-1.9619,18.6203,43.4397,311.7779,
234043274000,217.5513,0.4053,0.9339,-1.9627,18.6297,43.5040,311.8621,
234057141400,217.5651,0.4051,0.9348,-1.9636,18.6445,43.6066,311.9944,
234070908800,217.5791,0.4049,0.9356,-1.9645,18.6624,43.7337,312.1562,
234084865500,217.5929,0.4047,0.9361,-1.9649,18.8150,43.8028,312.3294,
234098759400,217.6068,0.4045,0.9364,-1.9652,18.9916,43.8803,312.5246,
234112603300,217.6207,0.4044,0.9366,-1.9658,19.1327,44.0371,312.7242,
234126632900,217.6347,0.4042,0.9368,-1.9665,19.2747,44.1951,312.9224,
234140548900,217.6486,0.4040,0.9370,-1.9672,19.4153,44.3520,313.1164,
234154433600,217.6626,0.4041,0.9370,-1.9675,19.4674,44.4648,313.3735,
234168493500,217.6765,0.4042,0.9369,-1.9678,19.5191,44.5781,313.6310,
234182437000,217.6905,0.4043,0.9366,-1.9681,19.4832,44.7347,313.8105,
234196323800,217.7043,0.4044,0.9363,-1.9686,19.4459,44.8900,313.9865,
234210157900,217.7183,0.4045,0.9356,-1.9688,19.2690,44.9741,314.1589,
234224269800,217.7322,0.4045,0.9348,-1.9691,19.0637,45.0671,314.3519,
234238219000,217.7462,0.4045,0.9340,-1.9695,18.8391,45.1641,314.5563,
234252005700,217.7602,0.4039,0.9326,-1.9700,18.7251,45.2053,314.7252,
234266104100,217.7741,0.4034,0.9313,-1.9705,18.6167,45.2420,314.8813,
234280132800,217.7881,0.4032,0.9296,-1.9709,18.2734,45.2365,315.0775,
234293719500,217.8019,0.4030,0.9281,-1.9712,17.8856,45.2261,315.2936,
234307711300,217.8158,0.4029,0.9268,-1.9715,17.4907,45.2116,315.5084,
234321791100,217.8298,0.4025,0.9254,-1.9719,17.1532,45.0980,315.6484,
234335926700,217.8440,0.4021,0.9240,-1.9723,16.8308,44.9890,315.7800,
234349685400,217.8577,0.4020,0.9239,-1.9733,16.6873,44.9777,315.8827,
234363200100,217.8712,0.4018,0.9237,-1.9742,16.5620,44.9669,315.9700,
234377568500,217.8856,0.4018,0.9238,-1.9743,16.4942,44.9702,315.9545,
234391507900,217.8996,0.4017,0.9238,-1.9744,16.4335,44.9728,315.9402,
234405479800,217.9135,0.4016,0.9238,-1.9745,16.3643,44.9754,315.9237,
234419551000,217.9276,0.4016,0.9236,-1.9746,16.3664,44.9735,315.9245,
234433266300,217.9414,0.4017,0.9232,-1.9746,16.3690,44.9713,315.9253,
234447467500,217.9554,0.4017,0.9228,-1.9747,16.3545,45.0018,315.9421,
234461024300,217.9691,0.4016,0.9225,-1.9749,16.3389,45.0353,315.9605,
234474850300,217.9830,0.4016,0.9221,-1.9750,16.3222,45.0715,315.9804,
234488935500,217.9970,0.4015,0.9217,-1.9752,16.2865,45.0817,316.0210,
234503384700,218.0113,0.4014,0.9212,-1.9754,16.2233,45.0987,316.0932,
234517270800,218.0253,0.4012,0.9212,-1.9755,16.0737,45.1428,316.1138,
234530426400,218.0386,0.4010,0.9212,-1.9757,15.8801,45.1984,316.1369,
234544569400,218.0526,0.4004,0.9208,-1.9762,15.7924,45.2265,316.1360,
234558461300,218.0664,0.3998,0.9204,-1.9768,15.7181,45.2498,316.1330,
234572084300,218.0803,0.3991,0.9200,-1.9775,15.6483,45.2713,316.1284,
234586320500,218.0943,0.3984,0.9194,-1.9789,15.5235,45.4292,316.0683,
234600697500,218.1087,0.3978,0.9188,-1.9802,15.3649,45.6363,315.9854,
234614160100,218.1223,0.3970,0.9181,-1.9819,15.2352,45.9531,315.8072,
234628613200,218.1366,0.3962,0.9175,-1.9835,15.1061,46.2882,315.6134,
234642325400,218.1503,0.3956,0.9169,-1.9849,14.9869,46.6164,315.4189,
234656238500,218.1643,0.3954,0.9170,-1.9853,14.7832,47.0662,315.0472,
234670186700,218.1783,0.3953,0.9170,-1.9857,14.5944,47.5036,314.6820,
234684166200,218.1922,0.3950,0.9165,-1.9859,14.3296,47.8172,314.6405,
234697870200,218.2059,0.3947,0.9158,-1.9863,14.0994,48.0972,314.5960,
234711578200,218.2197,0.3944,0.9154,-1.9866,13.9389,48.2909,314.5506,
234725449900,218.2334,0.3940,0.9150,-1.9868,13.7916,48.4732,314.5041,
234739623800,218.2477,0.3937,0.9146,-1.9871,13.6478,48.6552,314.4546,
234753421800,218.2616,0.3930,0.9136,-1.9876,13.3159,48.9691,314.3674,
234767546800,218.2756,0.3922,0.9126,-1.9881,12.9617,49.3093,314.2682,
234781145300,218.2891,0.3918,0.9119,-1.9889,12.8735,49.3839,314.2683,
234795077700,218.3033,0.3914,0.9113,-1.9896,12.8110,49.4384,314.2667,
234809212200,218.3172,0.3911,0.9106,-1.9903,12.7582,49.4856,314.2642,
234823114500,218.3311,0.3910,0.9105,-1.9907,12.6013,49.4959,314.2576,
234837028600,218.3450,0.3909,0.9104,-1.9911,12.3951,49.5111,314.2475,
234850788000,218.3590,0.3909,0.9105,-1.9912,12.3598,49.5324,314.2582,
234864804600,218.3728,0.3909,0.9105,-1.9913,12.3362,49.5474,314.2653,
234878770600,218.3868,0.3910,0.9104,-1.9914,12.3318,49.5555,314.2885,
234892664900,218.4008,0.3910,0.9103,-1.9916,12.3282,49.5643,314.3137,
234906608400,218.4147,0.3911,0.9102,-1.9917,12.3254,49.5737,314.3406,
234920475100,218.4285,0.3914,0.9097,-1.9919,12.3229,49.5706,314.3730,
234934374000,218.4425,0.3918,0.9091,-1.9921,12.3211,49.5670,314.4073,
234948380400,218.4563,0.3919,0.9084,-1.9925,12.2849,49.5735,314.4478,
234962200500,218.4702,0.3920,0.9077,-1.9928,12.2227,49.5845,314.5157,
234975959400,218.4841,0.3920,0.9070,-1.9931,12.1415,49.5988,314.6031,
234990068800,218.4981,0.3920,0.9061,-1.9934,11.9754,49.7448,314.8412,
235004159200,218.5121,0.3920,0.9052,-1.9937,11.7788,49.9189,315.1206,
235018000500,218.5260,0.3919,0.9052,-1.9938,11.7344,50.1117,315.2443,
235031667400,218.5398,0.3918,0.9051,-1.9939,11.6951,50.2933,315.3565,
235045936100,218.5540,0.3917,0.9051,-1.9940,11.6580,50.4755,315.4651,
235059846900,218.5677,0.3915,0.9052,-1.9941,11.7294,50.6813,315.5427,
235073522100,218.5817,0.3913,0.9054,-1.9942,11.8093,50.9062,315.6246,
235087621400,218.5957,0.3911,0.9057,-1.9943,11.8821,51.0285,315.5620,
235101446900,218.6095,0.3908,0.9059,-1.9945,11.9602,51.1563,315.4933,
235115394500,218.6235,0.3907,0.9060,-1.9946,12.0988,51.2411,315.3738,
235129286000,218.6373,0.3905,0.9061,-1.9947,12.2578,51.3347,315.2354,
235143622900,218.6516,0.3903,0.9061,-1.9948,12.4307,51.4330,315.0837,
235157537000,218.6656,0.3902,0.9060,-1.9949,12.4747,51.4001,315.0473,
235171399300,218.6795,0.3901,0.9059,-1.9950,12.5041,51.3774,315.0226,
235185187700,218.6933,0.3896,0.9059,-1.9954,12.5929,51.3531,315.0277,
235199047200,218.7071,0.3890,0.9059,-1.9960,12.7237,51.3168,315.0357,
235212822800,218.7210,0.3878,0.9059,-1.9959,13.1012,51.4368,315.1836,
235227061700,218.7350,0.3864,0.9059,-1.9958,13.5652,51.5901,315.3703,
235241025900,218.7490,0.3851,0.9059,-1.9957,14.0413,51.7533,315.5669,
235254596000,218.7628,0.3834,0.9072,-1.9948,15.0172,52.4324,316.9144,
235268812300,218.7769,0.3817,0.9084,-1.9938,15.9229,53.1003,318.2003,
235282729500,218.7907,0.3811,0.9097,-1.9932,16.2975,53.7729,319.1364,
235296560600,218.8046,0.3806,0.9108,-1.9927,16.6152,54.3350,319.9233,
235310734800,218.8189,0.3800,0.9118,-1.9923,16.8994,54.8318,320.6223,
235324679000,218.8327,0.3798,0.9123,-1.9923,16.9292,54.8531,320.9507,
235338687700,218.8466,0.3795,0.9127,-1.9924,16.9732,54.8971,321.2555,
235352432500,218.8606,0.3794,0.9126,-1.9924,16.9825,54.9332,321.2303,
235366503400,218.8745,0.3792,0.9126,-1.9923,16.9950,54.9719,321.2140,
235381341400,218.8893,0.3792,0.9123,-1.9925,16.9548,55.1507,320.7416,
235394599100,218.9027,0.3791,0.9120,-1.9928,16.9110,55.4369,320.0629,
235408218300,218.9162,0.3790,0.9115,-1.9932,16.8828,55.7475,319.3964,
235422138000,218.9301,0.3787,0.9107,-1.9937,16.9926,56.0954,318.8839,
235436000900,218.9442,0.3784,0.9098,-1.9943,17.0991,56.4145,318.4471,
235450321900,218.9582,0.3781,0.9098,-1.9948,17.1344,56.5087,318.1480,
235465144700,218.9731,0.3777,0.9098,-1.9953,17.1703,56.6006,317.8966,
235478172900,218.9862,0.3773,0.9098,-1.9958,17.2085,56.6953,317.6655,
235491255900,218.9994,0.3774,0.9097,-1.9957,17.1944,56.7280,317.6842,
235505657400,219.0136,0.3775,0.9097,-1.9956,17.1844,56.7562,317.6978,
235519688100,219.0276,0.3777,0.9099,-1.9955,17.1632,56.7526,317.6976,
235533561500,219.0417,0.3781,0.9101,-1.9952,17.1411,56.7499,317.6962,
235547036000,219.0551,0.3789,0.9101,-1.9946,17.1323,56.7444,317.7405,
235561275400,219.0693,0.3799,0.9102,-1.9940,17.1241,56.7393,317.7884,
235574719900,219.0829,0.3807,0.9103,-1.9934,17.1128,56.7325,317.8645,
235588323300,219.0964,0.3815,0.9109,-1.9927,17.1419,56.6807,317.9620,
235602624800,219.1107,0.3821,0.9114,-1.9921,17.1824,56.6159,318.0840,
235616639400,219.1246,0.3826,0.9119,-1.9915,17.2751,56.5998,318.2620,
235630640700,219.1389,0.3830,0.9123,-1.9908,17.3818,56.5853,318.4568,
235644136200,219.1522,0.3834,0.9126,-1.9905,17.4247,56.5694,318.4753,
235658539700,219.1666,0.3838,0.9128,-1.9903,17.4515,56.5604,318.4846,
235672244200,219.1804,0.3842,0.9131,-1.9900,17.4807,56.5512,318.4927,
235686224800,219.1943,0.3845,0.9131,-1.9898,17.4829,56.5018,318.4952,
235700668100,219.2087,0.3847,0.9132,-1.9897,17.4855,56.4254,318.4966,
235714138800,219.2224,0.3853,0.9133,-1.9897,17.4335,56.4006,318.4641,
235728254600,219.2362,0.3860,0.9134,-1.9896,17.3209,56.3510,318.3918,
235741830900,219.2499,0.3868,0.9135,-1.9896,17.1485,56.2808,318.2788,
235755478800,219.2637,0.3872,0.9136,-1.9897,17.1058,56.2923,318.1917,
235769878300,219.2779,0.3875,0.9137,-1.9898,17.0623,56.3074,318.1007,
235783734000,219.2918,0.3880,0.9140,-1.9902,16.9556,56.3801,318.0090,
235797498100,219.3056,0.3886,0.9143,-1.9906,16.8259,56.4733,317.8969,
235811379400,219.3196,0.3891,0.9146,-1.9909,16.6815,56.5818,317.7714,
235825639900,219.3337,0.3897,0.9148,-1.9911,16.5672,56.7057,317.7772,
235839717300,219.3477,0.3903,0.9151,-1.9912,16.4537,56.8320,317.7834,
235853123400,219.3614,0.3907,0.9156,-1.9918,16.3827,56.9479,318.0289,
235867026000,219.3751,0.3911,0.9162,-1.9924,16.2813,57.1164,318.3865,
235881232300,219.3893,0.3917,0.9170,-1.9931,16.3116,57.3424,318.7666,
235895008600,219.4032,0.3923,0.9179,-1.9937,16.3459,57.5807,319.1664,
235908941200,219.4170,0.3929,0.9187,-1.9942,16.3820,57.8188,319.5647,
235923437100,219.4315,0.3925,0.9213,-1.9957,16.5656,58.2817,320.2785,
235936606300,219.4447,0.3921,0.9238,-1.9972,16.7450,58.7443,320.9895,
235950470400,219.4586,0.3921,0.9248,-1.9991,16.9468,58.9952,321.1755,
235964565400,219.4726,0.3921,0.9257,-2.0007,17.1166,59.2098,321.3401,
235978421700,219.4865,0.3905,0.9273,-2.0045,17.1960,59.3251,321.2514,
235992194900,219.5004,0.3893,0.9287,-2.0078,17.2849,59.4545,321.1597,
236006404600,219.5144,0.3883,0.9299,-2.0104,17.3918,59.6105,321.0567,
236020345800,219.5284,0.3837,0.9318,-2.0175,17.2383,59.7714,320.6629,
236034106400,219.5423,0.3804,0.9334,-2.0228,17.0551,59.9722,320.1902,
236048262600,219.5564,0.3767,0.9343,-2.0280,16.5348,60.0905,320.2697,
236062056700,219.5701,0.3737,0.9352,-2.0323,15.9338,60.2293,320.3637,
236075830100,219.5841,0.3704,0.9275,-2.0354,15.9372,60.8481,320.6949,
236090079200,219.5982,0.3675,0.9223,-2.0383,15.9365,61.5625,321.0788,
236103912200,219.6120,0.3651,0.9184,-2.0412,15.9306,62.3000,321.4766,
236117823600,219.6258,0.3644,0.9123,-2.0391,16.7798,64.5746,320.2866,
236131891400,219.6401,0.3634,0.9076,-2.0384,17.5705,66.6310,319.2806,
236145883400,219.6539,0.3638,0.9054,-2.0352,17.6674,68.0390,319.7762,
236159630700,219.6677,0.3638,0.9033,-2.0332,17.7638,69.1820,320.1154,
236173543500,219.6817,0.3635,0.9015,-2.0320,17.8632,70.2037,320.3746,
236187979400,219.6961,0.3632,0.9019,-2.0315,17.5752,70.4044,320.7642,
236201223200,219.7093,0.3629,0.9021,-2.0312,17.3396,70.6582,321.1028,
236215444900,219.7236,0.3629,0.9024,-2.0312,17.1179,70.9908,321.6629,
236229582200,219.7375,0.3630,0.9026,-2.0312,16.9002,71.4047,322.2365,
236243426300,219.7514,0.3643,0.9039,-2.0322,17.5624,71.9212,322.1963,
236257209100,219.7653,0.3658,0.9053,-2.0335,18.4299,72.6667,322.1637,
236270919500,219.7791,0.3671,0.9064,-2.0348,19.3254,73.5040,322.1533,
236285664900,219.7937,0.3694,0.9079,-2.0327,19.6974,73.5611,323.2760,
236298705900,219.8068,0.3715,0.9092,-2.0308,20.1129,73.7126,324.4213,
236312556800,219.8208,0.3711,0.9099,-2.0285,19.6339,72.5631,325.9162,
236326798000,219.8349,0.3708,0.9104,-2.0266,19.2733,71.5978,327.3207,
236340910000,219.8489,0.3706,0.9109,-2.0250,19.0380,70.8822,328.4949,
236354516300,219.8627,0.3693,0.9112,-2.0248,19.6659,71.1906,328.0729,
236368337300,219.8764,0.3681,0.9115,-2.0245,20.8986,71.7741,327.3539,
236382234800,219.8903,0.3663,0.9116,-2.0237,21.1711,72.3304,326.0428,
236396404300,219.9044,0.3646,0.9116,-2.0229,21.4420,72.8197,324.9597,
236410040600,219.9183,0.3631,0.9135,-2.0228,21.0769,72.9213,324.4789,
236424445000,219.9325,0.3617,0.9151,-2.0227,20.8062,73.0148,324.1136,
236438333800,219.9464,0.3605,0.9165,-2.0226,20.5804,73.1074,323.8013,
236451811800,219.9600,0.3598,0.9190,-2.0229,20.3325,73.1991,323.8631,
236466183400,219.9742,0.3591,0.9212,-2.0231,20.0867,73.2967,323.9226,
236479955900,219.9880,0.3594,0.9235,-2.0223,20.0105,73.3522,324.0959,
236493887400,220.0021,0.3596,0.9257,-2.0216,19.9198,73.4231,324.3063,
236508039300,220.0160,0.3597,0.9276,-2.0210,19.8140,73.5110,324.5561,
236521774900,220.0298,0.3602,0.9300,-2.0205,20.0973,73.6430,325.9523,
236535598100,220.0438,0.3605,0.9322,-2.0199,20.4013,73.7986,327.4411,
236549886900,220.0579,0.3609,0.9344,-2.0195,20.6757,73.8543,328.0346,
236564034900,220.0720,0.3612,0.9363,-2.0191,20.8972,73.9067,328.5242,
236577600700,220.0856,0.3615,0.9377,-2.0186,21.0705,73.6083,328.7097,
236591391300,220.0996,0.3617,0.9391,-2.0183,21.2421,73.3336,328.9059,
236605386500,220.1134,0.3619,0.9405,-2.0179,21.4197,73.0668,329.1191,
236619596400,220.1276,0.3618,0.9425,-2.0184,21.4049,73.0281,329.0646,
236633066300,220.1413,0.3618,0.9447,-2.0190,21.3964,73.0004,329.0302,
236647791100,220.1558,0.3617,0.9467,-2.0194,21.3887,72.9701,328.9965,
236661431700,220.1695,0.3615,0.9472,-2.0193,21.3319,72.9612,328.9086,
236675029500,220.1832,0.3613,0.9470,-2.0194,21.2884,72.9867,328.7317,
236688836500,220.1969,0.3612,0.9469,-2.0194,21.2383,73.0223,328.5102,
236702699400,220.2108,0.3610,0.9469,-2.0194,21.1900,73.0633,328.2778,
236716845700,220.2249,0.3601,0.9466,-2.0196,21.2469,73.0964,328.2681,
236730644600,220.2388,0.3589,0.9462,-2.0198,21.2949,73.1234,328.2642,
236744788200,220.2529,0.3587,0.9455,-2.0195,21.5851,73.3229,328.2477,
236758379000,220.2665,0.3585,0.9449,-2.0192,21.9855,73.5960,328.2387,
236772198600,220.2804,0.3582,0.9444,-2.0190,22.4203,73.8910,328.2428,
236786480100,220.2945,0.3582,0.9437,-2.0193,22.6281,74.2989,328.4892,
236800350800,220.3084,0.3582,0.9430,-2.0196,22.8330,74.6953,328.7359,
236813757800,220.3220,0.3581,0.9420,-2.0203,23.2423,75.4516,329.0919,
236828027800,220.3361,0.3581,0.9410,-2.0209,23.6503,76.2089,329.4603,
236842120700,220.3501,0.3580,0.9401,-2.0215,24.0277,76.9132,329.8131,
236856370100,220.3644,0.3569,0.9382,-2.0235,24.4686,77.3487,329.9995,
236869998000,220.3782,0.3558,0.9364,-2.0254,24.8688,77.7586,330.1839,
236883844800,220.3919,0.3546,0.9353,-2.0276,25.3556,78.0896,330.2170,
236897454600,220.4054,0.3535,0.9343,-2.0294,25.8298,78.4283,330.2677,
236910878400,220.4191,0.3519,0.9330,-2.0313,26.2882,78.7316,330.2148,
236925351400,220.4334,0.3505,0.9319,-2.0330,26.7368,79.0405,330.1806,
236939562300,220.4476,0.3493,0.9309,-2.0345,27.1767,79.3538,330.1620,
236953204300,220.4614,0.3484,0.9311,-2.0349,27.5763,80.1613,330.3086,
236967155700,220.4752,0.3477,0.9312,-2.0353,27.9882,80.9718,330.4666,
236980637000,220.4887,0.3469,0.9310,-2.0353,27.7955,81.4827,330.3305,
236994535900,220.5027,0.3461,0.9308,-2.0354,27.6423,81.9870,330.2119,
237008577000,220.5166,0.3455,0.9302,-2.0349,27.3356,82.7177,330.0883,
237022506600,220.5306,0.3447,0.9295,-2.0345,27.0622,83.4519,329.9726,
237036814600,220.5449,0.3439,0.9288,-2.0341,26.8295,84.1530,329.8691,
237050423200,220.5586,0.3427,0.9273,-2.0342,26.7324,84.3168,329.8763,
237064663500,220.5727,0.3415,0.9258,-2.0345,26.6636,84.4597,329.8812,
237078309400,220.5863,0.3404,0.9236,-2.0341,26.4545,84.6231,329.9029,
237092620800,220.6008,0.3394,0.9215,-2.0338,26.2186,84.8289,329.9263,
237106311500,220.6144,0.3384,0.9197,-2.0336,25.9629,85.0722,329.9505,
237120243900,220.6282,0.3379,0.9188,-2.0341,25.8126,85.1139,329.9419,
237133718100,220.6419,0.3374,0.9179,-2.0344,25.6785,85.1620,329.9341,
237147764800,220.6558,0.3371,0.9175,-2.0345,25.6557,85.2217,329.9269,
237161673000,220.6697,0.3368,0.9170,-2.0345,25.6346,85.2830,329.9202,
237176059200,220.6842,0.3366,0.9170,-2.0347,25.6397,85.3125,329.8923,
237189568100,220.6977,0.3364,0.9170,-2.0349,25.6472,85.3526,329.8562,
237203867500,220.7119,0.3361,0.9170,-2.0353,25.6584,85.4091,329.8070,
237217431400,220.7255,0.3359,0.9169,-2.0354,25.6441,85.7102,329.8185,
237231163200,220.7393,0.3356,0.9167,-2.0355,25.6267,86.1029,329.8357,
237245489900,220.7536,0.3348,0.9160,-2.0359,25.6016,86.4385,329.9635,
237259190000,220.7673,0.3338,0.9151,-2.0364,25.5770,86.7697,330.0918,
237272948900,220.7811,0.3327,0.9142,-2.0369,25.5528,87.0989,330.2212,
237287369600,220.7953,0.3325,0.9131,-2.0368,25.5827,87.3435,330.3462,
237300897600,220.8089,0.3323,0.9120,-2.0367,25.6110,87.5790,330.4676,
237314701900,220.8229,0.3319,0.9112,-2.0368,25.7586,87.8628,330.7184,
237329229900,220.8372,0.3315,0.9104,-2.0368,25.9210,88.1782,330.9987,
237343002900,220.8510,0.3312,0.9098,-2.0368,26.0322,88.3206,331.1867,
237356956200,220.8650,0.3309,0.9093,-2.0367,26.1354,88.4527,331.3625,
237370330100,220.8785,0.3305,0.9088,-2.0367,26.2375,88.5837,331.5378,
237384434900,220.8925,0.3302,0.9085,-2.0366,26.4362,88.6234,331.7455,
237399043200,220.9070,0.3299,0.9081,-2.0366,26.6582,88.6677,331.9783,
237412209400,220.9204,0.3299,0.9079,-2.0363,26.7742,88.7926,332.1620,
237426179100,220.9342,0.3299,0.9078,-2.0361,26.8834,88.9117,332.3365,
237440079500,220.9481,0.3297,0.9076,-2.0358,26.9336,88.9949,332.4297,
237453936900,220.9621,0.3296,0.9073,-2.0355,26.9774,89.0690,332.5120,
237467969900,220.9760,0.3294,0.9071,-2.0353,27.0199,89.1422,332.5930,
237481988900,220.9900,0.3295,0.9068,-2.0349,27.0091,89.1475,332.6123,
237495720000,221.0039,0.3295,0.9065,-2.0345,26.9964,89.1524,332.6321,
237509855100,221.0178,0.3297,0.9062,-2.0342,26.9994,89.1435,332.6346,
237523634100,221.0317,0.3298,0.9058,-2.0340,27.0024,89.1328,332.6357,
237537651200,221.0457,0.3299,0.9054,-2.0337,27.0055,89.1203,332.6355,
237551430600,221.0596,0.3300,0.9052,-2.0335,27.0216,89.0713,332.6438,
237565706600,221.0737,0.3300,0.9051,-2.0334,27.0498,88.9836,332.6567,
237579585200,221.0876,0.3300,0.9050,-2.0333,27.1374,88.8636,332.6734,
237593527400,221.1017,0.3300,0.9049,-2.0333,27.2466,88.7149,332.6915,
237607220100,221.1152,0.3300,0.9049,-2.0331,27.2802,88.6875,332.6826,
237621186500,221.1292,0.3300,0.9050,-2.0328,27.3033,88.6696,332.6752,
237634967000,221.1432,0.3299,0.9050,-2.0326,27.3275,88.6515,332.6665,
237649074200,221.1571,0.3298,0.9051,-2.0325,27.3551,88.6324,332.6544,
237663003200,221.1710,0.3295,0.9051,-2.0323,27.3841,88.6131,332.6408,
237676906500,221.1849,0.3293,0.9052,-2.0321,27.4143,88.5936,332.6258,
237690644500,221.1988,0.3291,0.9051,-2.0319,27.4371,88.5750,332.6124,
237705067000,221.2131,0.3289,0.9051,-2.0318,27.4603,88.5563,332.5979,
237718672700,221.2267,0.3286,0.9051,-2.0317,27.4589,88.5523,332.5986,
237732482100,221.2406,0.3282,0.9050,-2.0317,27.4557,88.5496,332.5997,
237746459100,221.2545,0.3277,0.9046,-2.0314,27.4578,88.5309,332.6013,
237760745400,221.2688,0.3270,0.9041,-2.0310,27.4589,88.5117,332.6032,
237774183300,221.2824,0.3264,0.9036,-2.0306,27.4590,88.4921,332.6056,
237788392200,221.2963,0.3263,0.9034,-2.0302,27.4840,88.4904,332.6079,
237802224600,221.3103,0.3262,0.9033,-2.0298,27.5102,88.4899,332.6106,
237815992300,221.3242,0.3261,0.9031,-2.0296,27.5019,88.5047,332.6226,
237830796200,221.3388,0.3260,0.9028,-2.0294,27.4915,88.5218,332.6357,
237844348700,221.3524,0.3261,0.9028,-2.0293,27.5118,88.4992,332.6684,
237858111400,221.3662,0.3262,0.9028,-2.0292,27.5364,88.4712,332.7087,
237872007900,221.3802,0.3263,0.9027,-2.0290,27.5815,88.4189,332.7842,
237886078500,221.3941,0.3264,0.9028,-2.0290,27.5604,88.3745,332.7647,
237900202500,221.4082,0.3266,0.9028,-2.0289,27.5352,88.3242,332.7413,
237913989100,221.4222,0.3265,0.9031,-2.0287,27.5433,88.1800,332.8091,
237927993700,221.4360,0.3264,0.9034,-2.0285,27.5552,87.9789,332.9062,
237941759200,221.4498,0.3263,0.9037,-2.0282,27.6745,87.7856,333.0478,
237955506200,221.4636,0.3263,0.9040,-2.0278,27.8048,87.5844,333.1998,
237969740400,221.4778,0.3262,0.9044,-2.0275,27.9387,87.3861,333.3538,
237983237900,221.4913,0.3263,0.9058,-2.0267,27.9180,87.1151,333.4857,
237997025000,221.5051,0.3265,0.9074,-2.0259,27.8989,86.8485,333.6178,
238011242000,221.5193,0.3262,0.9084,-2.0260,27.8224,86.7810,333.8410,
238025490900,221.5335,0.3259,0.9093,-2.0260,27.7486,86.7184,334.0586,
238039225000,221.5472,0.3257,0.9101,-2.0260,27.6752,86.6581,334.2774,
238053083800,221.5613,0.3250,0.9118,-2.0264,27.4135,86.3293,334.4350,
238067324600,221.5753,0.3243,0.9134,-2.0268,27.1322,85.9775,334.6082,
238081040000,221.5891,0.3243,0.9153,-2.0259,27.0259,85.6450,334.6561,
238094899400,221.6031,0.3243,0.9170,-2.0251,26.9279,85.3416,334.7022,
238109013000,221.6170,0.3245,0.9180,-2.0247,26.8673,85.3749,334.8441,
238123149600,221.6311,0.3247,0.9189,-2.0243,26.8141,85.4043,334.9684,
238136854300,221.6449,0.3248,0.9197,-2.0240,26.7568,85.4359,335.1019,
238150387000,221.6586,0.3255,0.9204,-2.0221,26.7420,85.4718,335.2259,
238164394000,221.6725,0.3263,0.9213,-2.0202,26.7261,85.5105,335.3594,
238178546500,221.6865,0.3264,0.9217,-2.0194,26.4858,85.5377,335.3874,
238192252000,221.7004,0.3265,0.9222,-2.0187,26.1279,85.5768,335.4240,
238206314700,221.7144,0.3266,0.9226,-2.0180,25.7066,85.6212,335.4615,
238220383400,221.7284,0.3268,0.9225,-2.0174,24.9455,85.5185,335.2245,
238234377700,221.7425,0.3271,0.9226,-2.0167,24.1714,85.4181,334.9825,
238248330500,221.7563,0.3273,0.9224,-2.0161,22.9810,84.6924,334.1983,
238262259100,221.7703,0.3275,0.9222,-2.0155,21.8835,84.0576,333.5029,
238275868700,221.7841,0.3286,0.9225,-2.0152,21.2132,83.7496,333.3315,
238290145800,221.7981,0.3300,0.9230,-2.0148,20.6390,83.4899,333.1761,
238304022500,221.8121,0.3314,0.9235,-2.0144,20.1076,83.2528,333.0266,
238317669400,221.8257,0.3321,0.9259,-2.0137,20.1902,83.2543,333.0056,
238331310600,221.8395,0.3328,0.9283,-2.0129,20.2922,83.2523,332.9736,
238345519200,221.8535,0.3331,0.9368,-2.0091,21.1375,82.9165,332.8983,
238359236500,221.8673,0.3334,0.9432,-2.0062,22.1138,82.4854,332.7871,
238372986400,221.8812,0.3337,0.9482,-2.0040,22.9804,82.0612,332.6646,
238387182200,221.8952,0.3342,0.9524,-2.0005,23.6488,82.0004,332.5911,
238401133800,221.9091,0.3346,0.9559,-1.9979,24.1986,81.9252,332.5190,
238414943400,221.9232,0.3436,0.9564,-1.9948,25.7342,80.9581,332.5289,
238429029600,221.9370,0.3502,0.9575,-1.9921,27.1355,80.0421,332.4973,
238442844600,221.9509,0.3554,0.9589,-1.9897,28.3018,79.2510,332.4384,
238457030700,221.9650,0.3562,0.9577,-1.9877,27.7470,77.8330,330.8948,
238470748100,221.9790,0.3572,0.9573,-1.9860,27.2590,76.3838,329.3831,
238485397900,221.9934,0.3565,0.9591,-1.9844,25.7817,73.9309,327.7135,
238498771400,222.0068,0.3561,0.9612,-1.9825,24.6306,71.9187,326.3852,
238512617900,222.0208,0.3559,0.9607,-1.9801,24.0989,71.2990,326.4164,
238526892400,222.0349,0.3559,0.9604,-1.9777,23.6988,70.7180,326.3612,
238540622700,222.0487,0.3562,0.9605,-1.9752,23.3457,70.1218,326.2548,
238554230200,222.0624,0.3559,0.9593,-1.9726,23.0298,70.2530,326.6296,
238568537700,222.0765,0.3559,0.9584,-1.9701,22.6978,70.3013,326.9599,
238582530300,222.0905,0.3555,0.9554,-1.9653,22.1170,71.0365,328.2359,
238596035500,222.1042,0.3554,0.9532,-1.9611,21.4927,71.6594,329.4615,
238609955900,222.1180,0.3570,0.9505,-1.9593,21.2056,71.5122,330.1455,
238623915400,222.1319,0.3582,0.9485,-1.9575,20.9413,71.3404,330.7110,
238638005100,222.1461,0.3594,0.9469,-1.9557,20.6855,71.1474,331.2129,
238651632300,222.1599,0.3600,0.9457,-1.9559,20.7897,70.9900,331.0398,
238665705400,222.1738,0.3607,0.9446,-1.9558,20.9670,70.6761,330.7284,
238679707000,222.1877,0.3614,0.9442,-1.9568,21.4023,70.0595,329.6427,
238693445000,222.2017,0.3623,0.9438,-1.9577,21.8303,69.3574,328.4880,
238707752000,222.2158,0.3632,0.9433,-1.9583,22.1783,68.6949,327.4645,
238721469800,222.2295,0.3659,0.9418,-1.9593,22.3221,67.8690,326.3331,
238735031300,222.2432,0.3684,0.9403,-1.9600,22.4271,67.1305,325.3553,
238749875100,222.2579,0.3706,0.9390,-1.9604,22.5037,66.4665,324.5016,
238763285900,222.2713,0.3745,0.9344,-1.9623,22.4875,65.8228,324.1630,
238777045500,222.2851,0.3778,0.9307,-1.9636,22.4716,65.2185,323.8182,
238791046000,222.2992,0.3791,0.9294,-1.9647,21.9366,64.8938,323.9536,
238804813600,222.3129,0.3803,0.9283,-1.9654,21.3549,64.4897,324.0565,
238818752000,222.3268,0.3799,0.9283,-1.9663,20.6364,64.4082,324.4197,
238832446300,222.3407,0.3797,0.9282,-1.9671,19.9491,64.2806,324.7254,
238847248200,222.3552,0.3794,0.9284,-1.9687,19.7381,64.1246,325.0884,
238860490600,222.3686,0.3792,0.9285,-1.9702,19.5430,63.9592,325.3863,
238874293600,222.3825,0.3791,0.9285,-1.9716,19.3527,63.7814,325.6480,
238888206600,222.3963,0.3786,0.9295,-1.9745,19.3188,63.5297,326.0000,
238902247800,222.4103,0.3783,0.9303,-1.9770,19.2740,63.2574,326.3425,
238915979700,222.4242,0.3780,0.9316,-1.9812,19.2305,62.8233,326.3382,
238930235200,222.4383,0.3780,0.9325,-1.9847,19.1783,62.3775,326.3324,
238943957600,222.4520,0.3780,0.9331,-1.9874,19.1178,61.9167,326.3256,
238957944200,222.4660,0.3786,0.9339,-1.9923,19.1157,61.4958,326.4109,
238971578800,222.4798,0.3792,0.9345,-1.9962,19.1066,61.0719,326.4910,
238985730900,222.4938,0.3803,0.9356,-1.9997,19.0150,60.5102,326.7117,
238999581300,222.5076,0.3811,0.9363,-2.0026,18.9206,59.9390,326.9272,
239013438800,222.5216,0.3818,0.9367,-2.0042,18.6966,58.9632,326.9051,
239027424600,222.5355,0.3825,0.9370,-2.0058,18.4807,58.0290,326.8912,
239041166300,222.5492,0.3831,0.9373,-2.0075,18.2816,57.1721,326.8846,
239055103600,222.5633,0.3830,0.9378,-2.0093,18.1786,56.5383,326.8003,
239069186200,222.5772,0.3831,0.9384,-2.0113,18.0781,55.9502,326.7314,
239083014200,222.5911,0.3830,0.9382,-2.0136,18.0166,55.6670,326.6110,
239097001800,222.6051,0.3831,0.9382,-2.0160,17.9562,55.3930,326.5085,
239110733000,222.6189,0.3831,0.9390,-2.0170,17.9136,55.1934,326.3263,
239124769400,222.6328,0.3831,0.9397,-2.0181,17.8641,54.9661,326.1380,
239138771100,222.6468,0.3832,0.9404,-2.0194,17.8052,54.7019,325.9352,
239152807600,222.6610,0.3828,0.9410,-2.0200,17.7705,54.4093,325.6321,
239166351700,222.6744,0.3825,0.9416,-2.0207,17.7279,54.0830,325.3125,
239180558300,222.6885,0.3820,0.9419,-2.0209,17.8140,53.8903,324.9811,
239194039300,222.7022,0.3816,0.9421,-2.0212,17.8956,53.6841,324.6493,
239208257500,222.7163,0.3812,0.9424,-2.0216,17.9734,53.4653,324.3159,
239221895200,222.7299,0.3807,0.9423,-2.0221,18.0385,53.1952,324.0060,
239235753000,222.7439,0.3802,0.9423,-2.0226,18.0997,52.9179,323.6967,
239250201400,222.7582,0.3798,0.9423,-2.0228,18.2120,52.7205,323.4549,
239264028900,222.7721,0.3795,0.9423,-2.0230,18.3181,52.5224,323.2192,
239278077000,222.7861,0.3794,0.9423,-2.0230,18.4502,52.1204,322.8983,
239291561600,222.7997,0.3794,0.9423,-2.0231,18.5860,51.6874,322.5559,
239305790600,222.8139,0.3793,0.9423,-2.0232,18.7173,51.2492,322.2122,
239319977800,222.8280,0.3793,0.9423,-2.0235,18.9614,50.9333,322.0103,
239333518600,222.8417,0.3793,0.9422,-2.0240,19.1906,50.6237,321.8120,
239347952800,222.8559,0.3794,0.9421,-2.0247,19.3586,50.3925,321.7525,
239361207000,222.8693,0.3796,0.9420,-2.0256,19.5179,50.1662,321.6907,
239375217900,222.8834,0.3798,0.9419,-2.0266,19.6770,49.9338,321.6241,
239389244100,222.8973,0.3801,0.9418,-2.0270,19.8245,49.6218,321.5555,
239403592000,222.9116,0.3805,0.9417,-2.0274,19.9785,49.2916,321.4793,
239417128900,222.9252,0.3806,0.9417,-2.0276,20.1356,49.1273,321.4501,
239430544500,222.9387,0.3808,0.9416,-2.0279,20.2834,48.9690,321.4198,
239445394400,222.9534,0.3810,0.9415,-2.0282,20.5055,48.7488,321.3264,
239459040500,222.9670,0.3813,0.9414,-2.0285,20.7444,48.5077,321.2223,
239472632600,222.9808,0.3815,0.9413,-2.0289,20.9901,48.2555,321.1116,
239486698100,222.9947,0.3816,0.9413,-2.0290,21.2010,48.1018,320.9801,
239500710900,223.0087,0.3817,0.9413,-2.0292,21.4050,47.9497,320.8508,
239514213400,223.0223,0.3819,0.9412,-2.0292,21.4580,47.8078,320.7563,
239528326200,223.0363,0.3821,0.9412,-2.0292,21.5073,47.6741,320.6676,
239542619400,223.0507,0.3823,0.9411,-2.0292,21.5584,47.5348,320.5753,
239556275600,223.0643,0.3826,0.9412,-2.0290,21.5742,47.4297,320.5683,
239569869400,223.0780,0.3830,0.9414,-2.0287,21.5908,47.3185,320.5607,
239584360100,223.0924,0.3838,0.9418,-2.0280,21.5810,47.2297,320.6661,
239598422000,223.1064,0.3847,0.9423,-2.0272,21.5679,47.1141,320.8061,
239611958600,223.1201,0.3851,0.9428,-2.0269,21.5876,47.0749,321.0992,
239626090500,223.1341,0.3854,0.9432,-2.0267,21.6105,47.0346,321.4350,
239640344100,223.1484,0.3857,0.9436,-2.0265,21.6347,46.9967,321.7858,
239653399200,223.1616,0.3862,0.9444,-2.0262,21.5903,47.0047,322.0743,
239667570200,223.1756,0.3868,0.9451,-2.0258,21.5484,47.0146,322.3490,
239681786500,223.1898,0.3871,0.9455,-2.0257,21.5191,46.9685,322.5611,
239695483300,223.2037,0.3874,0.9458,-2.0255,21.4910,46.9253,322.7674,
239709410100,223.2175,0.3876,0.9461,-2.0254,21.4633,46.8836,322.9734,
239723853900,223.2319,0.3880,0.9465,-2.0254,21.4935,46.8572,323.0478,
239737179000,223.2452,0.3884,0.9470,-2.0255,21.5185,46.8358,323.1100,
239751458500,223.2596,0.3887,0.9473,-2.0256,21.5408,46.8096,323.1490,
239765051800,223.2731,0.3890,0.9476,-2.0258,21.5634,46.7833,323.1886,
239778868100,223.2869,0.3893,0.9479,-2.0258,21.6026,46.7567,323.2365,
239793075500,223.3012,0.3897,0.9482,-2.0259,21.6489,46.7259,323.2926,
239807231600,223.3152,0.3900,0.9485,-2.0259,21.7022,46.6914,323.3568,
239821092300,223.3291,0.3905,0.9490,-2.0259,21.7733,46.6753,323.4739,
239834717800,223.3429,0.3909,0.9496,-2.0259,21.8541,46.6587,323.6076,
239848839000,223.3568,0.3910,0.9499,-2.0257,21.9202,46.6251,323.7467,
239862783300,223.3708,0.3912,0.9502,-2.0255,21.9876,46.5914,323.8900,
239876562400,223.3846,0.3913,0.9505,-2.0253,21.9872,46.5725,323.9818,
239890226500,223.3984,0.3915,0.9507,-2.0251,21.9846,46.5561,324.0637,
239904050300,223.4120,0.3917,0.9510,-2.0250,21.9801,46.5406,324.1437,
239918346600,223.4264,0.3919,0.9510,-2.0249,21.9524,46.4874,324.1988,
239932006500,223.4402,0.3920,0.9510,-2.0248,21.9191,46.4272,324.2586,
239946072100,223.4541,0.3922,0.9511,-2.0247,21.8573,46.3233,324.3283,
239960084200,223.4680,0.3924,0.9512,-2.0247,21.7836,46.2033,324.4051,
239974157200,223.4823,0.3926,0.9513,-2.0247,21.7022,46.0742,324.4843,
239988006600,223.4960,0.3930,0.9513,-2.0247,21.6811,45.9052,324.6257,
240002044800,223.5101,0.3935,0.9513,-2.0248,21.6585,45.7267,324.7725,
240015677200,223.5237,0.3945,0.9511,-2.0246,21.5991,45.5519,324.8076,
240029725900,223.5378,0.3956,0.9508,-2.0245,21.5418,45.3864,324.8373,
240043987200,223.5520,0.3966,0.9506,-2.0243,21.4846,45.2240,324.8635,
240057603200,223.5656,0.3974,0.9500,-2.0241,21.4467,45.0401,324.8304,
240071715900,223.5798,0.3982,0.9494,-2.0240,21.4073,44.8522,324.7937,
240085117300,223.5931,0.3986,0.9488,-2.0239,21.3751,44.7646,324.7592,
240099181700,223.6072,0.3990,0.9482,-2.0238,21.3472,44.6901,324.7280,
240114584400,223.6227,0.3993,0.9476,-2.0237,21.3273,44.6483,324.7043,
240129221200,223.6371,0.3996,0.9471,-2.0237,21.3093,44.6113,324.6821,
240142359100,223.6504,0.3998,0.9465,-2.0236,21.2903,44.5731,324.6582,
240155840000,223.6640,0.3999,0.9465,-2.0236,21.2626,44.5374,324.6275,
240169526200,223.6775,0.4000,0.9464,-2.0235,21.2297,44.4963,324.5906,
240183176400,223.6911,0.4000,0.9463,-2.0234,21.1727,44.4066,324.5242,
240197129300,223.7051,0.4001,0.9463,-2.0233,21.1028,44.2978,324.4421,
240210430400,223.7186,0.4001,0.9462,-2.0232,21.0580,44.1377,324.3267,
240224541700,223.7325,0.4001,0.9461,-2.0232,21.0111,43.9635,324.1998,
240238665000,223.7466,0.4002,0.9460,-2.0231,20.9641,43.7834,324.0675,
240252522100,223.7607,0.4002,0.9459,-2.0231,20.8966,43.6292,324.0082,
240265942000,223.7739,0.4002,0.9458,-2.0231,20.8315,43.4797,323.9518,
240279899900,223.7879,0.4003,0.9457,-2.0231,20.8189,43.4141,323.9532,
240293597300,223.8017,0.4004,0.9456,-2.0230,20.8100,43.3628,323.9559,
240307641500,223.8157,0.4005,0.9455,-2.0230,20.8027,43.3155,323.9599,
240321737100,223.8297,0.4004,0.9453,-2.0230,20.7733,43.2912,323.9563,
240335266600,223.8434,0.4004,0.9451,-2.0230,20.7422,43.2670,323.9532,
240349801000,223.8577,0.4005,0.9450,-2.0230,20.7277,43.2587,323.9620,
240363327500,223.8713,0.4005,0.9448,-2.0230,20.7132,43.2519,323.9724,
240377213800,223.8852,0.4006,0.9448,-2.0229,20.6813,43.2485,323.9695,
240391074800,223.8992,0.4006,0.9447,-2.0229,20.6477,43.2467,323.9665,
240405367800,223.9133,0.4007,0.9446,-2.0229,20.6124,43.2465,323.9635,
240419109500,223.9270,0.4007,0.9444,-2.0228,20.5794,43.2440,323.9589,
240432698900,223.9408,0.4007,0.9442,-2.0227,20.5452,43.2427,323.9542,
240446793600,223.9548,0.4007,0.9441,-2.0227,20.5417,43.2555,323.9336,
240461086200,223.9690,0.4007,0.9439,-2.0227,20.5402,43.2707,323.9113,
240474507700,223.9827,0.4007,0.9435,-2.0226,20.5185,43.2830,323.9029,
240488576300,223.9966,0.4007,0.9430,-2.0226,20.4964,43.2969,323.8945,
240502453200,224.0105,0.4007,0.9425,-2.0226,20.4738,43.3124,323.8860,
240516395600,224.0244,0.4007,0.9424,-2.0226,20.4341,43.3069,323.8587,
240530156200,224.0383,0.4007,0.9423,-2.0225,20.3766,43.2984,323.8187,
240544228800,224.0523,0.4008,0.9422,-2.0224,20.2916,43.2792,323.7843,
240558131500,224.0662,0.4010,0.9422,-2.0224,20.1908,43.2554,323.7444,
240572007600,224.0801,0.4011,0.9421,-2.0223,20.0795,43.2283,323.7014,
240586152200,224.0942,0.4011,0.9420,-2.0222,20.0428,43.2141,323.6751,
240599883500,224.1079,0.4012,0.9419,-2.0222,20.0167,43.2032,323.6560,
240613841500,224.1220,0.4013,0.9419,-2.0222,19.9642,43.1919,323.6400,
240628297800,224.1363,0.4014,0.9418,-2.0222,19.9006,43.1782,323.6216,
240641706400,224.1497,0.4015,0.9418,-2.0222,19.8288,43.1625,323.6018,
240656064100,224.1642,0.4016,0.9417,-2.0220,19.8039,43.1709,323.6200,
240669577800,224.1776,0.4016,0.9417,-2.0219,19.7793,43.1805,323.6409,
240683455700,224.1914,0.4017,0.9415,-2.0218,19.7426,43.2165,323.6691,
240697316100,224.2054,0.4017,0.9413,-2.0217,19.6849,43.2770,323.7169,
240711089200,224.2193,0.4016,0.9413,-2.0217,19.6302,43.2813,323.7119,
240725272300,224.2333,0.4015,0.9413,-2.0216,19.5727,43.2849,323.7055,
240739260600,224.2472,0.4015,0.9412,-2.0215,19.5092,43.2880,323.6976,
240752946400,224.2611,0.4015,0.9412,-2.0216,19.4715,43.2832,323.6707,
240767315200,224.2753,0.4015,0.9412,-2.0216,19.4342,43.2773,323.6417,
240781214000,224.2892,0.4016,0.9411,-2.0215,19.4064,43.2668,323.6274,
240794766200,224.3029,0.4017,0.9411,-2.0214,19.3788,43.2549,323.6123,
240808903100,224.3169,0.4016,0.9411,-2.0213,19.3385,43.2673,323.6100,
240823404600,224.3313,0.4016,0.9412,-2.0213,19.2916,43.2829,323.6081,
240836947600,224.3450,0.4016,0.9412,-2.0212,19.2344,43.3032,323.6065,
240850447500,224.3586,0.4016,0.9412,-2.0211,19.1767,43.3553,323.5980,
240864790600,224.3728,0.4015,0.9412,-2.0211,19.1106,43.4194,323.5884,
240878362400,224.3864,0.4015,0.9411,-2.0211,19.0728,43.4696,323.5919,
240892149200,224.4003,0.4016,0.9409,-2.0210,19.0393,43.5185,323.5960,
240906323400,224.4143,0.4016,0.9408,-2.0210,19.0076,43.5689,323.6011,
240920167100,224.4282,0.4016,0.9406,-2.0210,18.9772,43.5793,323.5896,
240933976000,224.4421,0.4017,0.9404,-2.0211,18.9465,43.5892,323.5774,
240948060000,224.4561,0.4018,0.9404,-2.0211,18.9140,43.5813,323.5701,
240962132200,224.4700,0.4019,0.9403,-2.0212,18.8812,43.5714,323.5626,
240975891700,224.4841,0.4021,0.9403,-2.0212,18.8480,43.5595,323.5551,
240990221300,224.4982,0.4022,0.9401,-2.0213,18.8188,43.5574,323.5634,
241004121100,224.5121,0.4023,0.9398,-2.0213,18.7898,43.5544,323.5730,
241017800200,224.5258,0.4023,0.9398,-2.0214,18.7685,43.5597,323.5599,
241031760100,224.5399,0.4023,0.9398,-2.0215,18.7480,43.5650,323.5457,
241045931000,224.5539,0.4025,0.9397,-2.0215,18.7617,43.5785,323.5451,
241059620200,224.5677,0.4026,0.9396,-2.0215,18.7794,43.5929,323.5450,
241073650400,224.5818,0.4027,0.9396,-2.0214,18.8010,43.6080,323.5454,
241087608600,224.5956,0.4030,0.9395,-2.0215,18.8048,43.6142,323.5270,
241101524300,224.6095,0.4033,0.9394,-2.0215,18.8103,43.6203,323.5074,
241115391400,224.6236,0.4037,0.9391,-2.0216,18.8167,43.6383,323.5297,
241129528400,224.6375,0.4041,0.9387,-2.0217,18.8246,43.6573,323.5550,
241143151500,224.6512,0.4044,0.9387,-2.0217,18.7770,43.6696,323.5754,
241157037000,224.6651,0.4045,0.9387,-2.0218,18.7181,43.6837,323.6007,
241171132900,224.6793,0.4047,0.9386,-2.0218,18.6071,43.7086,323.6485,
241184929200,224.6929,0.4048,0.9386,-2.0218,18.5250,43.7350,323.7261,
241198903100,224.7069,0.4049,0.9386,-2.0218,18.4349,43.7626,323.8128,
241212563800,224.7207,0.4050,0.9383,-2.0219,18.3476,43.7930,323.8175,
241226626000,224.7347,0.4051,0.9377,-2.0219,18.2567,43.8240,323.8204,
241240937300,224.7489,0.4051,0.9370,-2.0220,18.1580,43.8571,323.8216,
241254818000,224.7630,0.4053,0.9368,-2.0220,18.1094,43.8993,323.8342,
241268493300,224.7765,0.4055,0.9366,-2.0220,18.0652,43.9386,323.8452,
241282687200,224.7907,0.4058,0.9361,-2.0218,18.0234,43.9465,323.8444,
241296366800,224.8043,0.4061,0.9355,-2.0217,17.9822,43.9533,323.8427,
241310048000,224.8182,0.4064,0.9349,-2.0216,17.9382,43.9596,323.8400,
241324191100,224.8322,0.4070,0.9341,-2.0217,17.9255,43.9789,323.8706,
241338054500,224.8461,0.4075,0.9333,-2.0218,17.9139,43.9987,323.9034,
241351928700,224.8600,0.4077,0.9327,-2.0218,17.8920,43.9962,323.9215,
241366824500,224.8748,0.4078,0.9321,-2.0219,17.8701,43.9922,323.9400,
241380097900,224.8881,0.4082,0.9320,-2.0219,17.8504,43.9729,323.9562,
241393854500,224.9020,0.4085,0.9319,-2.0218,17.8309,43.9508,323.9724,
241407676000,224.9156,0.4088,0.9318,-2.0218,17.8117,43.9262,323.9888,
241421930700,224.9299,0.4091,0.9317,-2.0218,17.7948,43.9166,324.0085,
241435449500,224.9436,0.4094,0.9315,-2.0218,17.7783,43.9062,324.0287,
241449479700,224.9575,0.4097,0.9311,-2.0217,17.7203,43.8989,324.0518,
241463665500,224.9716,0.4099,0.9307,-2.0216,17.6293,43.8873,324.0866,
241477536000,224.9856,0.4101,0.9304,-2.0215,17.5430,43.9053,324.1407,
241491378100,224.9996,0.4103,0.9300,-2.0214,17.4497,43.9265,324.1990,
241505116400,225.0132,0.4105,0.9296,-2.0214,17.3518,43.9503,324.2603,
241519128700,225.0271,0.4108,0.9289,-2.0214,17.2474,44.0366,324.3618,
241533842000,225.0420,0.4110,0.9282,-2.0215,17.1339,44.1355,324.4740,
241547338100,225.0554,0.4113,0.9275,-2.0216,17.0166,44.2424,324.5916,
241561292400,225.0693,0.4113,0.9271,-2.0217,16.8539,44.3819,324.6824,
241574784400,225.0829,0.4113,0.9267,-2.0218,16.6869,44.5292,324.7745,
241588894300,225.0969,0.4112,0.9267,-2.0218,16.5646,44.6136,324.7413,
241602775900,225.1108,0.4110,0.9268,-2.0219,16.4479,44.6965,324.7057,
241616610100,225.1246,0.4108,0.9268,-2.0221,16.4067,44.8063,324.6987,
241630742300,225.1389,0.4105,0.9268,-2.0223,16.3678,44.9195,324.6899,
241644476000,225.1525,0.4103,0.9268,-2.0227,16.3569,45.0073,324.6578,
241658134000,225.1662,0.4100,0.9267,-2.0231,16.3487,45.0991,324.6223,
241671970900,225.1801,0.4097,0.9266,-2.0236,16.3431,45.1985,324.5821,
241686551400,225.1945,0.4097,0.9266,-2.0239,16.2993,45.3277,324.5256,
241700314500,225.2083,0.4097,0.9266,-2.0242,16.2532,45.4702,324.4613,
241714105000,225.2223,0.4097,0.9267,-2.0242,16.1992,45.5288,324.4009,
241728347500,225.2364,0.4096,0.9267,-2.0243,16.1501,45.5808,324.3438,
241742276800,225.2502,0.4096,0.9268,-2.0243,16.1020,45.6310,324.2859,
241756997300,225.2650,0.4096,0.9268,-2.0243,16.0848,45.6448,324.2781,
241769645000,225.2778,0.4096,0.9269,-2.0243,16.0671,45.6585,324.2701,
241783772300,225.2918,0.4096,0.9269,-2.0242,16.0496,45.6671,324.2708,
241798106500,225.3060,0.4097,0.9269,-2.0241,16.0317,45.6751,324.2720,
241811291200,225.3195,0.4097,0.9270,-2.0238,16.0207,45.6757,324.2872,
241825597400,225.3336,0.4097,0.9271,-2.0236,16.0100,45.6749,324.3042,
241839546300,225.3476,0.4098,0.9272,-2.0233,15.9997,45.6729,324.3231,
241853559700,225.3617,0.4097,0.9273,-2.0224,15.9931,45.6695,324.3450,
241867567600,225.3756,0.4096,0.9275,-2.0215,15.9871,45.6649,324.3687,
241881536500,225.3896,0.4097,0.9275,-2.0208,15.9951,45.6750,324.3925,
241895080400,225.4033,0.4099,0.9275,-2.0202,16.0049,45.6855,324.4178,
241909080000,225.4170,0.4100,0.9275,-2.0196,16.0166,45.6963,324.4445,
241923338800,225.4314,0.4102,0.9278,-2.0183,16.0309,45.6560,324.4477,
241936953800,225.4450,0.4104,0.9282,-2.0171,16.0470,45.6115,324.4501,
241950675300,225.4589,0.4106,0.9289,-2.0154,16.0678,45.5157,324.4259,
241964543700,225.4725,0.4107,0.9295,-2.0139,16.0997,45.3702,324.3867,
241978733000,225.4868,0.4111,0.9297,-2.0125,16.1045,45.1791,324.3164,
241992443600,225.5006,0.4114,0.9298,-2.0113,16.1090,44.9627,324.2338,
242006732700,225.5148,0.4117,0.9299,-2.0102,16.1127,44.7331,324.1431,
242020620100,225.5286,0.4117,0.9301,-2.0092,16.1725,44.4905,324.0638,
242034018300,225.5422,0.4118,0.9303,-2.0083,16.2331,44.2444,323.9808,
242048039600,225.5561,0.4120,0.9302,-2.0078,16.2702,44.0836,323.9974,
242062102400,225.5702,0.4121,0.9302,-2.0073,16.3050,43.9333,324.0132,
242076459700,225.5844,0.4123,0.9301,-2.0068,16.3395,43.7853,324.0292,
242089932300,225.5981,0.4123,0.9301,-2.0066,16.3664,43.7366,324.0493,
242103742700,225.6118,0.4124,0.9301,-2.0064,16.3875,43.6993,324.0652,
242117823700,225.6259,0.4124,0.9300,-2.0063,16.4020,43.6788,324.1039,
242131492500,225.6396,0.4124,0.9299,-2.0062,16.4188,43.6559,324.1503,
242145648400,225.6537,0.4124,0.9297,-2.0062,16.4442,43.6273,324.1909,
242160152400,225.6682,0.4123,0.9296,-2.0062,16.4727,43.5962,324.2365,
242173400500,225.6816,0.4123,0.9294,-2.0061,16.5045,43.5627,324.2873,
242187670100,225.6957,0.4124,0.9292,-2.0061,16.4900,43.5503,324.3229,
242201260200,225.7093,0.4124,0.9289,-2.0061,16.4738,43.5386,324.3592,
242214895200,225.7231,0.4123,0.9287,-2.0062,16.4700,43.5123,324.3716,
242229295700,225.7373,0.4123,0.9285,-2.0063,16.4657,43.4848,324.3834,
242243502600,225.7515,0.4122,0.9284,-2.0063,16.4609,43.4562,324.3946,
242256843800,225.7649,0.4122,0.9282,-2.0064,16.4504,43.4568,324.4221,
242270527700,225.7787,0.4121,0.9280,-2.0065,16.4390,43.4589,324.4505,
242284681300,225.7927,0.4120,0.9280,-2.0067,16.4490,43.4412,324.4481,
242299030600,225.8070,0.4119,0.9279,-2.0068,16.4601,43.4230,324.4437,
242312577100,225.8208,0.4120,0.9279,-2.0070,16.4768,43.4146,324.4359,
242326616600,225.8346,0.4120,0.9280,-2.0072,16.4951,43.4066,324.4260,
242340384800,225.8485,0.4121,0.9280,-2.0073,16.5148,43.3992,324.4142,
242354531700,225.8627,0.4121,0.9281,-2.0075,16.5245,43.3975,324.3812,
242368179900,225.8763,0.4120,0.9281,-2.0077,16.5346,43.3967,324.3448,
242382153800,225.8902,0.4120,0.9280,-2.0079,16.5473,43.4036,324.3207,
242395907000,225.9041,0.4119,0.9277,-2.0081,16.5604,43.4121,324.2948,
242410050800,225.9180,0.4119,0.9278,-2.0084,16.5697,43.4180,324.2631,
242424308000,225.9324,0.4119,0.9278,-2.0086,16.5790,43.4249,324.2294,
242438086000,225.9462,0.4120,0.9279,-2.0088,16.5883,43.4327,324.1935,
242451759800,225.9600,0.4120,0.9278,-2.0090,16.5833,43.4386,324.1688,
242465917600,225.9739,0.4120,0.9277,-2.0091,16.5770,43.4451,324.1433,
242479654600,225.9877,0.4120,0.9277,-2.0093,16.5671,43.4533,324.1107,
242493379700,226.0016,0.4119,0.9278,-2.0095,16.5557,43.4622,324.0768,
242507441000,226.0155,0.4118,0.9278,-2.0098,16.5424,43.4722,324.0401,
242521923800,226.0299,0.4117,0.9279,-2.0099,16.5315,43.4806,324.0080,
242535173600,226.0434,0.4117,0.9280,-2.0100,16.5193,43.4895,323.9746,
242549150800,226.0572,0.4116,0.9278,-2.0103,16.5278,43.5243,323.9643,
242563113100,226.0712,0.4115,0.9276,-2.0105,16.5373,43.5620,323.9554,
242577152600,226.0851,0.4115,0.9276,-2.0108,16.5316,43.5848,323.9364,
242590782700,226.0990,0.4115,0.9275,-2.0110,16.5253,43.6085,323.9175,
242605134500,226.1132,0.4115,0.9275,-2.0111,16.5184,43.6330,323.8989,
242619157800,226.1272,0.4116,0.9274,-2.0115,16.5325,43.6766,323.9023,
242632660500,226.1408,0.4117,0.9272,-2.0118,16.5523,43.7356,323.9095,
242646923500,226.1550,0.4117,0.9273,-2.0119,16.5744,43.7849,323.9232,
242660627100,226.1687,0.4118,0.9273,-2.0120,16.5996,43.8389,323.9410,
242674505200,226.1827,0.4118,0.9273,-2.0122,16.6286,43.8989,323.9633,
242688559800,226.1965,0.4119,0.9274,-2.0123,16.6413,43.9288,323.9750,
242702503700,226.2105,0.4119,0.9275,-2.0124,16.6546,43.9589,323.9885,
242717074200,226.2251,0.4121,0.9275,-2.0126,16.6828,44.0038,324.0399,
242730373100,226.2386,0.4122,0.9275,-2.0128,16.7237,44.0667,324.1174,
242744252300,226.2523,0.4123,0.9275,-2.0130,16.7742,44.1420,324.2162,
242758376500,226.2664,0.4124,0.9275,-2.0131,16.7633,44.1607,324.2304,
242771961900,226.2802,0.4125,0.9276,-2.0132,16.7506,44.1787,324.2452,
242785959600,226.2940,0.4126,0.9277,-2.0133,16.7476,44.1764,324.2653,
242800002300,226.3080,0.4126,0.9277,-2.0133,16.7441,44.1717,324.2864,
242813656000,226.3219,0.4126,0.9276,-2.0135,16.7329,44.1994,324.2966,
242827928700,226.3360,0.4125,0.9276,-2.0137,16.7206,44.2283,324.3067,
242842299800,226.3504,0.4125,0.9275,-2.0138,16.7070,44.2583,324.3166,
242855431800,226.3636,0.4125,0.9275,-2.0139,16.6880,44.2795,324.3311,
242869334400,226.3774,0.4125,0.9276,-2.0139,16.6675,44.3008,324.3459,
242883346200,226.3914,0.4124,0.9277,-2.0140,16.6511,44.3135,324.3388,
242897270200,226.4053,0.4122,0.9278,-2.0142,16.6339,44.3256,324.3299,
242911559800,226.4197,0.4122,0.9279,-2.0143,16.6458,44.3495,324.3315,
242925580600,226.4336,0.4123,0.9280,-2.0144,16.6600,44.3741,324.3325,
242939091400,226.4471,0.4123,0.9281,-2.0145,16.6763,44.3993,324.3331,
242953147600,226.4613,0.4123,0.9282,-2.0146,16.6813,44.4136,324.3574,
242967141000,226.4751,0.4124,0.9283,-2.0146,16.6870,44.4274,324.3835,
242980930100,226.4890,0.4124,0.9285,-2.0147,16.6977,44.4346,324.4067,
242994631800,226.5028,0.4125,0.9286,-2.0148,16.7095,44.4408,324.4312,
243009049200,226.5171,0.4124,0.9287,-2.0148,16.6975,44.4468,324.4337,
243022913800,226.5309,0.4124,0.9287,-2.0148,16.6839,44.4519,324.4349,
243036510400,226.5446,0.4124,0.9288,-2.0149,16.6689,44.4562,324.4350,
243050401700,226.5586,0.4124,0.9291,-2.0149,16.6697,44.4666,324.4336,
243064974000,226.5730,0.4124,0.9294,-2.0149,16.6708,44.4770,324.4311,
243078558400,226.5865,0.4123,0.9296,-2.0149,16.6673,44.4815,324.4179,
243092017600,226.6002,0.4123,0.9298,-2.0149,16.6634,44.4854,324.4027,
243106112400,226.6142,0.4123,0.9300,-2.0149,16.6594,44.4886,324.3855,
243120173000,226.6282,0.4123,0.9300,-2.0149,16.6475,44.4847,324.3676,
243134261600,226.6424,0.4124,0.9300,-2.0149,16.6347,44.4796,324.3479,
243148046200,226.6561,0.4125,0.9300,-2.0149,16.6589,44.4740,324.3191,
243162060300,226.6701,0.4127,0.9300,-2.0149,16.6858,44.4673,324.2879,
243175646400,226.6839,0.4129,0.9300,-2.0149,16.7154,44.4596,324.2545,
243189911200,226.6979,0.4131,0.9299,-2.0150,16.7303,44.4578,324.2399,
243203677900,226.7117,0.4134,0.9297,-2.0151,16.7462,44.4557,324.2251,
243218044400,226.7261,0.4136,0.9295,-2.0151,16.7566,44.4558,324.2108,
243231479800,226.7396,0.4139,0.9292,-2.0150,16.7674,44.4559,324.1962,
243245748100,226.7537,0.4139,0.9291,-2.0149,16.7875,44.4592,324.2009,
243259387700,226.7675,0.4140,0.9289,-2.0149,16.8089,44.4627,324.2074,
243273096000,226.7813,0.4140,0.9288,-2.0148,16.8315,44.4664,324.2155,
243287182400,226.7952,0.4141,0.9288,-2.0147,16.8367,44.4791,324.2339,
243301422800,226.8094,0.4142,0.9287,-2.0146,16.8413,44.4927,324.2547,
243314906000,226.8231,0.4142,0.9287,-2.0147,16.8443,44.5017,324.2675,
243329190100,226.8373,0.4143,0.9287,-2.0147,16.8467,44.5110,324.2814,
243343296100,226.8514,0.4144,0.9288,-2.0147,16.8415,44.5214,324.2718,
243357224400,226.8652,0.4145,0.9289,-2.0147,16.8350,44.5323,324.2608,
243370788100,226.8790,0.4146,0.9290,-2.0147,16.8273,44.5436,324.2484,
243384630500,226.8927,0.4145,0.9291,-2.0147,16.8064,44.5643,324.2240,
243398747200,226.9068,0.4144,0.9292,-2.0148,16.7832,44.5861,324.1972,
243412350400,226.9205,0.4145,0.9293,-2.0148,16.7775,44.5839,324.1657,
243426369700,226.9345,0.4145,0.9295,-2.0148,16.7717,44.5803,324.1319,
243440471400,226.9486,0.4145,0.9297,-2.0148,16.7656,44.5755,324.0957,
243454045100,226.9623,0.4145,0.9298,-2.0149,16.7706,44.5591,324.0453,
243468432400,226.9765,0.4146,0.9300,-2.0150,16.7787,44.5332,323.9706,
243482088400,226.9901,0.4148,0.9305,-2.0153,16.7920,44.5127,323.9469,
243496420000,227.0044,0.4151,0.9311,-2.0155,16.8067,44.4901,323.9230,
243510141000,227.0184,0.4150,0.9320,-2.0157,16.8170,44.4656,323.8875,
243523899400,227.0319,0.4148,0.9329,-2.0158,16.8282,44.4392,323.8507,
243538330200,227.0464,0.4146,0.9337,-2.0160,16.8418,44.4065,323.8068,
243551539200,227.0598,0.4147,0.9340,-2.0160,16.8728,44.3984,323.7986,
243565479600,227.0736,0.4148,0.9342,-2.0160,16.9061,44.3905,323.7921,
243579533500,227.0875,0.4148,0.9344,-2.0161,16.9243,44.4008,323.7809,
243593272800,227.1015,0.4147,0.9347,-2.0162,16.9429,44.4131,323.7706,
243607635400,227.1156,0.4147,0.9347,-2.0163,16.9506,44.4333,323.7556,
243621342400,227.1294,0.4148,0.9348,-2.0163,16.9576,44.4560,323.7409,
243635155900,227.1433,0.4149,0.9348,-2.0164,16.9639,44.4811,323.7264,
243649292300,227.1574,0.4147,0.9350,-2.0165,16.9678,44.5031,323.7100,
243663708100,227.1718,0.4145,0.9353,-2.0165,16.9710,44.5268,323.6935,
243676957000,227.1850,0.4144,0.9354,-2.0165,16.9831,44.5499,323.6958,
243690826000,227.1990,0.4143,0.9355,-2.0164,16.9954,44.5744,323.7000,
243705037000,227.2131,0.4142,0.9356,-2.0163,17.0080,44.6002,323.7061,
243718893900,227.2270,0.4141,0.9356,-2.0164,17.0340,44.6241,323.7080,
243732444500,227.2407,0.4141,0.9357,-2.0164,17.0614,44.6490,323.7112,
243746539100,227.2546,0.4140,0.9360,-2.0163,17.0785,44.6665,323.7037,
243760511800,227.2686,0.4139,0.9366,-2.0161,17.0958,44.6841,323.6961,
243774294800,227.2825,0.4138,0.9373,-2.0159,17.1133,44.7017,323.6886,
243788263300,227.2963,0.4137,0.9376,-2.0159,17.1315,44.7129,323.6903,
243802273400,227.3103,0.4136,0.9378,-2.0159,17.1498,44.7235,323.6927,
243816215100,227.3243,0.4136,0.9380,-2.0159,17.1809,44.7276,323.6950,
243830322400,227.3385,0.4136,0.9381,-2.0159,17.2134,44.7306,323.6979,
243844141100,227.3522,0.4136,0.9383,-2.0159,17.2473,44.7325,323.7014,
243857951000,227.3660,0.4136,0.9383,-2.0160,17.2661,44.7400,323.6927,
243871749600,227.3800,0.4136,0.9382,-2.0160,17.2849,44.7470,323.6836,
243885742700,227.3938,0.4136,0.9380,-2.0161,17.2882,44.7613,323.6547,
243899686300,227.4078,0.4137,0.9378,-2.0161,17.2901,44.7760,323.6237,
243913555200,227.4217,0.4137,0.9377,-2.0162,17.2799,44.7810,323.6155,
243927545200,227.4356,0.4138,0.9377,-2.0163,17.2673,44.7853,323.6078,
243941494100,227.4496,0.4138,0.9376,-2.0163,17.2523,44.7890,323.6003,
243955270400,227.4635,0.4138,0.9376,-2.0163,17.2343,44.7732,323.5866,
243970201200,227.4782,0.4138,0.9375,-2.0163,17.2140,44.7552,323.5726,
243983268300,227.4914,0.4138,0.9375,-2.0163,17.1871,44.7475,323.5739,
243997841400,227.5059,0.4138,0.9375,-2.0162,17.1575,44.7389,323.5764,
244010933700,227.5192,0.4138,0.9376,-2.0162,17.1330,44.7561,323.5711,
244025661700,227.5337,0.4138,0.9376,-2.0161,17.1069,44.7751,323.5661,
244038887700,227.5470,0.4138,0.9377,-2.0160,17.0793,44.7959,323.5613,
244052907900,227.5612,0.4137,0.9377,-2.0161,17.0932,44.8320,323.5674,
244066823900,227.5749,0.4136,0.9376,-2.0161,17.1095,44.8709,323.5747,
244080686900,227.5887,0.4135,0.9377,-2.0160,17.1296,44.8980,323.5499,
244094433900,227.6027,0.4135,0.9378,-2.0160,17.1595,44.9355,323.5142,
244108514500,227.6166,0.4134,0.9378,-2.0159,17.2030,44.9868,323.4636,
244122413200,227.6306,0.4134,0.9378,-2.0159,17.2022,45.0012,323.4113,
244136730700,227.6448,0.4134,0.9377,-2.0158,17.2012,45.0148,323.3560,
244150219800,227.6585,0.4134,0.9376,-2.0158,17.1824,45.0258,323.3187,
244164101600,227.6722,0.4135,0.9376,-2.0158,17.1613,45.0366,323.2784,
244177990600,227.6861,0.4135,0.9375,-2.0158,17.1627,45.0221,323.2615,
244192166300,227.7004,0.4135,0.9374,-2.0159,17.1646,45.0050,323.2450,
244206032900,227.7141,0.4135,0.9372,-2.0159,17.1672,44.9852,323.2288,
244220285500,227.7284,0.4136,0.9371,-2.0158,17.1529,44.9843,323.2372,
244233874100,227.7422,0.4136,0.9370,-2.0158,17.1375,44.9830,323.2480,
244247828800,227.7559,0.4136,0.9369,-2.0158,17.1341,44.9906,323.2780,
244261711600,227.7699,0.4136,0.9368,-2.0157,17.1309,44.9985,323.3118,
244275619700,227.7839,0.4136,0.9369,-2.0156,17.1034,45.0094,323.3325,
244289538900,227.7977,0.4135,0.9370,-2.0155,17.0737,45.0209,323.3550,
244303909900,227.8120,0.4135,0.9371,-2.0154,17.0418,45.0330,323.3794,
244317342500,227.8255,0.4134,0.9371,-2.0154,17.0381,45.0341,323.4172,
244331101600,227.8394,0.4134,0.9370,-2.0153,17.0352,45.0346,323.4578,
244345422000,227.8536,0.4133,0.9369,-2.0153,17.0328,45.0347,323.5054,
244359156500,227.8672,0.4134,0.9369,-2.0153,17.0302,45.0241,323.5175,
244373217400,227.8815,0.4135,0.9370,-2.0154,17.0282,45.0123,323.5294,
244387055000,227.8952,0.4135,0.9369,-2.0155,16.9958,45.0008,323.5226,
244400917300,227.9090,0.4135,0.9369,-2.0156,16.9613,44.9883,323.5138,
244414704200,227.9229,0.4135,0.9368,-2.0156,16.9502,44.9857,323.4964,
244428715900,227.9369,0.4135,0.9366,-2.0157,16.9395,44.9832,323.4766,
244442495000,227.9507,0.4135,0.9364,-2.0157,16.9291,44.9807,323.4543,
244456892500,227.9650,0.4135,0.9365,-2.0156,16.9037,44.9746,323.4236,
244470558800,227.9788,0.4136,0.9365,-2.0155,16.8773,44.9682,323.3902,
244485120100,227.9933,0.4135,0.9364,-2.0155,16.8586,44.9551,323.3785,
244498479000,228.0066,0.4134,0.9363,-2.0155,16.8397,44.9412,323.3665,
244512358400,228.0207,0.4135,0.9363,-2.0155,16.8278,44.9385,323.3614,
244526600600,228.0346,0.4137,0.9363,-2.0155,16.8165,44.9361,323.3566,
244540392700,228.0485,0.4138,0.9363,-2.0154,16.8057,44.9342,323.3523,
244554104700,228.0624,0.4137,0.9365,-2.0153,16.7950,44.9208,323.3231,
244568820700,228.0770,0.4137,0.9368,-2.0152,16.7847,44.9066,323.2920,
244582424300,228.0904,0.4136,0.9370,-2.0151,16.7873,44.9121,323.2598,
244596082000,228.1043,0.4136,0.9373,-2.0151,16.7915,44.9188,323.2260,
244610153400,228.1183,0.4137,0.9382,-2.0145,16.8163,44.9118,323.1992,
244624276400,228.1323,0.4138,0.9392,-2.0138,16.8444,44.9045,323.1718,
244638194000,228.1462,0.4138,0.9402,-2.0131,16.8759,44.8969,323.1438,
244651820900,228.1601,0.4144,0.9405,-2.0126,16.9127,44.8755,323.1439,
244665960800,228.1740,0.4149,0.9408,-2.0121,16.9566,44.8505,323.1463,
244679769600,228.1879,0.4153,0.9407,-2.0115,16.9797,44.8186,323.1358,
244693739200,228.2019,0.4157,0.9406,-2.0109,17.0057,44.7820,323.1250,
244707717500,228.2159,0.4161,0.9406,-2.0103,17.0368,44.7375,323.1131,
244721390600,228.2296,0.4164,0.9408,-2.0097,17.0729,44.5637,323.0294,
244735394200,228.2436,0.4167,0.9410,-2.0091,17.1177,44.3309,322.9191,
244749488000,228.2575,0.4169,0.9407,-2.0080,17.1056,44.1541,322.8439,
244763471000,228.2715,0.4172,0.9403,-2.0069,17.0900,43.9819,322.7722,
244777141700,228.2852,0.4173,0.9395,-2.0063,17.1506,43.6971,322.6998,
244791089800,228.2994,0.4174,0.9388,-2.0057,17.2150,43.3878,322.6240,
244804717800,228.3128,0.4174,0.9381,-2.0051,17.2786,43.0752,322.5499,
244818860300,228.3270,0.4180,0.9377,-2.0044,17.2010,42.7495,322.5689,
244832857200,228.3411,0.4185,0.9374,-2.0038,17.1203,42.4212,322.5922,
244847064300,228.3551,0.4188,0.9376,-2.0035,17.0527,41.9894,322.6432,
244860518200,228.3685,0.4190,0.9377,-2.0032,16.9837,41.5589,322.6981,
244874252600,228.3825,0.4193,0.9378,-2.0029,16.9164,41.1470,322.7542,
244888724500,228.3968,0.4200,0.9384,-2.0026,16.9196,40.8883,322.9665,
244902706800,228.4107,0.4208,0.9391,-2.0022,16.9214,40.6390,323.1697,
244916732500,228.4248,0.4210,0.9396,-2.0020,16.8412,40.3622,323.2154,
244930272200,228.4384,0.4211,0.9401,-2.0018,16.7629,40.0925,323.2619,
244944464100,228.4525,0.4212,0.9405,-2.0016,16.6846,39.8226,323.3100,
244958252800,228.4663,0.4213,0.9406,-2.0016,16.7412,39.7846,323.3228,
244972096400,228.4802,0.4214,0.9406,-2.0015,16.7787,39.7572,323.3320,
244986117400,228.4941,0.4215,0.9409,-2.0014,16.8532,39.7194,323.3488,
244999993800,228.5081,0.4217,0.9412,-2.0013,16.9537,39.6660,323.3723,
245013534800,228.5218,0.4219,0.9416,-2.0012,17.0752,39.5990,323.4016,
245027663500,228.5357,0.4218,0.9418,-2.0011,17.0962,39.5746,323.3939,
245041770400,228.5499,0.4218,0.9419,-2.0010,17.1137,39.5528,323.3873,
245055687700,228.5639,0.4219,0.9420,-2.0010,17.1979,39.4637,323.3588,
245069633900,228.5778,0.4220,0.9420,-2.0011,17.3187,39.3330,323.3171,
245083588300,228.5916,0.4221,0.9421,-2.0011,17.3729,39.3002,323.3148,
245097755400,228.6059,0.4222,0.9422,-2.0011,17.4145,39.2750,323.3134,
245111280400,228.6195,0.4223,0.9422,-2.0009,17.4645,39.1900,323.3171,
245125268500,228.6334,0.4224,0.9422,-2.0007,17.5252,39.0819,323.3226,
245139353300,228.6474,0.4224,0.9422,-2.0006,17.5924,38.9571,323.3297,
245152991500,228.6613,0.4224,0.9421,-2.0005,17.6069,38.9650,323.3459,
245167286600,228.6754,0.4224,0.9421,-2.0005,17.6211,38.9751,323.3638,
245181147600,228.6892,0.4224,0.9422,-2.0004,17.6472,38.9801,323.3664,
245194939500,228.7032,0.4224,0.9424,-2.0002,17.6742,38.9863,323.3690,
245208945200,228.7170,0.4223,0.9424,-2.0001,17.6808,39.0026,323.3654,
245222925700,228.7310,0.4222,0.9425,-2.0000,17.6859,39.0209,323.3611,
245236961700,228.7451,0.4222,0.9426,-1.9999,17.6897,39.0412,323.3561,
245250517100,228.7587,0.4221,0.9425,-1.9999,17.6839,39.0646,323.3694,
245264750900,228.7728,0.4221,0.9424,-1.9999,17.6761,39.0899,323.3838,
245278581100,228.7866,0.4220,0.9425,-1.9999,17.6707,39.1156,323.3901,
245292100500,228.8004,0.4219,0.9427,-1.9999,17.6638,39.1430,323.3965,
245306473200,228.8145,0.4218,0.9428,-1.9999,17.6555,39.1721,323.4030,
245320195200,228.8283,0.4216,0.9428,-2.0000,17.6631,39.2004,323.4198,
245334138100,228.8424,0.4214,0.9428,-2.0000,17.6709,39.2301,323.4376,
245348060200,228.8562,0.4213,0.9428,-2.0001,17.6969,39.2849,323.4553,
245361882200,228.8699,0.4213,0.9427,-2.0003,17.7418,39.3783,323.4851,
245375724700,228.8840,0.4212,0.9427,-2.0004,17.7683,39.4142,323.5294,
245389909500,228.8980,0.4211,0.9428,-2.0005,17.7945,39.4483,323.5743,
245403293900,228.9115,0.4211,0.9428,-2.0006,17.8233,39.4842,323.6246,
245417847000,228.9258,0.4212,0.9427,-2.0007,17.8233,39.5222,323.6531,
245431730500,228.9400,0.4213,0.9426,-2.0009,17.8222,39.5602,323.6819,
245445527200,228.9537,0.4212,0.9427,-2.0011,17.8188,39.5762,323.6949,
245459497600,228.9676,0.4212,0.9427,-2.0012,17.8142,39.5910,323.7074,
245473361900,228.9816,0.4212,0.9428,-2.0014,17.8084,39.6046,323.7192,
245487570900,228.9957,0.4211,0.9427,-2.0015,17.8091,39.6351,323.7151,
245501348700,229.0095,0.4210,0.9427,-2.0017,17.8093,39.6661,323.7090,
245515306500,229.0236,0.4209,0.9427,-2.0018,17.8092,39.6975,323.7010,
245529152200,229.0372,0.4208,0.9428,-2.0020,17.8282,39.7514,323.6842,
245542604000,229.0508,0.4208,0.9429,-2.0022,17.8580,39.8336,323.6558,
245556532000,229.0647,0.4208,0.9431,-2.0023,17.8795,39.9674,323.6451,
245570560500,229.0788,0.4207,0.9432,-2.0024,17.9031,40.1174,323.6317,
245584749200,229.0928,0.4207,0.9435,-2.0023,17.9514,40.1560,323.6460,
245598813600,229.1068,0.4206,0.9439,-2.0022,17.9911,40.1850,323.6576,
245612016500,229.1203,0.4208,0.9442,-2.0021,18.0433,40.2526,323.6930,
245626190400,229.1343,0.4209,0.9444,-2.0020,18.1069,40.3331,323.7371,
245640476200,229.1485,0.4210,0.9447,-2.0019,18.1787,40.4218,323.7876,
245654247400,229.1625,0.4211,0.9448,-2.0020,18.2242,40.4894,323.8547,
245668304800,229.1765,0.4212,0.9449,-2.0020,18.2690,40.5553,323.9233,
245681741300,229.1899,0.4212,0.9448,-2.0021,18.3291,40.6267,323.9886,
245696102800,229.2042,0.4212,0.9447,-2.0021,18.3921,40.7003,324.0580,
245709603300,229.2178,0.4212,0.9447,-2.0021,18.3707,40.7537,324.0711,
245723810500,229.2320,0.4212,0.9448,-2.0022,18.3426,40.8144,324.0848,
245737472900,229.2456,0.4212,0.9448,-2.0022,18.3021,40.8925,324.1009,
245751614600,229.2598,0.4212,0.9448,-2.0023,18.2888,40.9078,324.1057,
245765642900,229.2738,0.4211,0.9447,-2.0024,18.2735,40.9218,324.1097,
245779875200,229.2880,0.4211,0.9447,-2.0026,18.2373,40.9453,324.0774,
245793478200,229.3018,0.4210,0.9447,-2.0027,18.1596,40.9907,324.0060,
245807813300,229.3159,0.4209,0.9447,-2.0029,18.0511,41.0486,323.9041,
245821432600,229.3296,0.4208,0.9448,-2.0031,17.9463,41.1330,323.8012,
245835456100,229.3438,0.4207,0.9450,-2.0034,17.8339,41.2189,323.6887,
245849188200,229.3573,0.4207,0.9451,-2.0035,17.7967,41.2913,323.6132,
245863179300,229.3712,0.4207,0.9453,-2.0036,17.7631,41.3559,323.5420,
245877108700,229.3853,0.4206,0.9453,-2.0037,17.7439,41.3856,323.5135,
245890942000,229.3992,0.4206,0.9454,-2.0038,17.7295,41.4071,323.4916,
245905152500,229.4133,0.4205,0.9454,-2.0038,17.7163,41.4263,323.4709,
245919301100,229.4274,0.4206,0.9454,-2.0039,17.7339,41.4503,323.4666,
245932669600,229.4409,0.4208,0.9453,-2.0039,17.7539,41.4749,323.4628,
245946357300,229.4545,0.4208,0.9453,-2.0041,17.7553,41.4984,323.4353,
245960761200,229.4688,0.4209,0.9452,-2.0042,17.7571,41.5229,323.4052,
245974494700,229.4827,0.4210,0.9451,-2.0044,17.7596,41.5545,323.3644,
245988257900,229.4963,0.4210,0.9450,-2.0045,17.7399,41.5460,323.3271,
246002031100,229.5101,0.4210,0.9449,-2.0045,17.7184,41.5349,323.2874,
246016141200,229.5243,0.4210,0.9449,-2.0047,17.7201,41.5372,323.2755,
246030328300,229.5383,0.4211,0.9449,-2.0048,17.7225,41.5386,323.2644,
246043957100,229.5520,0.4210,0.9447,-2.0049,17.7218,41.5460,323.2485,
246058142800,229.5663,0.4210,0.9444,-2.0049,17.7214,41.5534,323.2327,
246071915000,229.5802,0.4210,0.9442,-2.0050,17.7213,41.5606,323.2171,
246085592300,229.5937,0.4209,0.9441,-2.0051,17.7370,41.5859,323.2058,
246099969300,229.6081,0.4209,0.9441,-2.0051,17.7543,41.6129,323.1950,
246113532500,229.6218,0.4208,0.9441,-2.0052,17.7840,41.7045,323.1809,
246127286800,229.6354,0.4206,0.9441,-2.0053,17.8315,41.8500,323.1618,
246141638700,229.6497,0.4204,0.9440,-2.0053,17.8885,42.0404,323.0913,
246155589800,229.6638,0.4203,0.9440,-2.0054,17.9519,42.2508,323.0152,
246169104600,229.6772,0.4201,0.9440,-2.0055,18.0170,42.4656,322.9391,
246182834400,229.6910,0.4200,0.9439,-2.0056,18.0460,42.6462,322.8746,
246196961800,229.7050,0.4198,0.9439,-2.0057,18.0729,42.8165,322.8149,
246211094500,229.7193,0.4196,0.9438,-2.0058,18.0986,42.9808,322.7582,
246225134700,229.7332,0.4195,0.9437,-2.0058,18.0878,42.9886,322.7208,
246239135400,229.7473,0.4194,0.9436,-2.0058,18.0798,42.9934,322.6943,
246252561500,229.7607,0.4194,0.9435,-2.0058,18.0846,42.9923,322.6800,
246266589800,229.7747,0.4194,0.9435,-2.0059,18.0898,42.9904,322.6653,
246280834100,229.7889,0.4194,0.9435,-2.0059,18.0876,42.9801,322.6565,
246294621300,229.8029,0.4194,0.9434,-2.0060,18.0851,42.9684,322.6479,
246308407100,229.8165,0.4195,0.9434,-2.0060,18.0822,42.9553,322.6397,
246322596900,229.8307,0.4195,0.9433,-2.0061,18.0899,42.9716,322.6401,
246336271800,229.8444,0.4195,0.9432,-2.0062,18.0982,42.9893,322.6415,
246350318200,229.8586,0.4195,0.9433,-2.0061,18.0980,42.9859,322.6243,
246364031100,229.8721,0.4196,0.9433,-2.0061,18.0975,42.9818,322.6062,
246378487600,229.8866,0.4195,0.9433,-2.0060,18.1121,42.9854,322.6180,
246392172700,229.9005,0.4195,0.9432,-2.0059,18.1281,42.9892,322.6321,
246405820400,229.9139,0.4195,0.9431,-2.0057,18.1452,42.9930,322.6483,
246419821700,229.9279,0.4195,0.9429,-2.0056,18.1661,42.9997,322.6681,
246433799200,229.9421,0.4196,0.9427,-2.0055,18.1884,43.0068,322.6901,
246447812800,229.9559,0.4196,0.9425,-2.0054,18.2097,43.0251,322.7054,
246461430300,229.9696,0.4196,0.9424,-2.0053,18.2321,43.0447,322.7219,
246475361900,229.9836,0.4196,0.9422,-2.0051,18.2555,43.0657,322.7396,
246489323500,229.9975,0.4196,0.9423,-2.0051,18.2481,43.0879,322.7233,
246503334700,230.0114,0.4195,0.9424,-2.0050,18.2389,43.1114,322.7050,
246517245400,230.0254,0.4194,0.9425,-2.0049,18.2613,43.1328,322.6861,
246530968300,230.0392,0.4192,0.9427,-2.0048,18.2850,43.1551,322.6654,
246545087400,230.0532,0.4191,0.9429,-2.0048,18.3227,43.2013,322.6382,
246558972300,230.0671,0.4190,0.9433,-2.0049,18.3736,43.2633,322.6013,
246572968600,230.0813,0.4189,0.9437,-2.0049,18.4333,43.3360,322.5575,
246587348900,230.0954,0.4189,0.9438,-2.0049,18.4432,43.3547,322.5578,
246600911400,230.1090,0.4190,0.9440,-2.0048,18.4528,43.3737,322.5589,
246614601900,230.1228,0.4190,0.9441,-2.0048,18.4726,43.3779,322.5633,
246628566000,230.1367,0.4191,0.9442,-2.0048,18.4931,43.3809,322.5687,
246642903500,230.1509,0.4192,0.9442,-2.0048,18.5116,43.3809,322.5782,
246656536900,230.1647,0.4193,0.9442,-2.0048,18.5305,43.3796,322.5891,
246670157500,230.1784,0.4194,0.9442,-2.0049,18.5498,43.3770,322.6010,
246684341900,230.1924,0.4194,0.9442,-2.0049,18.5432,43.3772,322.6055,
246698697200,230.2067,0.4194,0.9441,-2.0049,18.5346,43.3767,322.6103,
246711967200,230.2202,0.4194,0.9441,-2.0050,18.5359,43.3664,322.6106,
246726002900,230.2341,0.4193,0.9440,-2.0051,18.5364,43.3545,322.6107,
246739985300,230.2481,0.4193,0.9439,-2.0052,18.5362,43.3410,322.6107,
246754064800,230.2622,0.4193,0.9438,-2.0052,18.5286,43.3558,322.6138,
246767865300,230.2760,0.4193,0.9438,-2.0053,18.5196,43.3717,322.6170,
246782025400,230.2901,0.4193,0.9436,-2.0054,18.5090,43.3698,322.6177,
246795946100,230.3042,0.4193,0.9435,-2.0055,18.4971,43.3672,322.6184,
246810193800,230.3181,0.4193,0.9434,-2.0056,18.4877,43.3925,322.6248,
246823439100,230.3315,0.4193,0.9432,-2.0058,18.4775,43.4201,322.6318,
246837701800,230.3457,0.4192,0.9431,-2.0060,18.4665,43.4499,322.6392,
246851454500,230.3597,0.4192,0.9430,-2.0061,18.4635,43.4559,322.6373,
246865478300,230.3734,0.4192,0.9430,-2.0063,18.4606,43.4616,322.6349,
246879281800,230.3873,0.4193,0.9428,-2.0064,18.4559,43.4682,322.6415,
246892917500,230.4012,0.4193,0.9427,-2.0066,18.4511,43.4746,322.6486,
246907348000,230.4154,0.4194,0.9425,-2.0067,18.4462,43.4808,322.6562,
246921133600,230.4292,0.4194,0.9427,-2.0069,18.4215,43.4789,322.6473,
246935039900,230.4433,0.4194,0.9428,-2.0071,18.3948,43.4762,322.6373,
246949025400,230.4572,0.4195,0.9428,-2.0071,18.3753,43.4954,322.6357,
246962741800,230.4708,0.4195,0.9428,-2.0072,18.3550,43.5160,322.6340,
246977414800,230.4855,0.4194,0.9429,-2.0072,18.3602,43.5282,322.6320,
246990351000,230.4986,0.4194,0.9430,-2.0072,18.3672,43.5406,322.6299,
247004501600,230.5126,0.4193,0.9430,-2.0072,18.3761,43.5532,322.6277,
247018761600,230.5268,0.4193,0.9430,-2.0072,18.4017,43.5639,322.6241,
247032120300,230.5403,0.4194,0.9430,-2.0072,18.4304,43.5746,322.6203,
247046480200,230.5546,0.4194,0.9430,-2.0072,18.4585,43.5752,322.6285,
247060172400,230.5683,0.4195,0.9430,-2.0071,18.4891,43.5749,322.6377,
247074296400,230.5826,0.4195,0.9431,-2.0070,18.5222,43.5737,322.6478,
247088375600,230.5964,0.4195,0.9430,-2.0071,18.5440,43.5941,322.6463,
247101894400,230.6100,0.4195,0.9428,-2.0072,18.5667,43.6155,322.6445,
247115936100,230.6241,0.4196,0.9428,-2.0072,18.5761,43.6337,322.6440,
247130012300,230.6380,0.4197,0.9427,-2.0073,18.5852,43.6524,322.6433,
247143674700,230.6516,0.4198,0.9426,-2.0074,18.5938,43.6718,322.6426,
247157672900,230.6657,0.4198,0.9426,-2.0074,18.6051,43.6908,322.6602,
247171450300,230.6797,0.4198,0.9426,-2.0075,18.6162,43.7103,322.6794,
247185509300,230.6935,0.4198,0.9425,-2.0076,18.6127,43.7349,322.7046,
247199545000,230.7076,0.4198,0.9425,-2.0077,18.6079,43.7605,322.7316,
247213175300,230.7214,0.4197,0.9426,-2.0077,18.6109,43.7985,322.7695,
247227635300,230.7357,0.4196,0.9427,-2.0078,18.6142,43.8486,322.8203,
247241504600,230.7495,0.4194,0.9428,-2.0078,18.6176,43.9146,322.8882,
247255074600,230.7632,0.4194,0.9429,-2.0078,18.6403,43.9194,322.9124,
247269024000,230.7770,0.4193,0.9431,-2.0079,18.6644,43.9227,322.9373,
247283339600,230.7914,0.4193,0.9430,-2.0079,18.6900,43.9074,322.9616,
247296956600,230.8050,0.4194,0.9430,-2.0079,18.7176,43.8886,322.9871,
247310614100,230.8188,0.4195,0.9431,-2.0081,18.7215,43.8822,322.9789,
247324746800,230.8328,0.4195,0.9431,-2.0082,18.7243,43.8745,322.9677,
247338840600,230.8468,0.4196,0.9432,-2.0084,18.7259,43.8655,322.9538,
247352383500,230.8606,0.4197,0.9432,-2.0084,18.7386,43.8587,322.9395,
247367148000,230.8751,0.4197,0.9432,-2.0085,18.7514,43.8510,322.9227,
247380451600,230.8885,0.4197,0.9433,-2.0087,18.7637,43.8466,322.8989,
247394472300,230.9026,0.4196,0.9433,-2.0090,18.7761,43.8417,322.8723,
247408929600,230.9170,0.4195,0.9434,-2.0093,18.7884,43.8364,322.8432,
247422589700,230.9306,0.4194,0.9436,-2.0095,18.7616,43.8474,322.8114,
247436639300,230.9447,0.4194,0.9438,-2.0097,18.7304,43.8598,322.7760,
247450322200,230.9585,0.4192,0.9440,-2.0100,18.7211,43.8613,322.7628,
247464372200,230.9725,0.4190,0.9443,-2.0103,18.7109,43.8627,322.7495,
247478544600,230.9865,0.4191,0.9444,-2.0105,18.6898,43.8729,322.7496,
247491936700,231.0002,0.4191,0.9446,-2.0106,18.6668,43.8838,322.7510,
247506191800,231.0143,0.4192,0.9447,-2.0108,18.6421,43.8955,322.7536,
247519582700,231.0277,0.4191,0.9448,-2.0110,18.6268,43.9129,322.7491,
247533738800,231.0419,0.4190,0.9449,-2.0113,18.6109,43.9314,322.7449,
247547927700,231.0560,0.4190,0.9448,-2.0115,18.5981,43.9529,322.7494,
247561636100,231.0697,0.4190,0.9448,-2.0116,18.5850,43.9757,322.7550,
247575668400,231.0839,0.4190,0.9447,-2.0118,18.5636,44.0121,322.7501,
247590100900,231.0981,0.4190,0.9446,-2.0119,18.5377,44.0567,322.7441,
247603595500,231.1117,0.4190,0.9446,-2.0121,18.5018,44.1197,322.7360,
247617350600,231.1255,0.4189,0.9442,-2.0124,18.4813,44.2180,322.7775,
247631046500,231.1393,0.4189,0.9438,-2.0128,18.4580,44.3379,322.8304,
247645517900,231.1536,0.4187,0.9429,-2.0135,18.3250,44.4789,322.8529,
247659157700,231.1672,0.4185,0.9419,-2.0142,18.1674,44.6418,322.8789,
247673334500,231.1814,0.4184,0.9410,-2.0148,17.9981,44.8127,322.9062,
247687368900,231.1954,0.4181,0.9398,-2.0153,17.7886,44.9017,322.8622,
247702931100,231.2110,0.4179,0.9387,-2.0158,17.5747,44.9881,322.8159,
247716737400,231.2248,0.4178,0.9384,-2.0162,17.2564,45.1086,322.7556,
247730131500,231.2384,0.4177,0.9381,-2.0166,16.9251,45.2295,322.6913,
247743851400,231.2519,0.4178,0.9375,-2.0169,16.7165,45.3081,322.7265,
247757919700,231.2660,0.4179,0.9369,-2.0172,16.5297,45.3757,322.7586,
247771332700,231.2795,0.4180,0.9362,-2.0175,16.3515,45.4379,322.7896,
247785171900,231.2932,0.4182,0.9355,-2.0178,16.3048,45.5197,322.8546,
247799068300,231.3072,0.4185,0.9347,-2.0181,16.2622,45.5948,322.9154,
247812644400,231.3208,0.4186,0.9343,-2.0183,16.2471,45.6221,322.9279,
247826507600,231.3346,0.4186,0.9340,-2.0185,16.2326,45.6486,322.9400,
247840303400,231.3484,0.4187,0.9337,-2.0186,16.2177,45.6761,322.9526,
247854178200,231.3624,0.4188,0.9336,-2.0187,16.2134,45.7419,322.9839,
247868345000,231.3764,0.4189,0.9335,-2.0188,16.2083,45.8425,323.0319,
247882191200,231.3903,0.4188,0.9332,-2.0188,16.1437,45.9895,323.1207,
247895446300,231.4036,0.4186,0.9328,-2.0188,16.0674,46.1607,323.2249,
247909843100,231.4180,0.4184,0.9326,-2.0188,15.9539,46.4121,323.4596,
247923723900,231.4318,0.4182,0.9325,-2.0187,15.8301,46.6813,323.7155,
247937223000,231.4453,0.4179,0.9323,-2.0187,15.7056,46.9468,323.9724,
247951307200,231.4596,0.4177,0.9322,-2.0187,15.5521,47.1363,324.1378,
247965342200,231.4735,0.4175,0.9322,-2.0187,15.4092,47.3091,324.2911,
247979492200,231.4875,0.4173,0.9322,-2.0186,15.3911,47.3512,324.3412,
247993001100,231.5013,0.4172,0.9322,-2.0184,15.3806,47.3759,324.3716,
248007077300,231.5151,0.4171,0.9322,-2.0183,15.3717,47.3969,324.3983,
248020687600,231.5287,0.4169,0.9324,-2.0183,15.3569,47.4177,324.4092,
248034798700,231.5430,0.4168,0.9325,-2.0182,15.3414,47.4391,324.4203,
248048549500,231.5567,0.4166,0.9325,-2.0182,15.3354,47.4636,324.4267,
248062353100,231.5705,0.4165,0.9326,-2.0182,15.3298,47.4889,324.4327,
248076570700,231.5846,0.4164,0.9326,-2.0182,15.3229,47.4965,324.4234,
248090184600,231.5983,0.4162,0.9326,-2.0181,15.3161,47.5030,324.4123,
248104510400,231.6126,0.4161,0.9326,-2.0181,15.3094,47.5084,324.3994,
248118576500,231.6267,0.4160,0.9327,-2.0179,15.2954,47.5112,324.3820,
248132282600,231.6405,0.4158,0.9327,-2.0178,15.2807,47.5130,324.3627,
248146440000,231.6544,0.4157,0.9329,-2.0175,15.2659,47.4843,324.3347,
248160112900,231.6682,0.4156,0.9331,-2.0171,15.2506,47.4518,324.3043,
248173802100,231.6821,0.4155,0.9334,-2.0167,15.2346,47.4152,324.2712,
248188195600,231.6963,0.4154,0.9342,-2.0153,15.2365,47.2636,324.2511,
248202076000,231.7101,0.4153,0.9350,-2.0138,15.2423,47.0265,324.2222,
248215706400,231.7240,0.4154,0.9357,-2.0109,15.1689,46.5045,324.1142,
248229909700,231.7380,0.4154,0.9364,-2.0083,15.0901,45.9302,323.9991,
248244140400,231.7522,0.4155,0.9369,-2.0062,15.0150,45.3714,323.8907,
248258219700,231.7663,0.4154,0.9375,-2.0034,14.7480,44.7155,323.6671,
248271279700,231.7795,0.4154,0.9380,-2.0011,14.4983,44.0962,323.4626,
248285310800,231.7934,0.4150,0.9385,-1.9976,14.2913,43.5393,323.1267,
248299259900,231.8074,0.4146,0.9390,-1.9947,14.0997,43.0244,322.8246,
248312913300,231.8211,0.4151,0.9385,-1.9922,13.9259,42.3316,322.5888,
248327214000,231.8353,0.4155,0.9381,-1.9900,13.7562,41.6662,322.3651,
248340630500,231.8487,0.4158,0.9379,-1.9879,13.5938,41.0389,322.1566,
248354445200,231.8627,0.4168,0.9378,-1.9855,13.5799,40.2166,322.1940,
248368445600,231.8765,0.4176,0.9377,-1.9831,13.5573,39.4157,322.2168,
248382500900,231.8905,0.4181,0.9383,-1.9818,13.7069,38.4255,322.2642,
248396292700,231.9044,0.4185,0.9388,-1.9804,13.8323,37.4923,322.2950,
248410139900,231.9184,0.4188,0.9387,-1.9795,14.0178,36.9757,322.5822,
248424389500,231.9323,0.4191,0.9387,-1.9785,14.1768,36.4826,322.8229,
248438298400,231.9464,0.4194,0.9386,-1.9774,14.3211,35.9931,323.0369,
248451947000,231.9602,0.4192,0.9385,-1.9769,14.3234,35.6580,323.1361,
248465809200,231.9739,0.4191,0.9384,-1.9763,14.3289,35.3218,323.2281,
248479976300,231.9881,0.4190,0.9382,-1.9757,14.3034,35.2272,323.3312,
248493786200,232.0021,0.4190,0.9380,-1.9749,14.2824,35.1255,323.4241,
248507968400,232.0160,0.4189,0.9378,-1.9741,14.2619,35.0035,323.5226,
248521658600,232.0297,0.4186,0.9369,-1.9734,14.2550,34.8994,323.6537,
248535557800,232.0437,0.4184,0.9359,-1.9725,14.2487,34.7710,323.7994,
248549680900,232.0578,0.4180,0.9351,-1.9718,14.2807,34.6982,323.8443,
248563398500,232.0715,0.4177,0.9343,-1.9711,14.3111,34.6243,323.8859,
248577448700,232.0855,0.4177,0.9332,-1.9706,14.3032,34.5352,323.9334,
248591093200,232.0993,0.4176,0.9322,-1.9700,14.2938,34.4276,323.9878,
248605241600,232.1133,0.4175,0.9312,-1.9694,14.2828,34.2987,324.0502,
248619476000,232.1276,0.4172,0.9306,-1.9693,14.2876,34.2241,324.0319,
248632953900,232.1412,0.4170,0.9302,-1.9692,14.2921,34.1521,324.0136,
248647254200,232.1553,0.4170,0.9300,-1.9690,14.2479,34.0386,323.9990,
248660955200,232.1691,0.4169,0.9298,-1.9688,14.1910,33.8944,323.9801,
248675074300,232.1833,0.4168,0.9296,-1.9686,14.1242,33.7268,323.9579,
248689019500,232.1971,0.4165,0.9294,-1.9681,14.1025,33.6641,323.9529,
248702752900,232.2108,0.4161,0.9291,-1.9676,14.0854,33.6151,323.9489,
248716690700,232.2248,0.4158,0.9296,-1.9673,14.0490,33.5643,323.9028,
248730782200,232.2391,0.4154,0.9302,-1.9668,14.0020,33.5002,323.8428,
248744546200,232.2526,0.4148,0.9309,-1.9664,13.9849,33.4787,323.8426,
248758541600,232.2666,0.4142,0.9317,-1.9659,13.9670,33.4569,323.8431,
248772360500,232.2806,0.4136,0.9324,-1.9654,13.9483,33.4349,323.8445,
248786660700,232.2948,0.4131,0.9331,-1.9655,13.9485,33.4055,323.8262,
248800307400,232.3084,0.4126,0.9337,-1.9657,13.9497,33.3751,323.8067,
248814136800,232.3223,0.4126,0.9338,-1.9657,13.9479,33.3497,323.7836,
248828205200,232.3363,0.4125,0.9340,-1.9657,13.9467,33.3239,323.7591,
248841906500,232.3500,0.4124,0.9341,-1.9657,13.9461,33.2979,323.7335,
248855647500,232.3639,0.4123,0.9341,-1.9658,13.9485,33.2818,323.7159,
248869946700,232.3780,0.4122,0.9342,-1.9658,13.9516,33.2663,323.6979,
248883672000,232.3918,0.4120,0.9343,-1.9659,13.9382,33.2682,323.6940,
248897908800,232.4059,0.4119,0.9344,-1.9659,13.9239,33.2722,323.6912,
248911353900,232.4196,0.4118,0.9344,-1.9657,13.9111,33.2517,323.6788,
248925872200,232.4339,0.4116,0.9345,-1.9656,13.8977,33.2305,323.6663,
248939964300,232.4481,0.4115,0.9346,-1.9655,13.8836,33.2087,323.6537,
248953391400,232.4617,0.4113,0.9346,-1.9654,13.8816,33.2076,323.6479,
248967317400,232.4754,0.4112,0.9346,-1.9653,13.8801,33.2078,323.6426,
248981246700,232.4893,0.4110,0.9345,-1.9652,13.8756,33.1978,323.6483,
248994919700,232.5032,0.4109,0.9345,-1.9650,13.8712,33.1880,323.6555,
249008866500,232.5170,0.4108,0.9345,-1.9649,13.8671,33.1782,323.6642,
249023016900,232.5311,0.4107,0.9344,-1.9648,13.8657,33.1689,323.6801,
249037110700,232.5452,0.4106,0.9343,-1.9647,13.8648,33.1597,323.6979,
249050786500,232.5590,0.4105,0.9344,-1.9646,13.8625,33.1586,323.7116,
249064905400,232.5730,0.4105,0.9344,-1.9644,13.8604,33.1583,323.7264,
249078875300,232.5869,0.4104,0.9344,-1.9642,13.8791,33.1471,323.7365,
249092771400,232.6009,0.4102,0.9344,-1.9639,13.8999,33.1354,323.7471,
249106621300,232.6147,0.4100,0.9344,-1.9635,13.9229,33.1235,323.7582,
249120594900,232.6287,0.4099,0.9345,-1.9633,13.9281,33.1113,323.7423,
249134665500,232.6430,0.4098,0.9346,-1.9632,13.9335,33.0989,323.7244,
249148925700,232.6570,0.4097,0.9346,-1.9629,13.9286,33.0844,323.7060,
249162594000,232.6707,0.4095,0.9346,-1.9625,13.9230,33.0694,323.6859,
249176298400,232.6844,0.4092,0.9348,-1.9622,13.9119,33.0589,323.6803,
249189772600,232.6981,0.4090,0.9349,-1.9619,13.8997,33.0484,323.6749,
249203877900,232.7119,0.4087,0.9351,-1.9616,13.8863,33.0381,323.6695,
249218197700,232.7263,0.4084,0.9352,-1.9614,13.8936,33.0327,323.6810,
249231981600,232.7402,0.4082,0.9353,-1.9613,13.9018,33.0279,323.6940,
249246246300,232.7543,0.4079,0.9354,-1.9612,13.9109,33.0236,323.7086,
249259664600,232.7677,0.4077,0.9354,-1.9611,13.9406,32.9976,323.7245,
249273737600,232.7820,0.4076,0.9355,-1.9611,13.9729,32.9702,323.7419,
249287712900,232.7959,0.4074,0.9356,-1.9611,14.0237,32.9607,323.7480,
249301746800,232.8099,0.4072,0.9357,-1.9611,14.0940,32.9492,323.7561,
249315232600,232.8235,0.4070,0.9358,-1.9612,14.1612,32.9355,323.7592,
249329622800,232.8378,0.4067,0.9359,-1.9613,14.2356,32.9217,323.7621,
249343560000,232.8516,0.4061,0.9358,-1.9612,14.2768,32.9062,323.7751,
249357210300,232.8654,0.4054,0.9357,-1.9610,14.3141,32.8925,323.7874,
249371450400,232.8796,0.4046,0.9355,-1.9609,14.3509,32.8791,323.8000,
249385519400,232.8937,0.4039,0.9353,-1.9609,14.3667,32.8965,323.8047,
249398980800,232.9071,0.4032,0.9351,-1.9609,14.3817,32.9164,323.8094,
249412976300,232.9213,0.4025,0.9352,-1.9607,14.3788,32.9104,323.7799,
249427086700,232.9351,0.4020,0.9353,-1.9605,14.3734,32.9041,323.7471,
249441028700,232.9491,0.4014,0.9354,-1.9602,14.3657,32.8974,323.7111,
249454431600,232.9627,0.4011,0.9354,-1.9601,14.3761,32.9049,323.6908,
249468707900,232.9768,0.4009,0.9354,-1.9601,14.3861,32.9133,323.6693,
249482708900,232.9908,0.4006,0.9355,-1.9601,14.3772,32.9079,323.6350,
249496658400,233.0048,0.4003,0.9355,-1.9602,14.3662,32.9020,323.5985,
249510267500,233.0185,0.4000,0.9355,-1.9604,14.3530,32.9108,323.5466,
249524526000,233.0326,0.3997,0.9355,-1.9606,14.3313,32.9251,323.4681,
249538872700,233.0469,0.3994,0.9355,-1.9608,14.3020,32.9438,323.3698,
249552517400,233.0608,0.3992,0.9356,-1.9613,14.2845,33.0010,323.3086,
249566005800,233.0741,0.3989,0.9357,-1.9618,14.2647,33.0644,323.2445,
249580140500,233.0882,0.3988,0.9359,-1.9622,14.2578,33.0804,323.1924,
249593750100,233.1020,0.3986,0.9360,-1.9626,14.2513,33.0945,323.1467,
249608243200,233.1164,0.3985,0.9361,-1.9629,14.2448,33.1082,323.1023,
249622195900,233.1302,0.3985,0.9361,-1.9631,14.2283,33.1611,323.0585,
249635975800,233.1443,0.3985,0.9362,-1.9633,14.2078,33.2263,323.0073,
249649797100,233.1579,0.3985,0.9362,-1.9635,14.2024,33.2465,323.0070,
249664380200,233.1725,0.3985,0.9361,-1.9637,14.1968,33.2675,323.0087,
249678000600,233.1862,0.3986,0.9361,-1.9640,14.1945,33.3003,323.0096,
249692200800,233.2005,0.3988,0.9360,-1.9644,14.1923,33.3349,323.0121,
249705984600,233.2140,0.3989,0.9360,-1.9647,14.1903,33.3712,323.0163,
249719910900,233.2281,0.3989,0.9359,-1.9650,14.2056,33.4321,323.0496,
249733474600,233.2417,0.3989,0.9359,-1.9654,14.2305,33.5255,323.1043,
249747867800,233.2559,0.3989,0.9359,-1.9655,14.2816,33.6975,323.2051,
249761643100,233.2697,0.3989,0.9358,-1.9656,14.3434,33.9002,323.3291,
249775218500,233.2835,0.3989,0.9358,-1.9658,14.4106,34.1149,323.4654,
249789023300,233.2971,0.3989,0.9359,-1.9664,14.6685,34.3799,323.5921,
249803221900,233.3113,0.3989,0.9359,-1.9672,14.9471,34.6603,323.7311,
249817290500,233.3253,0.3990,0.9370,-1.9693,15.1937,35.0228,323.8130,
249831100800,233.3393,0.3992,0.9380,-1.9713,15.4340,35.3716,323.8949,
249845411600,233.3534,0.3993,0.9390,-1.9731,15.6628,35.6998,323.9746,
249859241800,233.3673,0.3994,0.9394,-1.9735,15.7054,35.9228,324.0367,
249872798900,233.3810,0.3995,0.9397,-1.9737,15.7453,36.1186,324.0921,
249886923200,233.3950,0.3995,0.9397,-1.9739,15.8528,36.6080,324.3987,
249900592200,233.4087,0.3996,0.9397,-1.9740,15.9717,37.1483,324.7386,
249914484400,233.4227,0.3995,0.9396,-1.9741,15.9506,37.5997,325.0538,
249928628000,233.4366,0.3995,0.9395,-1.9743,15.9317,38.0215,325.3488,
249942337100,233.4505,0.3995,0.9393,-1.9744,15.9147,38.4198,325.6277,
249956498400,233.4645,0.3994,0.9390,-1.9748,15.7845,38.7541,325.6944,
249970932200,233.4792,0.3993,0.9386,-1.9754,15.6617,39.0808,325.7639,
249984563100,233.4925,0.3990,0.9375,-1.9766,15.6714,39.2600,325.8550,
249998426800,233.5065,0.3988,0.9364,-1.9778,15.6805,39.4258,325.9404,
250012044900,233.5203,0.3985,0.9356,-1.9792,15.6215,39.7435,325.9363,
250026196800,233.5343,0.3983,0.9349,-1.9804,15.5537,40.1134,325.9336,
250040283900,233.5482,0.3981,0.9343,-1.9814,15.4828,40.5056,325.9327,
250053868400,233.5621,0.3980,0.9336,-1.9827,15.4506,40.8674,325.8979,
250067943200,233.5761,0.3978,0.9331,-1.9839,15.4191,41.2229,325.8658,
250081889200,233.5900,0.3976,0.9328,-1.9849,15.3709,41.6023,325.8887,
250096733800,233.6047,0.3974,0.9326,-1.9858,15.3231,41.9786,325.9120,
250109861700,233.6181,0.3972,0.9324,-1.9867,15.1912,42.5337,325.8423,
250123692700,233.6318,0.3970,0.9322,-1.9875,15.0579,43.1001,325.7715,
250137637200,233.6458,0.3967,0.9320,-1.9884,14.9307,43.6460,325.7036,
250151236600,233.6594,0.3966,0.9319,-1.9890,14.8265,44.0885,325.4888,
250165213700,233.6733,0.3965,0.9319,-1.9895,14.7283,44.5142,325.2894,
250179248000,233.6874,0.3963,0.9318,-1.9901,14.6350,44.9262,325.1020,
250192922000,233.7012,0.3963,0.9318,-1.9912,14.5256,45.7010,324.5308,
250206967300,233.7150,0.3962,0.9317,-1.9924,14.4230,46.4632,323.9839,
250221067200,233.7292,0.3963,0.9321,-1.9932,14.3775,47.1369,323.4232,
250234836600,233.7431,0.3964,0.9324,-1.9939,14.3374,47.7474,322.9307,
250248761700,233.7569,0.3964,0.9327,-1.9948,14.4444,47.9519,322.7850,
250263173500,233.7712,0.3963,0.9330,-1.9958,14.5241,48.1374,322.6568,
250276771000,233.7849,0.3962,0.9332,-1.9963,14.6853,48.2635,322.8276,
250290877300,233.7991,0.3961,0.9334,-1.9968,14.8959,48.4489,323.0443,
250304848600,233.8129,0.3960,0.9336,-1.9974,15.1469,48.6923,323.2965,
250318823700,233.8269,0.3960,0.9337,-1.9977,15.5407,48.7576,323.8226,
250332498300,233.8408,0.3960,0.9338,-1.9981,15.9536,48.8514,324.3687,
250346392200,233.8545,0.3956,0.9340,-1.9988,16.2367,48.6598,325.0584,
250360342100,233.8685,0.3953,0.9343,-1.9997,16.5090,48.5007,325.7067,
250374386700,233.8826,0.3949,0.9345,-2.0006,16.7598,48.3746,326.2922,
250388410200,233.8964,0.3947,0.9347,-2.0012,16.8141,48.5182,326.5409,
250402245100,233.9104,0.3945,0.9349,-2.0018,16.8630,48.6348,326.7487,
250415863400,233.9241,0.3937,0.9350,-2.0024,16.8742,48.6362,326.7438,
250430155200,233.9382,0.3929,0.9350,-2.0030,16.8879,48.6385,326.7408,
250443810000,233.9520,0.3921,0.9351,-2.0037,16.9040,48.6415,326.7398,
250458080300,233.9662,0.3909,0.9353,-2.0045,16.9229,48.6810,326.6984,
250471672700,233.9799,0.3898,0.9354,-2.0053,16.9689,48.7751,326.6041,
250485762000,233.9938,0.3894,0.9350,-2.0055,16.9706,48.9860,326.2936,
250499780200,234.0079,0.3889,0.9346,-2.0057,16.9745,49.2368,325.9314,
250513486600,234.0217,0.3883,0.9344,-2.0058,16.8226,49.9150,324.9875,
250527401500,234.0355,0.3876,0.9343,-2.0059,16.6874,50.5632,324.0961,
250541399000,234.0495,0.3869,0.9341,-2.0061,16.5790,51.1195,323.3396,
250555064900,234.0633,0.3865,0.9337,-2.0059,16.7263,51.9275,323.1747,
250569258300,234.0773,0.3860,0.9334,-2.0057,16.8461,52.6287,323.0068,
250583265200,234.0913,0.3856,0.9330,-2.0055,17.0090,53.2430,323.0251,
250597576500,234.1056,0.3852,0.9326,-2.0053,17.1514,53.8142,323.0185,
250611045600,234.1193,0.3846,0.9323,-2.0051,17.1069,54.1505,323.0847,
250624984700,234.1331,0.3840,0.9320,-2.0049,17.0684,54.4689,323.1298,
250639009800,234.1471,0.3834,0.9316,-2.0046,17.0315,54.7987,323.1626,
250652765500,234.1609,0.3826,0.9315,-2.0050,16.9377,55.0134,323.2124,
250666807500,234.1750,0.3817,0.9314,-2.0053,16.8463,55.2382,323.2541,
250680659500,234.1888,0.3807,0.9320,-2.0061,16.4508,55.3055,323.0824,
250694643900,234.2029,0.3798,0.9326,-2.0070,15.9595,55.4058,322.8605,
250708874900,234.2169,0.3788,0.9331,-2.0079,15.4395,55.5284,322.6171,
250722469100,234.2305,0.3783,0.9340,-2.0091,14.8049,55.5839,322.0229,
250736401400,234.2444,0.3779,0.9348,-2.0103,14.1948,55.6591,321.4503,
250750197800,234.2584,0.3783,0.9360,-2.0112,13.1062,55.8716,320.5631,
250764391000,234.2724,0.3786,0.9371,-2.0121,12.1347,56.0884,319.7634,
250778320000,234.2864,0.3787,0.9388,-2.0125,11.3965,56.2678,318.9827,
250791934300,234.3002,0.3787,0.9404,-2.0129,10.7487,56.4417,318.3023,
250805959700,234.3141,0.3787,0.9418,-2.0133,10.1601,56.6127,317.6872,
250819962000,234.3280,0.3775,0.9452,-2.0129,9.8063,56.3788,317.7788,
250833561000,234.3418,0.3763,0.9483,-2.0127,9.4526,56.1844,317.8233,
250847947500,234.3561,0.3751,0.9519,-2.0119,9.5854,55.9727,317.9946,
250861773100,234.3698,0.3741,0.9549,-2.0113,9.7653,55.6534,318.2338,
250875662700,234.3838,0.3733,0.9601,-2.0106,10.1393,55.5833,318.5487,
250889802500,234.3979,0.3726,0.9643,-2.0102,10.5121,55.5223,318.8589,
250903208900,234.4113,0.3720,0.9678,-2.0098,10.8520,55.4745,319.1384,
250917343000,234.4254,0.3727,0.9680,-2.0090,11.7465,55.5869,319.5615,
250931460200,234.4396,0.3732,0.9683,-2.0084,12.5974,55.7114,319.9588,
250945221000,234.4534,0.3737,0.9695,-2.0082,13.0860,55.8486,319.8300,
250959374000,234.4675,0.3742,0.9709,-2.0079,13.5072,55.9718,319.7180,
250973179000,234.4814,0.3746,0.9726,-2.0077,13.9009,56.0907,319.6126,
250987273700,234.4953,0.3747,0.9726,-2.0075,14.3258,56.0094,319.3469,
251001040400,234.5091,0.3747,0.9727,-2.0074,14.7557,55.9348,319.0804,
251014876800,234.5231,0.3747,0.9727,-2.0073,14.8933,55.8891,319.0101,
251028921300,234.5370,0.3746,0.9728,-2.0072,15.0064,55.8562,318.9529,
251042974600,234.5509,0.3745,0.9730,-2.0070,15.1155,55.8280,318.8981,
251056859500,234.5649,0.3737,0.9745,-2.0065,15.3078,55.8549,318.8990,
251070515700,234.5788,0.3727,0.9763,-2.0058,15.5408,55.8891,318.8982,
251084855000,234.5930,0.3720,0.9789,-2.0056,16.0162,56.2566,319.0010,
251098850800,234.6069,0.3714,0.9814,-2.0053,16.5564,56.6772,319.1188,
251112401400,234.6206,0.3708,0.9836,-2.0051,17.0887,57.0948,319.2365,
251126438900,234.6344,0.3691,0.9901,-2.0101,16.4793,59.3295,319.0834,
251139944000,234.6480,0.3678,0.9953,-2.0138,15.9296,61.4958,318.9175,
251153834900,234.6620,0.3643,1.0086,-2.0262,8.3144,65.7776,315.6485,
251167913800,234.6760,0.3617,1.0187,-2.0353,3.7981,68.7469,313.3730,
251181862500,234.6899,0.3551,1.0367,-2.0524,358.7111,72.5558,313.7108,
251195573600,234.7039,0.3501,1.0507,-2.0654,355.5461,75.0168,313.4598,
251209926000,234.7180,0.3409,1.0769,-2.0829,349.0336,79.3919,315.3134,
251223425500,234.7316,0.3337,1.0976,-2.0968,345.1523,82.0441,315.8440,
251237900100,234.7460,0.3278,1.1148,-2.1087,342.4890,83.9613,315.8766,
251251450500,234.7598,0.3151,1.1326,-2.1215,336.8644,90.9133,319.7017,
251265726500,234.7738,0.3050,1.1483,-2.1328,333.4729,94.6768,321.1576,
251279608000,234.7878,0.2938,1.1605,-2.1477,332.3296,101.0660,329.5256,
251292823200,234.8011,0.2844,1.1726,-2.1608,331.0665,104.2683,333.1868,
251307568700,234.8156,0.2761,1.1845,-2.1727,329.9483,106.2701,335.1093,
251321737000,234.8298,0.2758,1.1811,-2.1811,328.1192,112.6882,335.5319,
251334706600,234.8430,0.2738,1.1819,-2.1898,326.7805,116.5566,335.8820,
251349248700,234.8574,0.2772,1.1712,-2.2053,327.0446,119.8923,339.7113,
251363000500,234.8712,0.2781,1.1660,-2.2192,326.7786,122.2521,341.9748,
251376505400,234.8846,0.2776,1.1643,-2.2320,326.3132,124.1298,343.5088,
251390432400,234.8988,0.2757,1.1602,-2.2434,332.9246,125.2172,347.2040,
251404834900,234.9130,0.2734,1.1587,-2.2546,336.6120,126.6193,349.7623,
251418425600,234.9265,0.2726,1.1575,-2.2605,341.2266,127.0908,354.0290,
251432549000,234.9408,0.2712,1.1577,-2.2678,343.8052,127.9642,356.7586,
251446639600,234.9548,0.2723,1.1562,-2.2706,347.9005,128.0216,358.8725,
251460589500,234.9687,0.2724,1.1560,-2.2752,350.5909,128.5285,0.6284,
251474207000,234.9825,0.2717,1.1565,-2.2814,352.6033,129.2316,2.2240,
251488523000,234.9967,0.2734,1.1551,-2.2805,352.0107,128.4960,2.5552,
251502534700,235.0107,0.2745,1.1543,-2.2809,351.7642,128.0850,3.0277,
251515811000,235.0242,0.2783,1.1501,-2.2791,350.9658,127.1879,2.5670,
251529877000,235.0380,0.2811,1.1469,-2.2792,350.2573,126.3194,2.2914,
251543864900,235.0519,0.2856,1.1443,-2.2768,348.7440,124.3587,0.9320,
251557744000,235.0659,0.2885,1.1426,-2.2765,347.7403,122.9727,0.1404,
251571685600,235.0800,0.2904,1.1416,-2.2771,347.1418,122.0486,359.7416,
251585995700,235.0942,0.2941,1.1383,-2.2767,347.5024,121.2983,359.3928,
251599870000,235.1079,0.2970,1.1358,-2.2773,347.8060,120.6903,359.1732,
251613434700,235.1218,0.3001,1.1318,-2.2779,349.0992,119.6325,358.9909,
251627649200,235.1359,0.3027,1.1288,-2.2791,350.3256,118.6128,358.8455,
251641610200,235.1498,0.3048,1.1264,-2.2806,351.3940,117.7120,358.7413,
251655372600,235.1637,0.3069,1.1226,-2.2816,352.0975,116.7582,358.6139,
251669323700,235.1776,0.3088,1.1194,-2.2829,352.7485,115.9147,358.5177,
251683251400,235.1915,0.3088,1.1199,-2.2826,353.3353,115.5007,358.4145,
251697149300,235.2054,0.3088,1.1200,-2.2825,353.8996,115.0791,358.3292,
251711134200,235.2194,0.3095,1.1207,-2.2819,354.6110,114.6806,358.3420,
251725673200,235.2339,0.3106,1.1216,-2.2812,355.3492,114.2401,358.3495,
251739345200,235.2476,0.3118,1.1223,-2.2808,356.0954,113.7735,358.3506,
251752906900,235.2613,0.3130,1.1230,-2.2799,356.6485,112.9376,358.2570,
251767550500,235.2757,0.3142,1.1235,-2.2792,357.2288,112.1167,358.1635,
251781314100,235.2895,0.3155,1.1242,-2.2783,357.4758,111.5327,358.3429,
251795366900,235.3037,0.3167,1.1248,-2.2776,357.7560,110.9669,358.4922,
251809126600,235.3173,0.3179,1.1252,-2.2772,358.0733,110.3898,358.6245,
251823335300,235.3313,0.3184,1.1249,-2.2773,358.1702,110.2664,358.6523,
251836720200,235.3449,0.3189,1.1247,-2.2774,358.2731,110.1393,358.6747,
251850294300,235.3587,0.3190,1.1244,-2.2781,358.3052,110.1766,358.6862,
251864916000,235.3731,0.3193,1.1239,-2.2790,358.3575,110.2189,358.7023,
251878573200,235.3866,0.3195,1.1228,-2.2812,358.5818,110.5582,358.8430,
251892537500,235.4009,0.3198,1.1217,-2.2833,358.9049,110.9880,359.0353,
251906845800,235.4150,0.3202,1.1208,-2.2853,359.2607,111.4090,359.2385,
251920508600,235.4287,0.3199,1.1199,-2.2870,359.7096,112.0686,359.5439,
251934423100,235.4427,0.3197,1.1190,-2.2886,0.1475,112.6637,359.8353,
251948387500,235.4566,0.3191,1.1184,-2.2906,0.3586,113.2099,0.1432,
251962064700,235.4702,0.3187,1.1178,-2.2924,0.5633,113.6821,0.4192,
